3635 1465 0.0 0.0 0.0 0.0 0.0 0.0 0.0 0.0 0.0 0.0 0.0 0.0 0.0 0.0 0.0 0.0 0.0 0.0 0.0 0.0 0.0 0.0 0.0 0.0 0.0 0.0 0.0 0.0 0.0 0.0 0.0 0.0 0.0 0.0 0.0 0.0 0.0 0.0 0.0 0.0 0.0 0.0 0.0 0.0
3495 1525 0.0 0.0 0.0 0.0 0.0 0.0 0.0 0.0 0.0 0.0 0.0 0.0 0.0 0.0 0.0 0.0 0.0 0.0 0.0 0.0 0.0 0.0 0.0 0.0 0.0 0.0 0.0 0.0 0.0 0.0 0.0 0.0 0.0 0.0 0.0 0.0 0.0 0.0 0.0 0.0 0.0 0.0 0.0 0.0
3575 1545 0.0 0.0 0.0 0.0 0.0 0.0 0.0 0.0 0.0 0.0 0.0 0.0 0.0 0.0 0.0 0.0 0.0 0.0 0.0 0.0 0.0 0.0 0.0 0.0 0.0 0.0 0.0 0.0 0.0 0.0 0.0 0.0 0.0 0.0 0.0 0.0 0.0 0.0 0.0 0.0 0.0 0.0 0.0 0.0
3455 1525 0.0 0.09464854 0.12299151 0.044632606 0.05293848 0.0 0.0 0.002850496 0.0 0.55439687 0.0 0.0 0.034152124 0.0 0.0 0.0 0.051562093 0.0 0.0 0.0 0.0 0.0 0.0 0.0 0.0 0.0 0.0 0.0 0.29793498 0.29394704 0.0 0.01425248 0.0 0.0 0.0 0.27877238 0.27425393 0.0062710913 0.0 0.0 0.0 0.0 0.0 0.0
2940 1400 0.00089181133 0.0 0.012906303 0.008141463 0.0410072 0.0049110106 0.0 0.0 1.5038767e-05 0.0033341413 0.06333792 0.0 8.219182e-05 0.4331252 0.0035776277 0.0 0.3598843 0.0 0.0035776277 4.5116303e-05 0.0021865193 0.0 0.45199186 0.04648666 0.00021153287 0.0031561495 0.0 0.010296406 0.0033395237 0.0 0.0035776277 0.0 0.0 0.008424143 0.0060684853 0.0 0.0 0.0 0.0 0.0 0.030380022 0.010625187 0.0 0.0
3535 1545 0.0 0.0 0.0 0.0 0.0 0.0 0.0 0.0 0.0 0.0 0.0 0.0 0.0 0.0 0.0 0.0 0.0 0.0 0.0 0.0 0.0 0.0 0.0 0.0 0.0 0.0 0.0 0.0 0.0 0.0 0.0 0.0 0.0 0.0 0.0 0.0 0.0 0.0 0.0 0.0 0.0 0.0 0.0 0.0
3340 1480 0.0 0.10447129 0.13287316 0.024308318 0.026298622 0.008499013 0.009968185 0.19633415 0.0 0.50865513 0.0 0.0 0.003927229 0.0 0.0 0.0 0.027041186 0.0 0.0 0.0 0.0 0.0 0.0 0.0 0.0 0.0 0.0 0.0 0.34803236 0.12346614 0.0 0.4016869 0.0 0.0 0.0 0.3323416 0.27560985 0.2085326 0.0022878991 0.0 0.0 0.0 0.0 0.0
3655 1525 0.0 0.0 0.0 0.0 0.0 0.0 0.0 0.0 0.0 0.0 0.0 0.0 0.0 0.0 0.0 0.0 0.0 0.0 0.0 0.0 0.0 0.0 0.0 0.0 0.0 0.0 0.0 0.0 0.0 0.0 0.0 0.0 0.0 0.0 0.0 0.0 0.0 0.0 0.0 0.0 0.0 0.0 0.0 0.0
2900 1400 0.00041515438 0.0 0.0 0.0015281241 0.007977302 0.010097428 0.0 0.0 0.0014568908 0.003174016 0.05239242 0.0 0.0 0.28506052 0.0 0.0 0.45540512 0.0 0.0 0.0 0.0 0.0 0.3777052 0.0016171827 0.0 0.0 0.0 0.002490926 0.0009883409 0.0 0.0 0.0 0.0 0.0027698486 0.000658894 0.0 0.0 0.0 0.0 0.0 0.0 0.0 0.0 0.0
3320 1520 0.0 0.17753363 0.20573847 0.023308909 0.06892312 0.0029110531 0.0045356248 0.081559844 0.0 0.47095576 0.0 0.0 0.0012750393 0.0 0.0 0.0 0.019690087 0.0 0.0 0.0 0.0 0.0 0.0 0.0 0.0 0.0 0.0 0.0 0.1420493 0.2508533 0.0 0.16995177 0.0 0.0 0.0 0.24343383 0.3119209 0.1762695 0.035634283 0.0 0.0 0.0 0.0 0.0
3120 1440 0.168045 0.003817635 0.0979254 0.16523018 0.32387054 0.007824778 0.020463863 0.0 0.07051683 0.3627878 0.0 0.0034215162 0.023484256 0.04694507 0.0 0.028839998 0.14182094 0.0 0.020344034 0.0 0.043141473 0.2264227 0.0 0.03245754 0.01767071 0.03039702 0.31926405 0.10123812 0.0 0.0057264525 0.0012363916 0.16069767 0.020338101 0.013593153 0.23726718 0.038421996 0.0057264525 0.0 0.0009616378 0.09964032 0.0 0.0 0.050953683 0.13360775
3300 1480 0.0 0.19401379 0.21262285 0.024031019 0.08248937 0.0041215527 0.0 0.013075398 0.0 0.44209903 0.0 0.0 0.004200904 0.0 0.0 0.0 0.024745826 0.0 0.0 0.0 7.6824945e-05 0.0 0.0 0.0 0.0 0.0 0.0 0.0 0.070754014 0.27811453 0.0 0.06351448 0.0 0.0 0.0 0.21452397 0.30004612 0.1326892 0.053877022 0.0 0.0 0.0 0.0 0.0
2880 1440 0.00078474067 0.0014129088 0.006376121 0.0031250862 0.04240901 0.00615916 0.0 0.0 0.007453115 0.03469989 0.07121609 0.0 0.00023902064 0.19699815 0.0 0.0 0.3695348 0.0 0.0 0.0 0.0 0.0 0.2988588 0.0 0.0 0.0 0.0 0.004708444 0.0 0.0 0.0 0.0 0.0 0.0025975497 0.0008604742 0.0 0.0 0.0 0.0 0.0 0.0 0.0 0.0 0.0
3240 1420 0.0025623864 0.021197615 0.1029643 0.066741474 0.10718526 0.00087583764 0.0014590754 0.0 0.0024318155 0.53068566 0.0 0.0 0.005141209 0.0 0.004794105 0.0 0.003250667 0.0045856657 0.0 0.0 0.028826743 0.00312659 0.0 0.0013137565 0.0 0.0 0.0049922746 0.010119035 0.0056886664 0.047182675 0.0 0.17395177 0.0 0.009026468 0.050924473 0.16286679 0.05518499 0.0 0.013118674 0.024607476 0.0 0.0 0.0 0.080726795
3280 1520 0.0004753656 0.16397724 0.14200409 0.018073091 0.10424112 0.0 0.0 0.0 0.0 0.4975841 0.0 0.0 0.015697986 0.0 0.0 0.0 0.009230368 0.0 0.0 0.0 0.0 0.0 0.0 0.0 0.0 0.0 0.0 0.0 0.01961453 0.16569297 0.0 0.1309765 0.0 0.0 0.0014260968 0.11438976 0.23391283 0.05327939 0.10804728 0.0 0.0 0.0 0.0 0.0
3000 1420 0.01845056 0.0 0.19605105 0.02294803 0.23076537 0.054593507 0.0074739372 0.0 0.0022438613 0.045766555 0.051143292 0.0 0.009804089 0.07092897 0.121303506 0.010655624 0.3092495 0.03835791 0.22675656 0.007896919 0.022381313 0.0018430096 0.24822189 0.05276791 0.011141214 0.015196623 0.00072432664 0.019206118 0.00091944117 0.0 0.20338665 0.02764731 0.0 0.054294832 0.03271106 0.0 0.0 0.0 0.0021501777 0.00065189396 0.24042246 0.16625786 0.0 0.0043748193
3080 1440 0.02532534 0.0 0.09267716 0.09537858 0.38483214 0.0032138121 0.0057252264 0.0 0.049442623 0.37598822 0.00063246296 0.00022787345 0.033940524 0.0040737293 0.00066759984 0.002082945 0.004950419 0.0007027366 0.011614114 0.0011109042 0.052465387 0.010007144 0.0005270525 0.024684967 0.002343534 0.0128318 0.29172093 0.3533518 0.0 0.0 0.009770365 0.30854088 0.0 0.015711188 0.2937025 0.07591094 0.0 0.0 0.0063031185 0.011428903 0.0005621893 0.0 0.00711236 0.10075483
3360 1400 0.0 0.03482796 0.021607867 0.026399124 0.04428362 0.0103421975 0.02798997 0.18993695 0.0 0.6534708 0.0 0.0 0.034780953 0.0 0.0 0.0 0.030340925 0.0 0.0 0.0 0.0 0.0 0.0 0.0 0.0 0.0 0.0 0.0 0.18954088 0.11618777 0.0 0.51590353 0.0 0.0 0.0 0.32744694 0.085518114 0.011730726 0.0010511115 0.0 0.0 0.0 0.0 0.0
3440 1420 0.0 0.14358783 0.06785794 0.06483096 0.052993722 0.0 0.0 0.00029313698 0.0 0.58649373 0.0 0.0 0.001073003 0.0 0.0 0.0 0.100611955 0.0 0.0 0.0 0.0 0.0 0.0 0.0 0.0 0.0 0.0 0.0 0.016424071 0.42903993 0.0 0.003879566 0.0 0.0 0.0 0.35309264 0.4685298 0.00064490136 0.0 0.0 0.0 0.0 0.0 0.0
3575 1465 0.0 0.0 0.0 0.0 0.0 0.0 0.0 0.0 0.0 0.0 0.0 0.0 0.0 0.0 0.0 0.0 0.0 0.0 0.0 0.0 0.0 0.0 0.0 0.0 0.0 0.0 0.0 0.0 0.0 0.0 0.0 0.0 0.0 0.0 0.0 0.0 0.0 0.0 0.0 0.0 0.0 0.0 0.0 0.0
3200 1420 0.031726733 0.06943924 0.110513344 0.1271525 0.27611068 0.01679032 0.029297138 0.0 0.031401843 0.5870802 0.0 0.0 0.013289607 0.0 0.06512488 0.010068806 0.0036126175 0.062293362 0.0 0.0 0.021478193 0.06557774 0.0 0.02236309 0.0040973835 0.006924832 0.09402936 0.14524072 0.0 0.011741791 0.0 0.57674843 0.0011516765 0.07968669 0.09545288 0.0835699 0.039804906 0.0 0.0 0.14119431 0.0 0.0 0.0032112156 0.008816926
3535 1465 0.0 0.0 0.0 0.0 0.0 0.0 0.0 0.0 0.0 0.0 0.0 0.0 0.0 0.0 0.0 0.0 0.0 0.0 0.0 0.0 0.0 0.0 0.0 0.0 0.0 0.0 0.0 0.0 0.0 0.0 0.0 0.0 0.0 0.0 0.0 0.0 0.0 0.0 0.0 0.0 0.0 0.0 0.0 0.0
3400 1420 0.0 0.16446172 0.09240559 0.02101205 0.0422651 0.0017856294 0.0073230765 0.06519026 0.0 0.68955415 0.0 0.0 0.03778322 0.0 0.0 0.0 0.055844683 0.0 0.0 0.0 0.0 0.0 0.0 0.0 0.0 0.0 0.0 0.0 0.43891433 0.29622445 0.0 0.15464418 0.0 0.0 0.0 0.3210186 0.30593586 0.11714078 0.0 0.0 0.0 0.0 0.0 0.0
3515 1505 0.0 0.0 0.0 0.0 0.0 0.0 0.0 0.0 0.0 0.0 0.0 0.0 0.0 0.0 0.0 0.0 0.0 0.0 0.0 0.0 0.0 0.0 0.0 0.0 0.0 0.0 0.0 0.0 0.0 0.0 0.0 0.0 0.0 0.0 0.0 0.0 0.0 0.0 0.0 0.0 0.0 0.0 0.0 0.0
3040 1480 0.121032745 0.0 0.11691006 0.044295244 0.36476785 0.07397239 0.13634323 0.0 0.035188038 0.3839347 0.0022475543 0.0 0.01510429 0.043648046 0.03005844 0.22123453 0.07024717 0.03149587 0.028360762 0.0868573 0.11325174 0.013423554 0.0025488904 0.04163533 0.0015449283 0.20417124 0.14409603 0.23585129 0.0 0.0 0.19107333 0.34968945 0.0 0.008360253 0.06987124 0.001572517 0.0 0.0 0.015660811 0.12706184 0.002725749 0.038931306 0.0021796657 0.13292047
3320 1440 0.0 0.15367709 0.045305144 0.0361127 0.09407192 0.061565883 0.0053694844 0.035808418 0.0 0.60534495 0.0 0.0 0.0038358031 0.0 0.0 0.0 0.1248395 0.0 0.0 0.0 0.0 0.0 0.0 0.0 0.0 0.0 0.0 0.0 0.30955586 0.26887244 0.0 0.33369762 0.0 0.0 0.0 0.24837871 0.2770322 0.049459156 0.020758819 0.0 0.0 0.0 0.0 0.0
3635 1485 0.0 0.0 0.0 0.0 0.0 0.0 0.0 0.0 0.0 0.0 0.0 0.0 0.0 0.0 0.0 0.0 0.0 0.0 0.0 0.0 0.0 0.0 0.0 0.0 0.0 0.0 0.0 0.0 0.0 0.0 0.0 0.0 0.0 0.0 0.0 0.0 0.0 0.0 0.0 0.0 0.0 0.0 0.0 0.0
3160 1460 0.1271227 0.04880389 0.09594357 0.1710537 0.25531557 0.05632016 0.091524564 0.0 0.037315518 0.5187773 0.0 0.00026886456 0.030225616 0.0022674664 0.033935912 0.08962443 0.11142266 0.03246044 0.000568746 0.0 0.08899737 0.26810807 0.0 0.01568451 0.059017632 0.097267024 0.3172187 0.029978437 0.0 0.068096094 0.0 0.43632814 0.008652523 0.0017728071 0.23662539 0.12511653 0.075557865 0.0 0.0 0.25485322 0.0 0.0 0.086949065 0.004719407
3280 1440 0.0 0.11130789 0.08256266 0.03626369 0.045916874 0.004169599 0.0 0.001859945 0.0 0.59174126 0.0 0.0 0.0070552905 0.0 0.0 0.0 0.043621752 0.0 0.0 0.0 0.0018218895 0.0 0.0 0.0 0.0 0.0 0.0 0.0 0.09113793 0.24048172 0.0 0.21037981 0.0 0.0 0.0026295276 0.15394935 0.16227959 0.010532914 0.17358144 0.0 0.0 0.0 0.0 0.0042664604
2940 1420 0.0058467714 0.0 0.024135739 0.014004953 0.11173238 0.010860397 0.0 0.0 0.00026756164 0.01447807 0.09661766 0.0 0.00047774357 0.32467994 0.006539014 0.0 0.36705396 0.0 0.0041458234 0.0008026849 0.005247482 0.0 0.36534512 0.05696118 0.00045478676 0.009193574 0.0 0.019165207 0.023083959 0.0 0.0041458234 0.00038527095 0.0 0.029758854 0.02574179 0.0 0.0 0.0 0.0 0.0 0.039990816 0.02283188 0.0 0.0
3475 1545 0.0 0.0 0.0 0.0 0.0 0.0 0.0 0.0 0.0 0.0 0.0 0.0 0.0 0.0 0.0 0.0 0.0 0.0 0.0 0.0 0.0 0.0 0.0 0.0 0.0 0.0 0.0 0.0 0.0 0.0 0.0 0.0 0.0 0.0 0.0 0.0 0.0 0.0 0.0 0.0 0.0 0.0 0.0 0.0
3340 1500 0.0 0.11839528 0.14154804 0.021964232 0.047405712 0.0137165515 0.017571796 0.17566703 0.0 0.5233283 0.0 0.0 0.0025117067 0.0 0.0 0.0 0.04776061 0.0 0.0 0.0 0.0 0.0 0.0 0.0 0.0 0.0 0.0 0.0 0.3182989 0.22932546 0.0 0.39047486 0.0 0.0 0.0 0.30805382 0.28385416 0.20862843 0.004069213 0.0 0.0 0.0 0.0 0.0
3060 1400 0.105773315 0.0 0.09513527 0.16263801 0.39029914 0.06146649 0.006738949 0.0 0.08282352 0.25173032 0.02465961 0.00018568778 0.033399504 0.031623606 0.027037328 0.007950452 0.039523117 0.028193647 0.04870236 0.0042402414 0.10949898 0.20609432 0.022930503 0.020512324 0.005718627 0.17143376 0.025353087 0.22011894 0.0 0.0 0.3141953 0.06251936 0.0 0.25141746 0.032398243 0.005178537 0.0 0.0 0.23757541 0.006478017 0.024483623 0.0020145476 0.0065607023 0.01572261
3595 1525 0.0 0.0 0.0 0.0 0.0 0.0 0.0 0.0 0.0 0.0 0.0 0.0 0.0 0.0 0.0 0.0 0.0 0.0 0.0 0.0 0.0 0.0 0.0 0.0 0.0 0.0 0.0 0.0 0.0 0.0 0.0 0.0 0.0 0.0 0.0 0.0 0.0 0.0 0.0 0.0 0.0 0.0 0.0 0.0
2900 1420 0.00017341135 1.8475464e-05 6.3233536e-05 0.0004755965 0.0034071023 0.0027583628 0.0 0.0 0.0003148208 0.00095850724 0.012208861 0.0 7.3358597e-06 0.34014472 0.0 0.0 0.6066907 0.0 0.0 0.0 0.0 0.0 0.3713254 0.000255103 0.0 0.0 0.0 0.0010404681 0.0002688378 0.0 0.0 0.0 0.0 0.00069360953 0.00020563428 0.0 0.0 0.0 0.0 0.0 0.0 0.0 0.0 0.0
3320 1540 0.0 0.17808372 0.22374539 0.021615349 0.06683943 0.0 0.0 0.079271205 0.0 0.4542269 0.0 0.0 0.0 0.0 0.0 0.0 0.021532927 0.0 0.0 0.0 0.0 0.0 0.0 0.0 0.0 0.0 0.0 0.0 0.12407667 0.28660667 0.0 0.16477913 0.0 0.0 0.0 0.26610276 0.31404626 0.19095208 0.0125128925 0.0 0.0 0.0 0.0 0.0
3300 1500 0.0 0.19140473 0.19857796 0.024398563 0.08631182 0.0032645199 0.0 0.020198474 0.0 0.45588338 0.0 0.0 0.004315397 0.0 0.0 0.0 0.016680282 0.0 0.0 0.0 0.0 0.0 0.0 0.0 0.0 0.0 0.0 0.0 0.058585063 0.25547558 0.0 0.06520159 0.0 0.0 0.0 0.18026567 0.29303575 0.12126929 0.066164285 0.0 0.0 0.0 0.0 0.0
3020 1400 0.12758131 0.0 0.29944807 0.07858889 0.36799487 0.14722186 0.007866882 0.0 0.004501228 0.21536833 0.27986807 0.0 0.07738948 0.29898652 0.31540376 0.013438974 0.37466574 0.30352342 0.3026601 0.0073844716 0.01533069 0.010538448 0.27494645 0.118370846 0.060991954 0.014487849 0.0014845784 0.02661704 0.0 0.0 0.06550035 0.20758447 0.0 0.20163524 0.15839055 0.0 0.0 0.0 0.012294855 0.0013361205 0.28610492 0.03289869 0.0 0.008598977
3555 1525 0.0 0.0 0.0 0.0 0.0 0.0 0.0 0.0 0.0 0.0 0.0 0.0 0.0 0.0 0.0 0.0 0.0 0.0 0.0 0.0 0.0 0.0 0.0 0.0 0.0 0.0 0.0 0.0 0.0 0.0 0.0 0.0 0.0 0.0 0.0 0.0 0.0 0.0 0.0 0.0 0.0 0.0 0.0 0.0
3280 1540 0.0 0.19153039 0.14397748 0.018371372 0.112148836 0.0 0.0 0.0 0.0 0.48366815 0.0 0.0 0.009325238 0.0 0.0 0.0 0.0 0.0 0.0 0.0 0.0 0.0 0.0 0.0 0.0 0.0 0.0 0.0 0.0 0.1830533 0.0 0.08081873 0.0 0.0 0.0 0.088911705 0.27103943 0.051656008 0.123405755 0.0 0.0 0.0 0.0 0.0
3495 1465 0.0 0.06029201 0.114583336 0.0073010707 0.052083332 0.0 0.0 0.0 0.0 0.5800772 0.0 0.0 0.023189235 0.0 0.0 0.0 0.104166664 0.0 0.0 0.0 0.0 0.0 0.0 0.0 0.0 0.0 0.0 0.0 0.048417628 0.19478957 0.0 0.0 0.0 0.0 0.0 0.104166664 0.18087605 0.0 0.0 0.0 0.0 0.0 0.0 0.0
2860 1460 0.00025629753 0.0049627577 0.0797813 0.001102673 0.07096083 0.0015776505 0.0 0.0 0.049721777 0.03708833 0.117671184 0.0 0.00011373717 0.3815651 0.0 0.0 0.57493985 0.0 0.0 0.0 0.0 0.0 0.41767913 0.0 0.0 0.0 0.0 0.0015377852 0.0 0.0 0.0 0.0 0.0 0.0 0.00040945382 0.0 0.0 0.0 0.0 0.0 0.0 0.0 0.0 0.0
3140 1420 0.16578369 0.00077833975 0.21857594 0.12640922 0.2277932 0.0024006362 0.012139442 0.0 0.054105435 0.42672473 0.0 9.2188355e-05 0.0742565 0.0025015115 0.0010059127 0.30068657 0.005392368 0.0009621774 0.00057111547 0.0 0.017238226 0.01257838 0.0 0.0022717232 0.041949067 0.004127853 0.43300426 0.0031560909 0.0 0.0011675095 0.0 0.017344525 0.17947164 0.00036845202 0.23272169 0.16227718 0.0011675095 0.0 0.0 0.010075213 0.0 0.0 0.0068157315 0.0038132293
3220 1440 0.026108408 0.017752284 0.12317548 0.1386116 0.17415033 0.0024531297 0.0059350794 0.0 0.007068778 0.5571256 0.0 0.0 0.007889078 0.0 0.019500975 0.0 0.00020204438 0.018653108 0.0 0.0 0.01211439 0.018029902 0.0 0.0057651526 0.0 0.0 0.018038899 0.02549068 0.0 0.01733395 0.0 0.5392589 0.0 0.067031406 0.14966308 0.10032387 0.03223752 0.0 0.004031816 0.18949717 0.0 0.0 0.00017959501 0.028771281
3455 1465 0.0 0.08174709 0.114054196 0.028051823 0.058070112 0.0 0.0 0.0035869554 0.0 0.581431 0.0 0.0 0.025025653 0.0 0.0 0.0 0.07123014 0.0 0.0 0.0 0.0 0.0 0.0 0.0 0.0 0.0 0.0 0.0 0.17192739 0.2357982 0.0 0.061505552 0.0 0.0 0.0 0.21631056 0.2343714 0.007891302 0.0 0.0 0.0 0.0 0.0 0.0
2980 1440 0.015196158 0.0 0.14391813 0.03887602 0.26917422 0.009569345 0.006598534 0.0 0.0056545963 0.05812295 0.04161335 0.0 0.0036735523 0.20493996 0.068547174 0.00821954 0.30208793 0.01252826 0.042007077 0.01863364 0.05693594 0.0 0.21726514 0.13642852 0.0062661804 0.13116236 0.0 0.071559936 0.0064251013 0.0 0.037161987 0.012097609 0.0 0.097858384 0.063356884 0.0 0.0 0.0 0.0 0.0 0.04913845 0.039917156 0.0 0.0022288826
3340 1420 0.0 0.091242686 0.02160289 0.06337367 0.0994053 0.039271723 0.011540877 0.054316968 0.0 0.7074921 0.0 0.0 0.012158342 0.0 0.0 0.0 0.08757488 0.0 0.0 0.0 0.0 0.0 0.0 0.0 0.0 0.0 0.0 0.0 0.2528715 0.2643461 0.0 0.55363965 0.0 0.0 0.0 0.21595243 0.23574647 0.019103752 0.0056708967 0.0 0.0 0.0 0.0 0.0
3100 1420 0.07530209 0.0 0.20633158 0.0958131 0.39709172 0.005160601 0.014582618 0.0 0.04289356 0.31938627 0.0 0.0042639887 0.035444308 0.05488886 0.0 0.017125139 0.0669799 0.0 0.18197557 0.0 0.08927508 0.096767284 0.0 0.07445612 0.008263846 0.17771491 0.1670776 0.043588217 0.0 0.0 0.015645018 0.27665004 0.01030716 0.13003142 0.19194587 0.024719333 0.0 0.0 0.012168347 0.08531516 0.0 0.0 0.07894115 0.1228704
2960 1480 0.10326878 0.0 0.09392573 0.04068003 0.19739859 0.0035422142 0.0023067836 0.0 0.00092547 0.04618202 0.011002681 0.0 0.01515231 0.08558333 0.003376308 0.0023067836 0.4076862 0.00010568588 0.0069706687 0.0029208953 0.019980783 0.0 0.087120645 0.08767803 0.00049911975 0.022165017 0.0 0.117378384 0.04633331 0.0 0.009856272 0.026822777 0.0 0.110664435 0.10261276 0.0 0.0 0.0 0.0 0.0 0.0023536382 0.14478666 0.0 0.0
3320 1460 0.0 0.21925902 0.27566138 0.034854315 0.071709886 0.11267723 0.0009071759 0.007963425 0.0 0.5293344 0.0 0.0 0.0005030643 0.0 0.0 0.0 0.20811002 0.0 0.0 0.0 0.0 0.0 0.0 0.0 0.0 0.0 0.0 0.0 0.3754706 0.3404257 0.0 0.023881946 0.0 0.0 0.0 0.22959907 0.3452203 0.19482379 0.003531975 0.0 0.0 0.0 0.0 0.0
3300 1420 0.0 0.11765322 0.022274926 0.015593562 0.047462344 0.01308339 0.0 0.005098193 0.0 0.6635467 0.0 0.0 0.005317543 0.0 0.0 0.0 0.07606554 0.0 0.0 0.0 0.000533869 0.0 0.0 0.0 0.0 0.0 0.0 0.0 0.25263125 0.2645737 0.0 0.48251423 0.0 0.0 6.844465e-05 0.26944092 0.26343802 0.007300782 0.08230153 0.0 0.0 0.0 0.0 0.0010771115
3160 1480 0.06818936 0.052645117 0.1147279 0.1629034 0.26355946 0.056459054 0.01717406 0.0 0.035347622 0.48559245 0.0 0.00020842899 0.02147635 0.0005153203 0.024717094 0.010753705 0.1530733 0.02364244 0.00089479075 0.0 0.07319559 0.2722029 0.0 0.009229831 0.06019337 0.10168914 0.29851213 0.016093673 0.0 0.0744201 0.0 0.4412167 0.0021006542 0.0004330998 0.19775228 0.15814768 0.08183276 0.0 0.0 0.25220394 0.0 0.0 0.115600176 0.0020987173
2920 1480 0.018517837 0.00030158868 0.0032948 0.027907783 0.1850601 0.04439898 0.0 0.0 0.0 0.019489111 0.15543109 0.0 0.023057884 0.27541432 0.0 0.0 0.3715732 0.0 0.0 0.0 0.0012245711 0.0 0.29254213 0.007667636 0.0 0.0012775161 0.0 0.071367234 0.008587163 0.0 0.0 0.0016800403 0.0 0.030091887 0.08816336 0.0 0.0 0.0 0.0 0.0 0.0004795282 0.0044297166 0.0 0.0
3280 1460 0.00014411083 0.091604546 0.0961568 0.022098655 0.046527073 0.002487463 0.0 0.002844053 0.0 0.5731842 0.0 0.0 0.0075702523 0.0 0.0 0.0 0.03164723 0.0 0.0 0.0 0.0007673269 0.0 0.0 0.0 0.0 0.0 0.0 0.0 0.07178754 0.15938754 0.0 0.09963276 0.0 0.0 0.0017918433 0.10544656 0.12150245 0.015317854 0.19436005 0.0 0.0 0.0 0.0 0.0014881556
3615 1505 0.0 0.0 0.0 0.0 0.0 0.0 0.0 0.0 0.0 0.0 0.0 0.0 0.0 0.0 0.0 0.0 0.0 0.0 0.0 0.0 0.0 0.0 0.0 0.0 0.0 0.0 0.0 0.0 0.0 0.0 0.0 0.0 0.0 0.0 0.0 0.0 0.0 0.0 0.0 0.0 0.0 0.0 0.0 0.0
3595 1545 0.0 0.0 0.0 0.0 0.0 0.0 0.0 0.0 0.0 0.0 0.0 0.0 0.0 0.0 0.0 0.0 0.0 0.0 0.0 0.0 0.0 0.0 0.0 0.0 0.0 0.0 0.0 0.0 0.0 0.0 0.0 0.0 0.0 0.0 0.0 0.0 0.0 0.0 0.0 0.0 0.0 0.0 0.0 0.0
2840 1420 0.0 3.9449962e-05 0.00056796684 0.0 0.0049584685 0.0 0.0 0.0 0.002759005 0.0007329339 0.34530538 0.0 0.0 0.3714915 0.0 0.0 0.6803171 0.0 0.0 0.0 0.0 0.0 0.3771813 0.0 0.0 0.0 0.0 0.0 0.0 0.0 0.0 0.0 0.0 0.0 0.0 0.0 0.0 0.0 0.0 0.0 0.0 0.0 0.0 0.0
3555 1545 0.0 0.0 0.0 0.0 0.0 0.0 0.0 0.0 0.0 0.0 0.0 0.0 0.0 0.0 0.0 0.0 0.0 0.0 0.0 0.0 0.0 0.0 0.0 0.0 0.0 0.0 0.0 0.0 0.0 0.0 0.0 0.0 0.0 0.0 0.0 0.0 0.0 0.0 0.0 0.0 0.0 0.0 0.0 0.0
2960 1400 0.0013789738 0.0 0.06859877 0.030173376 0.19553801 0.0027185592 0.0 0.0 0.00027306663 0.0029203547 0.35924882 0.0 0.00014585929 0.41678628 0.012038022 0.0 0.38497567 0.0 0.011816992 0.0008191999 0.009426326 0.0 0.41698694 0.08810022 0.0006839253 0.0073649995 0.0 0.05654129 0.0029134424 0.0 0.011880981 0.0 0.0 0.010596265 0.012341742 0.0 0.0 0.0 0.0 0.0 0.22677547 0.029910315 0.0 0.0
3040 1420 0.14939402 0.0 0.2590135 0.08416274 0.37261897 0.08473578 0.08065801 0.0 0.021874333 0.26161158 0.15158856 0.0 0.052416846 0.2460266 0.17407355 0.15654394 0.29800618 0.17795148 0.24778722 0.08068637 0.074697785 0.050498635 0.13975385 0.110556714 0.034249682 0.06067116 0.02348547 0.19371092 0.0 0.0 0.21346635 0.228068 0.0 0.16232422 0.14490297 0.0019859122 0.0 0.0 0.058915075 0.014635808 0.14920853 0.016693939 0.0016685257 0.11297378
3360 1480 0.0 0.096967265 0.04417573 0.0622254 0.06239109 0.059177797 0.11423239 0.19035324 0.0 0.6032926 0.0 0.0 0.005512493 0.0 0.0 0.0 0.02225386 0.0 0.0 0.0 0.0 0.0 0.0 0.0 0.0 0.0 0.0 0.0 0.47156468 0.25253975 0.0 0.5535425 0.0 0.0 0.0 0.19345179 0.26883128 0.19857989 0.0 0.0 0.0 0.0 0.0 0.0
3160 1400 0.18737847 0.016765917 0.12943274 0.15493791 0.3082623 0.07592592 0.16959979 0.0 0.03128488 0.54168653 0.0 0.00039497612 0.063525535 0.009822288 0.024157815 0.18531123 0.022019949 0.023107477 0.0 0.0 0.086097196 0.19530092 0.0 0.037279855 0.06385948 0.097813375 0.39407876 0.08749235 0.0 0.01999226 0.0 0.40320733 0.07672949 0.004125292 0.2792255 0.15178393 0.022819154 0.0 0.0 0.16962163 0.0 0.0 0.01563968 0.0143172275
3440 1500 0.0 0.103853524 0.11287777 0.047139544 0.05889575 0.0 0.0 0.013540927 0.0 0.5574551 0.0 0.0 0.030854022 0.0 0.0 0.0 0.05073115 0.0 0.0 0.0 0.0 0.0 0.0 0.0 0.0 0.0 0.0 0.0 0.33534777 0.27858642 0.0 0.0792446 0.0 0.0 0.0 0.3001231 0.26552144 0.029790042 0.0 0.0 0.0 0.0 0.0 0.0
2920 1400 0.0012900318 0.0 0.005838233 0.008166514 0.037542224 0.026366226 0.0 0.0 0.0 0.005963835 0.14475907 0.0 8.213873e-05 0.3309367 0.0 0.0 0.34649923 0.0 0.0 0.0 0.00041387757 0.0 0.38153127 0.014589604 0.0 0.0 0.0 0.009740975 0.0041490565 0.0 0.0 0.0 0.0 0.010126719 0.0051704985 0.0 0.0 0.0 0.0 0.0 0.017382856 0.0057707066 0.0 0.0
2860 1480 0.00024614955 0.021372456 0.10082314 0.0012809177 0.20558456 0.00093218836 0.0 0.0 0.026740773 0.05709882 0.376186 0.0 0.00027426542 0.39537737 0.0 0.0 0.47326583 0.0 0.0 0.0 0.0 0.0 0.4300923 0.0 0.0 0.0 0.0 0.0014768972 0.0 0.0 0.0 0.0 0.0 0.0 0.0009873555 0.0 0.0 0.0 0.0 0.0 0.0 0.0 0.0 0.0
3140 1440 0.013081811 0.0012339063 0.1997599 0.15827699 0.28691393 0.003051739 0.007296102 0.0 0.05507963 0.34936786 0.0 0.0001014528 0.038884293 0.001676476 0.0015330359 0.009682137 0.009538163 0.0014663822 0.0007450885 0.0 0.030294072 0.017267626 0.0 0.0019262664 0.040924635 0.0056964634 0.37113205 0.0042097885 0.0 0.0018508593 0.0 0.024207162 0.1701669 0.00041103276 0.37253857 0.15834042 0.0018508593 0.0 0.0 0.014024805 0.0 0.0 0.101642676 0.003847861
3220 1460 0.018608246 0.025146829 0.09893757 0.12577069 0.17816712 0.0015366668 0.009654617 0.0 0.010585242 0.5761296 0.0 0.0 0.013433916 0.0 0.031722315 0.0 0.0012927648 0.030343084 0.0 0.0 0.009213279 0.029054852 0.0 0.0062440694 0.0 0.0 0.016527789 0.028530069 0.0 0.021222418 0.0 0.5388567 0.0 0.013989087 0.11721839 0.18886222 0.048823338 0.0 0.0060800067 0.119600296 0.0 0.0 0.0011491243 0.03050982
3400 1500 0.0 0.18053423 0.0558654 0.048858628 0.07698892 0.014561003 0.019266471 0.10397112 0.0 0.5471519 0.0 0.0 0.016394464 0.0 0.0 0.0 0.06929967 0.0 0.0 0.0 0.0 0.0 0.0 0.0 0.0 0.0 0.0 0.0 0.40514743 0.31457442 0.0 0.42176375 0.0 0.0 0.0 0.30628297 0.32733944 0.17927387 0.0 0.0 0.0 0.0 0.0 0.0
3420 1540 0.0 0.16636032 0.09090689 0.05935635 0.06696905 0.0 0.0 0.049619053 0.0 0.541064 0.0 0.0 0.024798414 0.0 0.0 0.0 0.05720373 0.0 0.0 0.0 0.0 0.0 0.0 0.0 0.0 0.0 0.0 0.0 0.42757618 0.33136192 0.0 0.24809524 0.0 0.0 0.0 0.36360997 0.3303762 0.10916191 0.0 0.0 0.0 0.0 0.0 0.0
2980 1460 0.021326339 0.0 0.13181123 0.042185258 0.26335743 0.008655837 0.014284726 0.0 0.0063169566 0.13218199 0.018649401 0.0 0.0035430167 0.17945512 0.028309539 0.016087197 0.2772776 0.011284188 0.032172296 0.020126827 0.060931012 0.0 0.1774539 0.12464958 0.0050656265 0.12902527 0.0010932656 0.07527717 0.008787014 0.0 0.0360915 0.036849853 0.0 0.09330099 0.08290028 0.0 0.0 0.0 0.0 0.0009839392 0.021127649 0.038794003 0.0 0.0024783975
3340 1440 0.0 0.0922804 0.047993846 0.054843657 0.07439735 0.019743148 0.014394842 0.09570444 0.0 0.6481701 0.0 0.0 0.01333475 0.0 0.0 0.0 0.053225864 0.0 0.0 0.0 0.0 0.0 0.0 0.0 0.0 0.0 0.0 0.0 0.3311382 0.23576854 0.0 0.45083138 0.0 0.0 0.0 0.22924106 0.23922822 0.09336739 0.005979632 0.0 0.0 0.0 0.0 0.0
3475 1485 0.0 0.07668116 0.1308956 0.029047664 0.04696178 0.0 0.0 0.0 0.0 0.5671556 0.0 0.0 0.029492754 0.0 0.0 0.0 0.0698028 0.0 0.0 0.0 0.0 0.0 0.0 0.0 0.0 0.0 0.0 0.0 0.19263187 0.24773912 0.0 0.0 0.0 0.0 0.0 0.21413104 0.23004349 0.0 0.0 0.0 0.0 0.0 0.0 0.0
3380 1540 0.0 0.14889827 0.039081547 0.046848584 0.073231064 0.04140881 0.060069297 0.16925013 0.0 0.5225756 0.0 0.0 0.005743526 0.0 0.0 0.0 0.053725105 0.0 0.0 0.0 0.0 0.0 0.0 0.0 0.0 0.0 0.0 0.0 0.3816428 0.28895745 0.0 0.5112981 0.0 0.0 0.0 0.24520402 0.3002349 0.2196108 0.0 0.0 0.0 0.0 0.0 0.0
3100 1440 0.07651124 0.0 0.15907909 0.09873378 0.34025586 0.0067894273 0.018825788 0.0 0.046963014 0.3314203 0.0 0.0050086733 0.03358259 0.05712745 0.0 0.016329726 0.07803508 0.0 0.12927917 0.0 0.093867995 0.11274821 0.0 0.06582815 0.04091594 0.13506891 0.18227462 0.06886352 0.0 0.0 0.016302822 0.25676444 0.009557226 0.0934057 0.2006419 0.023377625 0.0 0.0 0.012679972 0.19288059 0.0 0.0 0.1256081 0.07253238
3595 1465 0.0 0.0 0.0 0.0 0.0 0.0 0.0 0.0 0.0 0.0 0.0 0.0 0.0 0.0 0.0 0.0 0.0 0.0 0.0 0.0 0.0 0.0 0.0 0.0 0.0 0.0 0.0 0.0 0.0 0.0 0.0 0.0 0.0 0.0 0.0 0.0 0.0 0.0 0.0 0.0 0.0 0.0 0.0 0.0
3300 1440 0.0 0.10201132 0.045162164 0.013724158 0.044497423 0.009991096 0.0 0.006597844 0.0 0.6361011 0.0 0.0 0.004196603 0.0 0.0 0.0 0.04875048 0.0 0.0 0.0 0.00039660835 0.0 0.0 0.0 0.0 0.0 0.0 0.0 0.18302718 0.20263858 0.0 0.3175266 0.0 0.0 0.0 0.19860528 0.20358668 0.019658217 0.056270342 0.0 0.0 0.0 0.0 0.00035047752
3555 1465 0.0 0.0 0.0 0.0 0.0 0.0 0.0 0.0 0.0 0.0 0.0 0.0 0.0 0.0 0.0 0.0 0.0 0.0 0.0 0.0 0.0 0.0 0.0 0.0 0.0 0.0 0.0 0.0 0.0 0.0 0.0 0.0 0.0 0.0 0.0 0.0 0.0 0.0 0.0 0.0 0.0 0.0 0.0 0.0
3060 1480 0.044542443 0.0 0.051123027 0.1177837 0.3294744 0.059669834 0.11102682 0.0 0.021499842 0.4439705 0.0 0.00031169475 0.066990614 0.02199349 0.012335799 0.04919591 0.032844428 0.013827828 0.02781302 0.012389367 0.084432654 0.02023352 0.0 0.048368096 0.0052052946 0.07755179 0.0712945 0.29769224 0.0 0.0 0.06670967 0.41436777 0.0 0.03455845 0.21758363 0.006930531 0.0 0.0 0.022570876 0.05417151 0.0 0.017270118 0.011465433 0.10711271
2860 1400 0.0 4.334205e-05 0.00072932325 7.5718046e-05 0.0054708216 0.001381743 0.0 0.0 0.011099346 0.0037115007 0.2204022 0.0 0.0 0.26383567 0.0 0.0 0.6770263 0.0 0.0 0.0 0.0 0.0 0.41287982 0.0 0.0 0.0 0.0 0.0 0.0 0.0 0.0 0.0 0.0 0.0 0.0 0.0 0.0 0.0 0.0 0.0 0.0 0.0 0.0 0.0
3420 1460 0.0 0.09208123 0.13616808 0.05245963 0.049277745 0.0028675783 0.0038168225 0.017125327 0.0 0.5793217 0.0 0.0 0.027486121 0.0 0.0 0.0 0.021748725 0.0 0.0 0.0 0.0 0.0 0.0 0.0 0.0 0.0 0.0 0.0 0.3908471 0.23780671 0.0 0.14670087 0.0 0.0 0.0 0.35519293 0.23954289 0.029734736 0.0 0.0 0.0 0.0 0.0 0.0
3180 1460 0.05620542 0.061138287 0.121087976 0.17235132 0.24808744 0.016019646 0.07589354 0.0 0.02623478 0.5345474 0.0 0.0 0.0268215 0.0 0.19276668 0.020602265 0.034100667 0.18438552 0.0 0.0 0.0572163 0.23935427 0.0 0.045503758 0.012315646 0.019695725 0.15959519 0.039251186 0.0 0.07628712 0.0 0.5255045 0.0039589265 0.00549007 0.21750009 0.17248161 0.09851963 0.0 0.0 0.21040429 0.0 0.0 0.02565854 0.0029604335
3260 1480 0.00020614474 0.0072542727 0.007892543 0.017976873 0.084566504 0.0 0.0 0.0 0.0 0.5044897 0.0 0.0 0.059538763 0.0 0.0 0.0 0.0006899288 0.0 0.0 0.0 0.0001801376 0.0 0.0 0.0 0.0 0.0 0.0 0.0 0.0014007156 0.00643417 0.0 0.4836918 0.0 3.460139e-05 0.0013211668 0.14020972 0.010831788 0.0007674266 0.008074627 0.0008537718 0.0 0.0 0.0 0.0003637755
2840 1440 0.0 0.00015983716 0.0015429609 0.0 0.16873242 0.0 0.0 0.0 0.002477146 0.0013326664 0.33764067 0.0 0.0 0.37424672 0.0 0.0 0.47008565 0.0 0.0 0.0 0.0 0.0 0.37789577 0.0 0.0 0.0 0.0 0.0 0.0 0.0 0.0 0.0 0.0 0.0 0.0 0.0 0.0 0.0 0.0 0.0 0.0 0.0 0.0 0.0
3020 1480 0.010346488 0.0 0.23738752 0.071139626 0.34085724 0.010472319 0.30342123 0.0 0.0027944087 0.20411025 0.0010031203 0.0 0.002061428 0.2742604 0.16685612 0.3097975 0.30475864 0.19700897 0.02767422 0.00799196 0.03960026 0.001389219 0.0033788618 0.17512009 0.00046381823 0.01711976 0.009469141 0.048402164 0.0 0.0 0.06926331 0.028077915 0.0 0.0036471735 0.19925775 5.0796076e-05 0.0 0.0 0.0016207554 0.0083507905 0.0014690199 0.23115435 0.0 0.010275696
3380 1460 0.0 0.07439967 0.005176531 0.04517022 0.07079882 0.070493445 0.0053147 0.16843222 0.0 0.5476217 0.0 0.0 0.0021569498 0.0 0.0 0.0 0.0036050642 0.0 0.0 0.0 0.0 0.0 0.0 0.0 0.0 0.0 0.0 0.0 0.4005411 0.2126476 0.0 0.45124814 0.0 0.0 0.0 0.17987296 0.21438031 0.17060898 0.0 0.0 0.0 0.0 0.0 0.0
2960 1420 0.005472687 0.0 0.099155314 0.03026077 0.2090917 0.004126822 0.0 0.0 0.00062013365 0.008483565 0.3046177 0.0 0.0005683836 0.37930402 0.013327282 0.0 0.36771175 0.0 0.01323306 0.0018604009 0.013460703 0.0 0.38310912 0.08422586 0.00096507714 0.020537507 0.0 0.03466637 0.009072857 0.0 0.013542671 0.0008810122 0.0 0.02225625 0.06286346 0.0 0.0 0.0 0.0 0.0 0.19246675 0.13050264 0.0 0.0
3040 1440 0.11220941 0.0 0.20923138 0.059186522 0.34498715 0.08355827 0.097028896 0.0 0.018984526 0.25714245 0.040827356 0.0 0.026438203 0.16520321 0.06989861 0.15680033 0.22466505 0.07726643 0.17053409 0.06995419 0.085946575 0.041444696 0.047383443 0.10183985 0.0107443165 0.12364735 0.038964342 0.18349391 0.0 0.0 0.19668308 0.19838543 0.0 0.06548368 0.131734 0.0024277628 0.0 0.0 0.048352145 0.02960356 0.05067937 0.03383582 0.0033878735 0.09959284
3495 1545 0.0 0.0 0.0 0.0 0.0 0.0 0.0 0.0 0.0 0.0 0.0 0.0 0.0 0.0 0.0 0.0 0.0 0.0 0.0 0.0 0.0 0.0 0.0 0.0 0.0 0.0 0.0 0.0 0.0 0.0 0.0 0.0 0.0 0.0 0.0 0.0 0.0 0.0 0.0 0.0 0.0 0.0 0.0 0.0
3360 1500 0.0 0.10826962 0.086535476 0.03793724 0.0539612 0.03370153 0.05528243 0.18379031 0.0 0.5501916 0.0 0.0 0.0057505476 0.0 0.0 0.0 0.039520856 0.0 0.0 0.0 0.0 0.0 0.0 0.0 0.0 0.0 0.0 0.0 0.38678312 0.23960413 0.0 0.46517175 0.0 0.0 0.0 0.26545027 0.27417794 0.2067887 0.0 0.0 0.0 0.0 0.0 0.0
3160 1420 0.17090069 0.039944056 0.10686352 0.15593815 0.2777307 0.06752263 0.13944143 0.0 0.032273658 0.5303253 0.0 0.00036619473 0.060922608 0.007959066 0.031254932 0.15617535 0.050729938 0.02989602 0.0 0.0 0.088198856 0.2304812 0.0 0.03686378 0.05673619 0.08637278 0.3759604 0.089049935 0.0 0.055312872 0.0 0.40132105 0.0375143 0.004413356 0.27887586 0.13411833 0.058668442 0.0 0.0 0.23148814 0.0 0.0 0.043386955 0.011961089
3440 1520 0.0 0.12751392 0.0995057 0.04915771 0.06877471 0.0 0.0 0.026529213 0.0 0.5540631 0.0 0.0 0.028622076 0.0 0.0 0.0 0.056976456 0.0 0.0 0.0 0.0 0.0 0.0 0.0 0.0 0.0 0.0 0.0 0.34686214 0.30176976 0.0 0.1525037 0.0 0.0 0.0 0.30956808 0.29234242 0.05836427 0.0 0.0 0.0 0.0 0.0 0.0
2920 1420 0.0033425551 0.0 0.0043381993 0.007668696 0.046902474 0.074278675 0.0 0.0 0.0 0.010096074 0.34952533 0.0 0.00021560366 0.16533978 0.0 0.0 0.38075653 0.0 0.0 0.0 0.0008135526 0.0 0.20446143 0.010008577 0.0 0.001747071 0.0 0.013821641 0.0050055957 0.0 0.0 0.0 0.0 0.016451336 0.0058618113 0.0 0.0 0.0 0.0 0.0 0.0087844655 0.004499112 0.0 0.0
3455 1545 0.0 0.09027777 0.11458333 0.065972224 0.052083332 0.0 0.0 0.0 0.0 0.5347222 0.0 0.0 0.034722224 0.0 0.0 0.0 0.0 0.0 0.0 0.0 0.0 0.0 0.0 0.0 0.0 0.0 0.0 0.0 0.4375 0.29166666 0.0 0.0 0.0 0.0 0.0 0.4375 0.2708333 0.0 0.0 0.0 0.0 0.0 0.0 0.0
3400 1520 0.0 0.14596574 0.0552574 0.050693806 0.07642888 0.025030714 0.035758067 0.107309446 0.0 0.5467016 0.0 0.0 0.017033245 0.0 0.0 0.0 0.050890017 0.0 0.0 0.0 0.0 0.0 0.0 0.0 0.0 0.0 0.0 0.0 0.40491718 0.2880746 0.0 0.3739546 0.0 0.0 0.0 0.289785 0.2927063 0.15825579 0.0 0.0 0.0 0.0 0.0 0.0
3655 1545 0.0 0.0 0.0 0.0 0.0 0.0 0.0 0.0 0.0 0.0 0.0 0.0 0.0 0.0 0.0 0.0 0.0 0.0 0.0 0.0 0.0 0.0 0.0 0.0 0.0 0.0 0.0 0.0 0.0 0.0 0.0 0.0 0.0 0.0 0.0 0.0 0.0 0.0 0.0 0.0 0.0 0.0 0.0 0.0
3260 1400 0.00051240163 0.06605118 0.09383907 0.050146148 0.04321051 0.0 0.0 0.0 0.00084066583 0.66038936 0.0 0.0 0.003108473 0.0 0.0 0.0 0.013290333 0.0 0.0 0.0 0.011248012 0.0 0.0 0.0 0.0 0.0 0.0 0.0037829962 0.02796121 0.18863611 0.0 0.30150124 0.0 0.0038610809 0.02166699 0.22689551 0.22681762 0.0 0.032972354 0.010296216 0.0 0.0 0.0 0.031365685
3120 1460 0.17464285 0.0044102855 0.057419535 0.15415983 0.32993805 0.005839872 0.012482944 0.0 0.0743954 0.49728078 0.0 0.0023914527 0.01878566 0.021301473 0.0 0.013930967 0.1515766 0.0 0.019864608 0.0 0.03729908 0.225889 0.0 0.018300008 0.01835921 0.02899605 0.30918542 0.11568674 0.0 0.006615428 0.0 0.40323433 0.0074171512 0.010523951 0.22701766 0.031413015 0.006615428 0.0 0.0 0.07447033 0.0 0.0 0.04600776 0.07295346
2880 1460 0.0009413275 0.0048041106 0.011225224 0.0045341696 0.10264795 0.005477914 0.0 0.0 0.0065896343 0.04489383 0.11164394 0.0 0.00096256845 0.20794082 0.0 0.0 0.32078332 0.0 0.0 0.0 0.0 0.0 0.28353155 0.0 0.0 0.0 0.0 0.005647965 0.0 0.0 0.0 0.0 0.0 0.00330489 0.0034652462 0.0 0.0 0.0 0.0 0.0 0.0 0.0 0.0 0.0
3240 1440 0.002951594 0.021547146 0.10231428 0.072719604 0.10960755 0.00059050386 0.0017814019 0.0 0.002500848 0.60280734 0.0 0.0 0.010317338 0.0 0.005853178 0.0 0.0032435895 0.005598692 0.0 0.0 0.021808667 0.00381729 0.0 0.00127243 0.0 0.0 0.003365872 0.0074723917 0.0061069615 0.04311236 0.0 0.28297758 0.0 0.007521553 0.04248001 0.16692801 0.05023652 0.0 0.015965628 0.023413992 0.0 0.0 0.0 0.035498135
3575 1485 0.0 0.0 0.0 0.0 0.0 0.0 0.0 0.0 0.0 0.0 0.0 0.0 0.0 0.0 0.0 0.0 0.0 0.0 0.0 0.0 0.0 0.0 0.0 0.0 0.0 0.0 0.0 0.0 0.0 0.0 0.0 0.0 0.0 0.0 0.0 0.0 0.0 0.0 0.0 0.0 0.0 0.0 0.0 0.0
3000 1440 0.017987335 0.0 0.18977383 0.028857643 0.24821584 0.051908866 0.02066009 0.0 0.006522939 0.14619648 0.033053212 0.0 0.009114017 0.07603767 0.08822235 0.025399517 0.30034864 0.037804987 0.17187892 0.021576697 0.024447104 0.0022719547 0.12776741 0.0623412 0.008880311 0.025346948 0.00286342 0.026507357 0.0014206788 0.0 0.17319132 0.028398868 0.0 0.04351864 0.098799616 0.0 0.0 0.0 0.0026506137 0.002577078 0.107451506 0.08355172 0.0 0.0065167146
3080 1460 0.03587151 0.0 0.09943284 0.095502846 0.3750279 0.00988887 0.091237456 0.0 0.04878809 0.37153944 0.00020701461 0.00072258426 0.035518985 0.007834021 0.00021851544 0.008355998 0.011916408 0.00023001626 0.04072618 0.004185698 0.06554701 0.023688212 0.0001725122 0.032352656 0.011992237 0.05334439 0.24403575 0.30390245 0.0 0.0 0.022797337 0.30323765 0.0 0.03896813 0.258343 0.058061905 0.0 0.0 0.012531974 0.05148904 0.000184013 0.0 0.030951023 0.09217577
3360 1420 0.0 0.033588264 0.02015997 0.06183917 0.042705227 0.0094833225 0.104974836 0.18773487 0.0 0.6473703 0.0 0.0 0.033965927 0.0 0.0 0.0 0.026845621 0.0 0.0 0.0 0.0 0.0 0.0 0.0 0.0 0.0 0.0 0.0 0.41448593 0.110798076 0.0 0.3132234 0.0 0.0 0.0 0.32641247 0.08406762 0.019790806 0.0005401746 0.0 0.0 0.0 0.0 0.0
3440 1440 0.0 0.013977268 0.11512446 0.005646964 0.052495584 0.0 0.0 0.00093740993 0.0 0.5862251 0.0 0.0 0.0028737017 0.0 0.0 0.0 0.09767765 0.0 0.0 0.0 0.0 0.0 0.0 0.0 0.0 0.0 0.0 0.0 0.03192845 0.037481587 0.0 0.008973067 0.0 0.0 0.0 0.13064003 0.038965423 0.002062302 0.0 0.0 0.0 0.0 0.0 0.0
3200 1440 0.02338632 0.09685388 0.08402539 0.11497069 0.29542774 0.0024927573 0.0059481487 0.0 0.07005675 0.5995193 0.0 0.0 0.008061165 0.0 0.013960979 0.0018053523 0.0011923301 0.01335398 0.0 0.0 0.009648391 0.01469667 0.0 0.0038518733 0.00090661243 0.0015541927 0.014334405 0.17411925 0.0 0.003022991 0.0 0.59975106 9.639411e-05 0.115042515 0.017670201 0.23681092 0.20937239 0.0 0.0 0.023470553 0.0 0.0 0.001059849 0.0015416455
2860 1420 9.631549e-05 0.00027598965 0.0023280992 0.00029355774 0.011514464 0.001331336 0.0 0.0 0.05076111 0.006808583 0.24708766 0.0 0.0 0.30347452 0.0 0.0 0.69690055 0.0 0.0 0.0 0.0 0.0 0.40393516 0.0 0.0 0.0 0.0 0.00057789293 0.0 0.0 0.0 0.0 0.0 0.0 0.0 0.0 0.0 0.0 0.0 0.0 0.0 0.0 0.0 0.0
3420 1480 0.0 0.11092267 0.1160042 0.054563075 0.07012288 0.0030401433 0.0036446264 0.026198624 0.0 0.5553678 0.0 0.0 0.028420005 0.0 0.0 0.0 0.029406464 0.0 0.0 0.0 0.0 0.0 0.0 0.0 0.0 0.0 0.0 0.0 0.397695 0.27307388 0.0 0.14648715 0.0 0.0 0.0 0.36326104 0.2675437 0.049218114 0.0 0.0 0.0 0.0 0.0 0.0
3400 1440 0.0 0.14338842 0.0689798 0.030384673 0.062674925 0.0049288054 0.010437804 0.060888387 0.0 0.6534703 0.0 0.0 0.031410098 0.0 0.0 0.0 0.047825903 0.0 0.0 0.0 0.0 0.0 0.0 0.0 0.0 0.0 0.0 0.0 0.42566705 0.23446365 0.0 0.2424227 0.0 0.0 0.0 0.29615492 0.28559676 0.10399161 0.0 0.0 0.0 0.0 0.0 0.0
3535 1485 0.0 0.0 0.0 0.0 0.0 0.0 0.0 0.0 0.0 0.0 0.0 0.0 0.0 0.0 0.0 0.0 0.0 0.0 0.0 0.0 0.0 0.0 0.0 0.0 0.0 0.0 0.0 0.0 0.0 0.0 0.0 0.0 0.0 0.0 0.0 0.0 0.0 0.0 0.0 0.0 0.0 0.0 0.0 0.0
3180 1480 0.036768824 0.05202946 0.14688888 0.1706473 0.2781923 0.007942482 0.08300135 0.0 0.027595615 0.5377645 0.0 0.0 0.016227035 0.0 0.24960078 0.00747564 0.04456013 0.23874858 0.0 0.0 0.03585218 0.24509405 0.0 0.014483433 0.0076230224 0.012717422 0.09933076 0.027530102 0.0 0.057355016 0.0 0.5182913 0.0009203687 0.0020260843 0.16602398 0.16642232 0.09159811 0.0 0.0 0.2051714 0.0 0.0 0.032814424 0.000962023
3260 1500 0.0030270356 0.07834693 0.08087276 0.029046433 0.10253273 0.0 0.0 0.0 0.0 0.54267263 0.0 0.0 0.03329591 0.0 0.0 0.0 0.005244828 0.0 0.0 0.0 0.00079862936 0.0 0.0 0.0 0.0 0.0 0.0 0.0 0.011145258 0.064460374 0.0 0.34331942 0.0 0.0 0.015832867 0.122727185 0.112776 0.010981715 0.07542077 0.011919773 0.0 0.0 0.0 0.0017615769
3655 1465 0.0 0.0 0.0 0.0 0.0 0.0 0.0 0.0 0.0 0.0 0.0 0.0 0.0 0.0 0.0 0.0 0.0 0.0 0.0 0.0 0.0 0.0 0.0 0.0 0.0 0.0 0.0 0.0 0.0 0.0 0.0 0.0 0.0 0.0 0.0 0.0 0.0 0.0 0.0 0.0 0.0 0.0 0.0 0.0
3515 1525 0.0 0.0 0.0 0.0 0.0 0.0 0.0 0.0 0.0 0.0 0.0 0.0 0.0 0.0 0.0 0.0 0.0 0.0 0.0 0.0 0.0 0.0 0.0 0.0 0.0 0.0 0.0 0.0 0.0 0.0 0.0 0.0 0.0 0.0 0.0 0.0 0.0 0.0 0.0 0.0 0.0 0.0 0.0 0.0
3380 1480 0.0 0.07488818 0.005143922 0.045712437 0.071680546 0.084536314 0.010769324 0.20134756 0.0 0.47186086 0.0 0.0 0.001570831 0.0 0.0 0.0 0.00382127 0.0 0.0 0.0 0.0 0.0 0.0 0.0 0.0 0.0 0.0 0.0 0.3085419 0.21332094 0.0 0.4570103 0.0 0.0 0.0 0.17727573 0.21553932 0.2043115 0.0 0.0 0.0 0.0 0.0 0.0
3635 1505 0.0 0.0 0.0 0.0 0.0 0.0 0.0 0.0 0.0 0.0 0.0 0.0 0.0 0.0 0.0 0.0 0.0 0.0 0.0 0.0 0.0 0.0 0.0 0.0 0.0 0.0 0.0 0.0 0.0 0.0 0.0 0.0 0.0 0.0 0.0 0.0 0.0 0.0 0.0 0.0 0.0 0.0 0.0 0.0
3260 1460 0.0011104455 0.07448931 0.051358286 0.021282881 0.07907553 0.0 0.0 0.0 2.2008866e-05 0.5369635 0.0 0.0 0.03955941 0.0 0.0 0.0 0.0060590003 0.0 0.0 0.0 0.0035597843 0.0 0.0 0.0 0.0 0.0 0.0 9.90399e-05 0.013541958 0.18017153 0.0 0.39122176 0.0 0.00097586727 0.009739622 0.1819442 0.1843186 0.003803039 0.050068613 0.0061697187 0.0 0.0 0.0 0.0054096673
2940 1440 0.011897867 0.0 0.019236429 0.015649725 0.21896926 0.009452377 0.0 0.0 0.0003856185 0.02403526 0.05825586 0.0 0.0018738963 0.2763165 0.0037108406 0.0 0.36839172 0.0 0.0017055707 0.0011568555 0.005159182 0.0 0.29719394 0.05773633 0.0004093439 0.009486996 0.0 0.021265786 0.08558067 0.0 0.0017055707 0.0015692718 0.0 0.044141367 0.07007896 0.0 0.0 0.0 0.0 0.0 0.020014798 0.019298986 0.0 0.0
3340 1520 0.0 0.12927854 0.15272337 0.029508809 0.05261866 0.018421164 0.030708598 0.15681602 0.0 0.5088286 0.0 0.0 0.002755097 0.0 0.0 0.0 0.027757132 0.0 0.0 0.0 0.0 0.0 0.0 0.0 0.0 0.0 0.0 0.0 0.2755132 0.23767631 0.0 0.36008382 0.0 0.0 0.0 0.28155994 0.28737092 0.21080796 0.0015815941 0.0 0.0 0.0 0.0 0.0
3060 1420 0.082273036 0.0 0.12004088 0.14383678 0.35931098 0.051684387 0.041731372 0.0 0.068025716 0.2878025 0.034800906 0.0004006604 0.030075042 0.058738057 0.039791644 0.02830314 0.07413399 0.044889025 0.08520441 0.013011818 0.07977582 0.15581945 0.033680297 0.04500633 0.009385367 0.11353588 0.062245462 0.20272335 0.0 0.0 0.2508744 0.20310481 0.0 0.21359023 0.067762926 0.008709576 0.0 0.0 0.17571266 0.032833483 0.035973646 0.006997597 0.013362787 0.034841355
3420 1400 0.0 0.11161094 0.12179236 0.019743051 0.12959671 0.0 0.001935292 0.0065097646 0.0 0.67754513 0.0 0.0 0.010138208 0.0 0.0 0.0 0.011687661 0.0 0.0 0.0 0.0 0.0 0.0 0.0 0.0 0.0 0.0 0.0 0.44380575 0.327974 0.0 0.07309698 0.0 0.0 0.0 0.24925482 0.2410344 0.008171554 0.0 0.0 0.0 0.0 0.0 0.0
2900 1440 0.00066180347 9.268991e-05 0.0003201011 0.008535121 0.035319705 0.0034770626 0.0 0.0 0.00048094324 0.001953232 0.012255865 0.0 0.00015260333 0.33967933 0.0 0.0 0.59878635 0.0 0.0 0.0 1.4823553e-05 0.0 0.3668522 0.0004080734 0.0 0.0 0.0 0.0030591723 0.00053135166 0.0 0.0 0.0 0.0 0.0012541887 0.0009036064 0.0 0.0 0.0 0.0 0.0 0.0 0.0 0.0 0.0
3180 1400 0.12144819 0.011249344 0.03485924 0.14163834 0.21214503 0.06428326 0.026077773 0.0 0.0055900426 0.6439395 0.0 1.1407718e-05 0.058258303 0.0010728998 0.028242502 0.021427467 0.0042005824 0.027014568 0.0 0.0 0.07402468 0.045728214 0.0 0.08873447 0.0069781765 0.009810233 0.37072486 0.21720912 0.0 0.010489252 0.0 0.64622205 0.008073522 0.0061788107 0.24717723 0.14854386 0.01304423 0.0 0.0 0.35854435 0.0 0.0 0.0038598177 0.0026114744
3260 1420 6.791792e-05 0.08160592 0.09339608 0.051773336 0.042076644 0.0 0.0 0.0 6.0333587e-05 0.6434687 0.0 0.0 0.000536089 0.0 0.0 0.0 0.001395556 0.0 0.0 0.0 0.0010749494 0.0 0.0 0.0 0.0 0.0 0.0 0.00027150114 0.0030094285 0.26177028 0.0 0.47798917 0.0 0.000366 0.0018265557 0.283908 0.3389964 5.697474e-05 0.0056539276 0.000976 0.0 0.0 0.0 0.0027314727
3120 1480 0.13250677 0.004476368 0.040538736 0.13416019 0.3020317 0.0054943496 0.008467602 0.0 0.07160643 0.49391916 0.0 0.004356272 0.025753867 0.0053835465 0.0 0.006244263 0.1213592 0.0 0.03593571 0.0 0.046651453 0.12991512 0.0 0.013518436 0.03258254 0.044457532 0.25625402 0.0925328 0.0 0.0067145517 0.0 0.3428719 0.0027453303 0.008218175 0.19950151 0.024383107 0.0067145517 0.0 0.0 0.11144678 0.0 0.0 0.05651939 0.012971223
3300 1520 0.0 0.1901053 0.18970719 0.020791922 0.08854571 0.0 0.0 0.03506251 0.0 0.46707112 0.0 0.0 0.0047288495 0.0 0.0 0.0 0.014435745 0.0 0.0 0.0 0.0 0.0 0.0 0.0 0.0 0.0 0.0 0.0 0.07332693 0.23092987 0.0 0.10120737 0.0 0.0 0.0 0.190155 0.29803044 0.12218024 0.07420406 0.0 0.0 0.0 0.0 0.0
3020 1420 0.109422065 0.0 0.17445625 0.13164732 0.14401877 0.103571124 0.0072205923 0.0 0.0016904213 0.29944974 0.32689863 0.0 0.091589734 0.053240035 0.35253912 0.011796766 0.41380218 0.36463797 0.28266996 0.0057132603 0.008222732 0.0034755373 0.2888175 0.025730794 0.07258421 0.0069724005 0.0013136038 0.01408824 0.0 0.0 0.029882602 0.29240426 0.0 0.2234078 0.18784314 0.0 0.0 0.0 0.004054793 0.0011822435 0.30529323 0.013970486 0.0 0.006819425
3380 1400 0.0 0.08186878 0.08741856 0.03518208 0.020481037 0.0032743094 0.015367028 0.038996927 0.0 0.7043663 0.0 0.0 0.04453487 0.0 0.0 0.0 0.010781974 0.0 0.0 0.0 0.0 0.0 0.0 0.0 0.0 0.0 0.0 0.0 0.3898457 0.23275582 0.0 0.33139914 0.0 0.0 0.0 0.33741835 0.22502661 0.013335643 0.0 0.0 0.0 0.0 0.0 0.0
2880 1480 0.0007949428 0.0066706827 0.015631506 0.0054277373 0.23410761 0.003439033 0.0 0.0 0.003740641 0.042441178 0.12817255 0.0 0.0011909023 0.16596164 0.0 0.0 0.37735724 0.0 0.0 0.0 0.0 0.0 0.39009005 0.0 0.0 0.0 0.0 0.0047696563 0.0 0.0 0.0 0.0 0.0 0.0022709528 0.004287248 0.0 0.0 0.0 0.0 0.0 0.0 0.0 0.0 0.0
3240 1460 0.0029989127 0.0169715 0.110390306 0.060184054 0.10457663 0.00017624733 0.0019038456 0.0 0.0021522057 0.5773563 0.0 0.0 0.040553976 0.0 0.006255493 0.0 0.0020475357 0.005983515 0.0 0.0 0.01364265 0.0040796692 0.0 0.000888221 0.0 0.0 0.0010046097 0.0048963507 0.004039563 0.027715977 0.0 0.49824035 0.0 0.0034433417 0.032478962 0.159419 0.035193 0.0 0.014847105 0.01826343 0.0 0.0 0.0 0.017777536
3495 1485 0.0 0.090277776 0.114583336 0.01696166 0.052083332 0.0 0.0 0.0 0.0 0.5763889 0.0 0.0 0.034722224 0.0 0.0 0.0 0.104166664 0.0 0.0 0.0 0.0 0.0 0.0 0.0 0.0 0.0 0.0 0.0 0.112482585 0.29166666 0.0 0.0 0.0 0.0 0.0 0.104166664 0.27083334 0.0 0.0 0.0 0.0 0.0 0.0 0.0
3000 1460 0.019438798 0.0 0.15623567 0.03630487 0.26684496 0.04526881 0.040853802 0.0 0.0074037653 0.22012845 0.012398594 0.0 0.0062387427 0.07261388 0.04671973 0.04651267 0.2598015 0.034918033 0.14427261 0.024109602 0.024437988 0.0018301691 0.04676686 0.0681405 0.0061872806 0.02944864 0.005164838 0.036893096 0.0036153314 0.0 0.16189264 0.030080626 0.0 0.027619537 0.1154077 0.0 0.0 0.0 0.0021351972 0.0046483544 0.021885756 0.04519615 0.0 0.0077809393
3080 1480 0.014270735 0.0 0.00879516 0.09474431 0.36134413 0.0033686631 0.11878288 0.0 0.04739939 0.47364298 0.0 0.00017936171 0.09337327 0.0006740983 0.0 0.0017966593 0.0018555536 0.0 0.009294015 0.00084877055 0.05306505 0.0033119915 0.0 0.04220973 0.0033207538 0.012955847 0.29445046 0.35901237 0.0 0.0 0.0033987607 0.50166595 0.0 0.0056495406 0.30156854 0.07681349 0.0 0.0 0.0015255592 0.013139892 0.0 0.0 0.007687109 0.13905832
3360 1440 0.0 0.08128093 0.036657196 0.05648279 0.05298764 0.04238797 0.08962357 0.13301091 0.0 0.6465595 0.0 0.0 0.025861932 0.0 0.0 0.0 0.032139428 0.0 0.0 0.0 0.0 0.0 0.0 0.0 0.0 0.0 0.0 0.0 0.4265246 0.23091987 0.0 0.5085001 0.0 0.0 0.0 0.31062216 0.22352502 0.11218302 0.0 0.0 0.0 0.0 0.0 0.0
3575 1505 0.0 0.0 0.0 0.0 0.0 0.0 0.0 0.0 0.0 0.0 0.0 0.0 0.0 0.0 0.0 0.0 0.0 0.0 0.0 0.0 0.0 0.0 0.0 0.0 0.0 0.0 0.0 0.0 0.0 0.0 0.0 0.0 0.0 0.0 0.0 0.0 0.0 0.0 0.0 0.0 0.0 0.0 0.0 0.0
3200 1460 0.023403497 0.09489029 0.08602214 0.120124675 0.31909484 0.0020194706 0.007926575 0.0 0.06835054 0.5393454 0.0 0.0 0.008275072 0.0 0.020514265 0.0017882965 0.0024253873 0.01962234 0.0 0.0 0.004188332 0.021637976 0.0 0.0043568406 0.001131192 0.0019391862 0.012961477 0.16716374 0.0 0.0049272715 0.0 0.5281069 0.0 0.0032347688 0.022142047 0.23865828 0.20577191 0.0 0.0 0.0293913 0.0 0.0 0.0021559 0.0013891362
3455 1485 0.0 0.090787604 0.11557969 0.03434355 0.05776301 0.0 0.0 0.006504701 0.0 0.5688312 0.0 0.0 0.029823389 0.0 0.0 0.0 0.07146899 0.0 0.0 0.0 0.0 0.0 0.0 0.0 0.0 0.0 0.0 0.0 0.23281208 0.2636827 0.0 0.059553534 0.0 0.0 0.0 0.21792585 0.25054106 0.014310342 0.0 0.0 0.0 0.0 0.0 0.0
3535 1505 0.0 0.0 0.0 0.0 0.0 0.0 0.0 0.0 0.0 0.0 0.0 0.0 0.0 0.0 0.0 0.0 0.0 0.0 0.0 0.0 0.0 0.0 0.0 0.0 0.0 0.0 0.0 0.0 0.0 0.0 0.0 0.0 0.0 0.0 0.0 0.0 0.0 0.0 0.0 0.0 0.0 0.0 0.0 0.0
3655 1485 0.0 0.0 0.0 0.0 0.0 0.0 0.0 0.0 0.0 0.0 0.0 0.0 0.0 0.0 0.0 0.0 0.0 0.0 0.0 0.0 0.0 0.0 0.0 0.0 0.0 0.0 0.0 0.0 0.0 0.0 0.0 0.0 0.0 0.0 0.0 0.0 0.0 0.0 0.0 0.0 0.0 0.0 0.0 0.0
3515 1545 0.0 0.0 0.0 0.0 0.0 0.0 0.0 0.0 0.0 0.0 0.0 0.0 0.0 0.0 0.0 0.0 0.0 0.0 0.0 0.0 0.0 0.0 0.0 0.0 0.0 0.0 0.0 0.0 0.0 0.0 0.0 0.0 0.0 0.0 0.0 0.0 0.0 0.0 0.0 0.0 0.0 0.0 0.0 0.0
3320 1480 0.0 0.22321118 0.29173374 0.034325156 0.07176925 0.0012149819 0.00063752785 0.006937924 0.0 0.52418995 0.0 0.0 0.00024799898 0.0 0.0 0.0 0.0030819203 0.0 0.0 0.0 0.0 0.0 0.0 0.0 0.0 0.0 0.0 0.0 0.017287765 0.34381992 0.0 0.016743502 0.0 0.0 0.0 0.23187345 0.349167 0.20487013 0.0021632607 0.0 0.0 0.0 0.0 0.0
3120 1400 0.14168565 0.0011684768 0.15980549 0.081646174 0.43310452 0.0061459662 0.029767547 0.0 0.020317031 0.38840166 0.0 0.0087773735 0.043991495 0.17432846 0.0 0.04086581 0.19513331 0.0 0.0145774195 0.0 0.07643059 0.26796886 0.0 0.09958512 0.009837332 0.019186197 0.34464556 0.015697645 0.0 0.0017527151 0.0024078488 0.26504055 0.021565773 0.0116298655 0.29318148 0.028065877 0.0017527151 0.0 0.0018727713 0.23609886 0.0 0.0 0.054956518 0.21297355
2880 1400 0.00020124123 3.0177087e-05 7.523437e-05 0.0005590214 0.003934669 0.0033997658 0.0 0.0 0.0033978377 0.0029142268 0.04483618 0.0 0.0 0.08414138 0.0 0.0 0.5392134 0.0 0.0 0.0 0.0 0.0 0.47649503 0.0 0.0 0.0 0.0 0.0012074474 0.0 0.0 0.0 0.0 0.0 0.00053320377 0.0 0.0 0.0 0.0 0.0 0.0 0.0 0.0 0.0 0.0
3280 1480 0.00022516234 0.18773429 0.11595479 0.011525493 0.11413407 0.0012322628 0.0 0.0022432785 0.0 0.52248347 0.0 0.0 0.0072192233 0.0 0.0 0.0 0.014595779 0.0 0.0 0.0 0.0004364879 0.0 0.0 0.0 0.0 0.0 0.0 0.0 0.03442786 0.102475725 0.0 0.073562704 0.0 0.0 0.0016428384 0.067413464 0.26328632 0.017927118 0.1922874 0.00020670315 0.0 0.0 0.0 0.000538491
3080 1400 0.04444209 0.0 0.16086496 0.13118385 0.4033986 0.013845316 0.0058430196 0.0 0.044981677 0.35475743 0.0090006525 0.0009301487 0.03332634 0.026897615 0.009500689 0.0041467454 0.02918851 0.010000725 0.20845674 0.0022115977 0.047100425 0.059918415 0.0075005437 0.03615566 0.0029839715 0.050658945 0.23858148 0.10051054 0.0 0.0 0.063712366 0.2667708 0.0 0.19999689 0.082848065 0.057639703 0.0 0.0 0.046973865 0.022797491 0.008000581 0.0 0.06563505 0.09407513
2940 1460 0.060748618 0.0 0.021619558 0.021227598 0.21032281 0.011150088 0.0 0.0 0.0005662348 0.035320997 0.045582674 0.0 0.004580043 0.22193554 0.0021674123 0.0 0.3850511 0.0 0.0 0.0017463006 0.009880758 0.0 0.23878318 0.06500439 0.0003535864 0.011795815 0.0 0.06463953 0.065775104 0.0 0.0 0.0062830886 0.0 0.0626291 0.066426046 0.0 0.0 0.0 0.0 0.0 0.0077914493 0.024581794 0.0 0.0
3615 1525 0.0 0.0 0.0 0.0 0.0 0.0 0.0 0.0 0.0 0.0 0.0 0.0 0.0 0.0 0.0 0.0 0.0 0.0 0.0 0.0 0.0 0.0 0.0 0.0 0.0 0.0 0.0 0.0 0.0 0.0 0.0 0.0 0.0 0.0 0.0 0.0 0.0 0.0 0.0 0.0 0.0 0.0 0.0 0.0
3340 1540 0.0 0.12771198 0.17613539 0.012636134 0.044783827 0.002732123 0.005674409 0.17029992 0.0 0.49795115 0.0 0.0 0.0 0.0 0.0 0.0 0.04355738 0.0 0.0 0.0 0.0 0.0 0.0 0.0 0.0 0.0 0.0 0.0 0.2737111 0.23661666 0.0 0.35920063 0.0 0.0 0.0 0.32859984 0.29133022 0.22259377 0.0 0.0 0.0 0.0 0.0 0.0
3060 1440 0.04574573 0.0 0.07704074 0.11963491 0.38805944 0.058853306 0.09208735 0.0 0.069083884 0.3145617 0.01649378 0.00029062986 0.018602792 0.040924203 0.022122132 0.03362096 0.052012917 0.027874295 0.05139957 0.0131212715 0.06391008 0.07183026 0.016182277 0.051542576 0.006186806 0.066244446 0.05617274 0.2240844 0.0 0.0 0.12742077 0.29448056 0.0 0.18618238 0.062254086 0.007048973 0.0 0.0 0.07939407 0.034906678 0.017286096 0.008659308 0.010070479 0.033286866
2900 1460 0.0008940632 0.00019621101 0.00067600573 0.02316866 0.13804723 0.003160487 0.0 0.0 0.0003856285 0.0023757303 0.012059725 0.0 0.00035758285 0.3393569 0.0 0.0 0.59775734 0.0 0.0 0.0 3.2432836e-05 0.0 0.34879914 0.00045181188 0.0 0.0 0.0 0.0035185553 0.0006881943 0.0 0.0 0.0 0.0 0.0014174925 0.0016865762 0.0 0.0 0.0 0.0 0.0 0.0 0.0 0.0 0.0
3180 1420 0.090018034 0.03374275 0.13530286 0.14153577 0.3141813 0.057945214 0.0966605 0.0 0.01023197 0.62018234 0.0 0.0 0.044517796 0.0012477867 0.24679929 0.026288643 0.009932631 0.2360689 0.0 0.0 0.044977207 0.22751129 0.0 0.07877649 0.009588086 0.014036054 0.34648052 0.14493708 0.0 0.04071595 0.0 0.5930375 0.008100843 0.008795343 0.21054618 0.1439098 0.048076473 0.0 0.0 0.33036458 0.0 0.0 0.009086298 0.0043372535
3300 1540 0.0 0.22345376 0.21137463 0.025194824 0.1031529 0.0 0.0 0.0 0.0 0.44443747 0.0 0.0 0.0 0.0 0.0 0.0 0.0 0.0 0.0 0.0 0.0 0.0 0.0 0.0 0.0 0.0 0.0 0.0 0.0 0.27604577 0.0 0.0 0.0 0.0 0.0 0.1354392 0.3254398 0.107545875 0.08924276 0.0 0.0 0.0 0.0 0.0
3020 1440 0.024796862 0.0 0.19821884 0.09525071 0.15846574 0.09356701 0.032588385 0.0 0.0029360869 0.0831341 0.03626879 0.0 0.07089369 0.29771128 0.05856907 0.041144475 0.38746935 0.2514162 0.2573257 0.011136234 0.043307986 0.0048130346 0.047011692 0.17068346 0.00848996 0.018954711 0.004132079 0.027349507 0.0 0.0 0.05117161 0.049204938 0.0 0.032256786 0.044520315 0.0 0.0 0.0 0.005615207 0.0037188712 0.045598548 0.029079 0.0 0.013019617
3515 1465 0.0 0.0 0.0 0.0 0.0 0.0 0.0 0.0 0.0 0.0 0.0 0.0 0.0 0.0 0.0 0.0 0.0 0.0 0.0 0.0 0.0 0.0 0.0 0.0 0.0 0.0 0.0 0.0 0.0 0.0 0.0 0.0 0.0 0.0 0.0 0.0 0.0 0.0 0.0 0.0 0.0 0.0 0.0 0.0
3320 1400 0.0 0.15027878 0.008618083 0.07005305 0.13913378 0.085960984 0.0032234762 0.018714847 0.0 0.7281478 0.0 0.0 0.0046482463 0.0 0.0 0.0 0.17821108 0.0 0.0 0.0 0.0 0.0 0.0 0.0 0.0 0.0 0.0 0.0 0.2549495 0.28555447 0.0 0.56935143 0.0 0.0 0.0 0.18768875 0.28028107 0.0045488663 0.027370837 0.0 0.0 0.0 0.0 0.0
3280 1400 0.0 0.09654418 0.062349446 0.03776676 0.027727835 0.0051060678 0.0 0.0 0.0 0.7166603 0.0 0.0 0.004360463 0.0 0.0 0.0 0.054091018 0.0 0.0 0.0 0.0028729995 0.0 0.0 0.0 0.0 0.0 0.0 0.0 0.100921094 0.25248876 0.0 0.30846223 0.0 0.0 0.0037015174 0.26817423 0.29056317 0.0 0.076558985 0.0 0.0 0.0 0.0 0.007404734
3140 1460 0.06130671 0.0025730743 0.012632635 0.17311099 0.301386 0.0044155396 0.007917193 0.0 0.011878157 0.35232767 0.0 0.00016763195 0.04553346 0.0016026015 0.0027924648 0.008455402 0.17196244 0.0026710534 0.0017888743 0.0 0.0947441 0.029177343 0.0 0.002332533 0.0058577643 0.009336112 0.26361516 0.0073470115 0.0 0.003747146 0.0 0.04976133 0.0028570725 0.0006907353 0.27211854 0.16469441 0.0039533325 0.0 0.0 0.021794116 0.0 0.0 0.099311225 0.0040881275
3220 1480 0.030719526 0.013733558 0.13553607 0.15259042 0.17386702 0.00026725433 0.0049180333 0.0 0.005827697 0.59083724 0.0 0.0 0.008234291 0.0 0.016159253 0.0 0.0016058821 0.015456677 0.0 0.0 0.0030736402 0.014952284 0.0 0.0020922262 0.0 0.0 0.005621731 0.012882595 0.0 0.008073634 0.0 0.57728094 0.0 0.002799123 0.15111308 0.22092658 0.02785447 0.0 0.0035789523 0.19942649 0.0 0.0 0.0014274508 0.0038759906
3475 1505 0.0 0.090277776 0.1248134 0.03838465 0.052083332 0.0 0.0 0.0 0.0 0.55925745 0.0 0.0 0.034722224 0.0 0.0 0.0 0.060873963 0.0 0.0 0.0 0.0 0.0 0.0 0.0 0.0 0.0 0.0 0.0 0.2545508 0.29166666 0.0 0.0 0.0 0.0 0.0 0.2427033 0.27083334 0.0 0.0 0.0 0.0 0.0 0.0 0.0
2980 1480 0.035513308 0.0 0.09750752 0.050766204 0.26429203 0.006583211 0.018025538 0.0 0.0052999323 0.22752675 0.0037792749 0.0 0.003337076 0.14273155 0.014051358 0.01939637 0.26373628 0.009109221 0.026683582 0.017293872 0.052189477 0.0 0.1326982 0.08260364 0.002001968 0.10411481 0.0014053928 0.07346812 0.012333237 0.0 0.03591278 0.16427672 0.0 0.12399331 0.09650773 0.0 0.0 0.0 0.0 0.0012648535 0.004061709 0.035797663 0.0 0.0018848942
3340 1460 0.0 0.08054573 0.07477367 0.054210547 0.038770728 0.016884377 0.014443531 0.1483189 0.0 0.588366 0.0 0.0 0.011177274 0.0 0.0 0.0 0.04313867 0.0 0.0 0.0 0.0 0.0 0.0 0.0 0.0 0.0 0.0 0.0 0.3692285 0.16244507 0.0 0.2979693 0.0 0.0 0.0 0.2352349 0.2565276 0.15836772 0.003553217 0.0 0.0 0.0 0.0 0.0
3595 1485 0.0 0.0 0.0 0.0 0.0 0.0 0.0 0.0 0.0 0.0 0.0 0.0 0.0 0.0 0.0 0.0 0.0 0.0 0.0 0.0 0.0 0.0 0.0 0.0 0.0 0.0 0.0 0.0 0.0 0.0 0.0 0.0 0.0 0.0 0.0 0.0 0.0 0.0 0.0 0.0 0.0 0.0 0.0 0.0
3100 1460 0.048459094 0.0 0.18083642 0.09152951 0.3524215 0.005332805 0.012390435 0.0 0.043497887 0.2727478 0.0 0.0030805175 0.02062042 0.026182033 0.0 0.005909052 0.05090966 0.0 0.18725082 0.0 0.11198382 0.06556052 0.0 0.06393089 0.06738612 0.1929126 0.12665954 0.055326752 0.0 0.0 0.006513247 0.1558243 0.003992206 0.117802754 0.18086585 0.01643304 0.0 0.0 0.0050658584 0.2346312 0.0 0.0 0.16995275 0.030383617
3320 1500 0.0 0.17770253 0.21271327 0.028626995 0.06578964 0.0075742607 0.006671894 0.06753932 0.0 0.47372797 0.0 0.0 0.0018346814 0.0 0.0 0.0 0.02355593 0.0 0.0 0.0 0.0 0.0 0.0 0.0 0.0 0.0 0.0 0.0 0.1437163 0.2629727 0.0 0.13986197 0.0 0.0 0.0 0.2483773 0.31127775 0.18074375 0.024286285 0.0 0.0 0.0 0.0 0.0
3300 1460 0.0 0.18322901 0.19644739 0.013462013 0.07691326 0.00798301 0.0 0.009777619 0.0 0.46109483 0.0 0.0 0.0047774836 0.0 0.0 0.0 0.045052312 0.0 0.0 0.0 0.00021278868 0.0 0.0 0.0 0.0 0.0 0.0 0.0 0.111438036 0.28039315 0.0 0.09045387 0.0 0.0 0.0 0.24078593 0.28936118 0.12321622 0.059717916 0.0 0.0 0.0 0.0 0.0
2880 1420 0.0004382454 0.00024736125 0.0014578789 0.001342217 0.0144677255 0.0048563974 0.0 0.0 0.0058115385 0.008998982 0.053011365 0.0 0.0 0.11994897 0.0 0.0 0.51110905 0.0 0.0 0.0 0.0 0.0 0.4342383 0.0 0.0 0.0 0.0 0.0026294724 0.0 0.0 0.0 0.0 0.0 0.0015210061 0.0 0.0 0.0 0.0 0.0 0.0 0.0 0.0 0.0 0.0
3555 1485 0.0 0.0 0.0 0.0 0.0 0.0 0.0 0.0 0.0 0.0 0.0 0.0 0.0 0.0 0.0 0.0 0.0 0.0 0.0 0.0 0.0 0.0 0.0 0.0 0.0 0.0 0.0 0.0 0.0 0.0 0.0 0.0 0.0 0.0 0.0 0.0 0.0 0.0 0.0 0.0 0.0 0.0 0.0 0.0
3280 1500 0.00058155216 0.1785548 0.1285147 0.017683249 0.11143878 0.00091077335 0.0 0.0033691751 0.0 0.5108089 0.0 0.0 0.010412715 0.0 0.0 0.0 0.009117836 0.0 0.0 0.0 0.0003814276 0.0 0.0 0.0 0.0 0.0 0.0 0.0 0.023572775 0.16411202 0.0 0.10320309 0.0 0.0 0.002703833 0.08366252 0.25290406 0.03377249 0.14916986 0.0005734549 0.0 0.0 0.0 0.0
3615 1545 0.0 0.0 0.0 0.0 0.0 0.0 0.0 0.0 0.0 0.0 0.0 0.0 0.0 0.0 0.0 0.0 0.0 0.0 0.0 0.0 0.0 0.0 0.0 0.0 0.0 0.0 0.0 0.0 0.0 0.0 0.0 0.0 0.0 0.0 0.0 0.0 0.0 0.0 0.0 0.0 0.0 0.0 0.0 0.0
3220 1400 0.010172146 0.052100547 0.1414008 0.11615436 0.20379433 0.005565289 0.005026468 0.0 0.019309625 0.46615496 0.0 0.0 0.0068064677 0.0 0.016515538 0.0 0.0 0.015797472 0.0 0.0 0.023382785 0.013523332 0.0 0.008317313 0.0 0.0 0.032344416 0.09782012 0.0 0.017593883 0.0 0.3819105 0.0 0.05953169 0.14946312 0.10360881 0.027233208 0.0 0.00030745112 0.17814404 0.0 0.0 0.0 0.045978643
2980 1400 0.0088439835 0.0 0.11844172 0.034337174 0.22898065 0.01042624 0.00045000514 0.0 0.00066103507 0.017225053 0.25131702 0.0 0.0045869765 0.28976026 0.07646363 0.00096429675 0.3439446 0.017584333 0.07976716 0.002497397 0.017829634 0.0 0.3432022 0.11959693 0.006584627 0.013382103 0.0 0.089171275 0.002675474 0.0 0.066516064 0.011864531 0.0 0.036897857 0.02077875 0.0 0.0 0.0 0.0 0.0 0.22492878 0.065017946 0.0 0.00070715096
2840 1460 0.0 0.00038557057 0.0054810583 1.5987016e-05 0.17165421 0.0 0.0 0.0 0.0025345786 0.0019742206 0.020669889 0.0 0.0 0.37252071 0.0 0.0 0.5057369 0.0 0.0 0.0 0.0 0.0 0.37517515 0.0 0.0 0.0 0.0 0.0 0.0 0.0 0.0 0.0 0.0 0.0 0.0 0.0 0.0 0.0 0.0 0.0 0.0 0.0 0.0 0.0
3040 1460 0.11809676 0.0 0.15883018 0.045805614 0.3585535 0.069488816 0.12009036 0.0 0.019446982 0.27467898 0.012007113 0.0 0.018589761 0.06606822 0.039505918 0.19265844 0.09891864 0.04755155 0.055191025 0.08085936 0.105768815 0.043360263 0.013399114 0.09383663 0.0039450605 0.1892508 0.06440958 0.20960127 0.0 0.0 0.2124002 0.17814119 0.0 0.023684101 0.1326912 0.0018120953 0.0 0.0 0.050586972 0.054632965 0.01432719 0.036483448 0.002356929 0.11560937
2960 1440 0.112442195 0.0 0.12759754 0.070051715 0.24768366 0.0014888059 0.0 0.0 0.00027626738 0.0058027045 0.4205617 0.0 0.01716779 0.4444753 0.0030968569 0.0 0.4047723 0.0 0.0031764936 0.00083886465 0.010267334 0.0 0.42961854 0.06785028 0.00027472802 0.0097723855 0.0 0.008130342 0.0053332853 0.0 0.0033566628 0.001331004 0.0 0.1108661 0.0985156 0.0 0.0 0.0 0.0 0.0 0.25664815 0.22118312 0.0 0.0
3320 1420 0.0 0.20637728 0.002705426 0.004651615 0.19719271 0.11721897 0.0006731309 0.0030605143 0.0 0.6296351 0.0 0.0 0.0006629235 0.0 0.0 0.0 0.21745837 0.0 0.0 0.0 0.0 0.0 0.0 0.0 0.0 0.0 0.0 0.0 0.38372946 0.3080037 0.0 0.6115372 0.0 0.0 0.0 0.34287256 0.30744573 0.002301789 0.003790386 0.0 0.0 0.0 0.0 0.0
3360 1520 0.0 0.11788795 0.09772097 0.03621457 0.054326918 0.030928796 0.049647413 0.18596579 0.0 0.535048 0.0 0.0 0.004682541 0.0 0.0 0.0 0.037604067 0.0 0.0 0.0 0.0 0.0 0.0 0.0 0.0 0.0 0.0 0.0 0.35903144 0.23923501 0.0 0.4659147 0.0 0.0 0.0 0.2755032 0.28173792 0.21680683 0.0 0.0 0.0 0.0 0.0 0.0
3160 1440 0.1879468 0.039706428 0.113540456 0.16377948 0.2690873 0.07462808 0.17493488 0.0 0.040746436 0.5481949 0.0 0.00023136138 0.033885535 0.0044608978 0.026628943 0.18409245 0.11079792 0.025471164 0.0 0.0 0.09158467 0.30495813 0.0 0.023368552 0.07699643 0.12608673 0.36100712 0.056669205 0.0 0.055630736 0.0 0.47382578 0.01616522 0.0025290917 0.23003177 0.095337346 0.060423736 0.0 0.0 0.2994891 0.0 0.0 0.09637544 0.0073025906
3440 1540 0.0 0.099841654 0.11626333 0.06111854 0.053954527 0.0 0.0 0.0062373136 0.0 0.5461538 0.0 0.0 0.033474762 0.0 0.0 0.0 0.033776697 0.0 0.0 0.0 0.0 0.0 0.0 0.0 0.0 0.0 0.0 0.0 0.40958005 0.29665652 0.0 0.03118657 0.0 0.0 0.0 0.34313664 0.2783181 0.01372209 0.0 0.0 0.0 0.0 0.0 0.0
2920 1440 0.014601983 8.351448e-05 0.0043503074 0.019810418 0.13244118 0.0691888 0.0 0.0 0.0 0.01941601 0.17501 0.0 0.0012177298 0.25113463 0.0 0.0 0.3543083 0.0 0.0 0.0 0.001474737 0.0 0.26948452 0.009777998 0.0 0.003032985 0.0 0.06739521 0.00797314 0.0 0.0 0.0 0.0 0.031442013 0.011226926 0.0 0.0 0.0 0.0 0.0 0.004955517 0.0051505147 0.0 0.0
3280 1420 0.0 0.10744754 0.065984085 0.03820176 0.03178668 0.0052507874 0.0 0.00013308485 0.0 0.6455547 0.0 0.0 0.005472855 0.0 0.0 0.0 0.05225786 0.0 0.0 0.0 0.002419253 0.0 0.0 0.0 0.0 0.0 0.0 0.0 0.1029004 0.24969722 0.0 0.2627328 0.0 0.0 0.0032857603 0.24995789 0.2692209 0.003504358 0.13626902 0.0 0.0 0.0 0.0 0.0060151694
3140 1480 0.055100072 0.0011941966 0.0036573443 0.19158563 0.30086833 0.0013085612 0.0011251234 0.0 0.029624268 0.4193204 0.0 6.312638e-05 0.04659813 0.00025616944 0.0009327635 0.001022868 0.18503655 0.00089220866 0.00085013284 0.0 0.101924375 0.009539771 0.0 0.0006353846 0.0018677908 0.003177304 0.25091198 0.0039450913 0.0 0.0017101365 0.0 0.07772244 0.0003050412 0.00023803786 0.28769693 0.005730249 0.0018589266 0.0 0.0 0.0075521334 0.0 0.0 0.0047083325 0.00053444784
3400 1540 0.0 0.1646463 0.053326063 0.053651903 0.07307254 0.02333592 0.035859883 0.10586542 0.0 0.518444 0.0 0.0 0.015344209 0.0 0.0 0.0 0.052013297 0.0 0.0 0.0 0.0 0.0 0.0 0.0 0.0 0.0 0.0 0.0 0.38940084 0.31173646 0.0 0.37854117 0.0 0.0 0.0 0.31547895 0.31709367 0.16828139 0.0 0.0 0.0 0.0 0.0 0.0
3615 1465 0.0 0.0 0.0 0.0 0.0 0.0 0.0 0.0 0.0 0.0 0.0 0.0 0.0 0.0 0.0 0.0 0.0 0.0 0.0 0.0 0.0 0.0 0.0 0.0 0.0 0.0 0.0 0.0 0.0 0.0 0.0 0.0 0.0 0.0 0.0 0.0 0.0 0.0 0.0 0.0 0.0 0.0 0.0 0.0
3475 1525 0.0 0.090277776 0.114583336 0.04710145 0.052083332 0.0 0.0 0.0 0.0 0.5602149 0.0 0.0 0.034722224 0.0 0.0 0.0 0.06373165 0.0 0.0 0.0 0.0 0.0 0.0 0.0 0.0 0.0 0.0 0.0 0.31235695 0.29166666 0.0 0.0 0.0 0.0 0.0 0.2335587 0.27083334 0.0 0.0 0.0 0.0 0.0 0.0 0.0
3595 1505 0.0 0.0 0.0 0.0 0.0 0.0 0.0 0.0 0.0 0.0 0.0 0.0 0.0 0.0 0.0 0.0 0.0 0.0 0.0 0.0 0.0 0.0 0.0 0.0 0.0 0.0 0.0 0.0 0.0 0.0 0.0 0.0 0.0 0.0 0.0 0.0 0.0 0.0 0.0 0.0 0.0 0.0 0.0 0.0
3100 1480 0.04965219 0.00013692088 0.14522432 0.08106962 0.29895625 0.004702405 0.011409798 0.0 0.032633457 0.40694693 0.0 0.0048080795 0.052025836 0.0051831496 0.0 0.00044209705 0.031200884 0.0 0.18297744 0.0 0.102847934 0.031677783 0.0 0.05237617 0.074905016 0.18956986 0.13276629 0.056129348 0.0 0.00020538131 0.004101927 0.12557393 0.0011089254 0.07180335 0.15327774 0.012738099 0.00020538131 0.0 0.002915305 0.2457631 0.0 0.0 0.16190962 0.018865375
3555 1505 0.0 0.0 0.0 0.0 0.0 0.0 0.0 0.0 0.0 0.0 0.0 0.0 0.0 0.0 0.0 0.0 0.0 0.0 0.0 0.0 0.0 0.0 0.0 0.0 0.0 0.0 0.0 0.0 0.0 0.0 0.0 0.0 0.0 0.0 0.0 0.0 0.0 0.0 0.0 0.0 0.0 0.0 0.0 0.0
3440 1460 0.0 0.0850888 0.11837545 0.012417715 0.05225096 0.0 0.0 0.0035334432 0.0 0.5833653 0.0 0.0 0.029503657 0.0 0.0 0.0 0.08748874 0.0 0.0 0.0 0.0 0.0 0.0 0.0 0.0 0.0 0.0 0.0 0.089224756 0.25491086 0.0 0.027561795 0.0 0.0 0.0 0.16268724 0.24315411 0.0077735754 0.0 0.0 0.0 0.0 0.0 0.0
2860 1440 0.00019919693 0.0012096309 0.009788998 0.00070377876 0.031222159 0.0015871513 0.0 0.0 0.05136253 0.026017074 0.167059 0.0 0.0 0.3966009 0.0 0.0 0.66910285 0.0 0.0 0.0 0.0 0.0 0.4533934 0.0 0.0 0.0 0.0 0.0011951815 0.0 0.0 0.0 0.0 0.0 0.0 0.0 0.0 0.0 0.0 0.0 0.0 0.0 0.0 0.0 0.0
3140 1400 0.1765657 0.00481466 0.18816118 0.1280915 0.3710689 0.023643397 0.22465737 0.0 0.019377733 0.4932202 0.0 0.0010744088 0.06615395 0.027985461 0.0064201313 0.2557418 0.039260063 0.0061409953 0.0045666145 0.0 0.043467958 0.107245065 0.0 0.023397224 0.04593043 0.038322926 0.41146564 0.022707328 0.0 0.00722199 0.0 0.15775245 0.1295131 0.0030421782 0.27843446 0.13454366 0.00722199 0.0 0.0 0.07896049 0.0 0.0 0.017865201 0.036951847
3220 1420 0.017851131 0.035846304 0.1164813 0.11871344 0.18850133 0.004393297 0.006248498 0.0 0.013113361 0.46111318 0.0 0.0 0.008167556 0.0 0.020530779 0.0 0.0 0.019638138 0.0 0.0 0.022601416 0.018164594 0.0 0.008292137 0.0 0.0 0.02796329 0.06185957 0.0 0.022567239 0.0 0.3967495 0.0 0.0526 0.13733022 0.12254043 0.03676052 0.0 0.002870478 0.15112168 0.0 0.0 0.0 0.04624439
3400 1460 0.0 0.16932099 0.08131882 0.023402601 0.045796413 0.0065738442 0.009410457 0.07992795 0.0 0.58422685 0.0 0.0 0.03685931 0.0 0.0 0.0 0.06538109 0.0 0.0 0.0 0.0 0.0 0.0 0.0 0.0 0.0 0.0 0.0 0.43977025 0.28119233 0.0 0.18613675 0.0 0.0 0.0 0.3218027 0.30176124 0.14989515 0.0 0.0 0.0 0.0 0.0 0.0
3420 1500 0.0 0.12762219 0.08992127 0.051305965 0.06718855 0.0064169266 0.007162611 0.044114392 0.0 0.5503318 0.0 0.0 0.026339665 0.0 0.0 0.0 0.04318591 0.0 0.0 0.0 0.0 0.0 0.0 0.0 0.0 0.0 0.0 0.0 0.38529864 0.28603485 0.0 0.19277516 0.0 0.0 0.0 0.33325034 0.28322583 0.07928172 0.0 0.0 0.0 0.0 0.0 0.0
2980 1420 0.00981422 0.0 0.13218662 0.031838458 0.23266254 0.009295255 0.0025394945 0.0 0.00166907 0.022491107 0.097439185 0.0 0.0037667293 0.16786914 0.07997457 0.0033816453 0.26218933 0.013603293 0.082570605 0.005849361 0.028259957 0.0 0.2272269 0.13656911 0.0070395987 0.04675764 0.0 0.08279745 0.0030848105 0.0 0.07277133 0.009853307 0.0 0.05498539 0.029846322 0.0 0.0 0.0 0.0 0.0 0.13310096 0.07214527 0.0 0.0011579575
3340 1400 0.0 0.07872324 0.015410934 0.051833812 0.086748175 0.053678945 0.012838654 0.095312804 0.0 0.6955725 0.0 0.0 0.01770729 0.0 0.0 0.0 0.11632218 0.0 0.0 0.0 0.0 0.0 0.0 0.0 0.0 0.0 0.0 0.0 0.22247882 0.22593154 0.0 0.5554803 0.0 0.0 0.0 0.24611066 0.19338787 0.009817898 0.009082833 0.0 0.0 0.0 0.0 0.0
2840 1480 0.0 0.0013874081 0.07829489 6.030324e-05 0.17620224 0.0 0.0 0.0 0.002716212 0.0045135836 0.38296118 0.0 0.0 0.35591832 0.0 0.0 0.5561624 0.0 0.0 0.0 0.0 0.0 0.35952252 0.0 0.0 0.0 0.0 0.0 0.0 0.0 0.0 0.0 0.0 0.0 0.0 0.0 0.0 0.0 0.0 0.0 0.0 0.0 0.0 0.0
3260 1520 0.004424044 0.09454161 0.0982262 0.03296962 0.111206375 0.0 0.0 0.0 0.0 0.5343935 0.0 0.0 0.027425243 0.0 0.0 0.0 0.003170204 0.0 0.0 0.0 0.0 0.0 0.0 0.0 0.0 0.0 0.0 0.0 0.0067366837 0.07173206 0.0 0.30837995 0.0 0.0 0.019930406 0.11190225 0.13207805 0.016540213 0.080907784 0.012241576 0.0 0.0 0.0 0.0
3380 1500 0.0 0.11243074 0.039327107 0.046574682 0.06744622 0.050681 0.0800237 0.16866903 0.0 0.5285684 0.0 0.0 0.008526879 0.0 0.0 0.0 0.030755216 0.0 0.0 0.0 0.0 0.0 0.0 0.0 0.0 0.0 0.0 0.0 0.38749918 0.24779 0.0 0.46657315 0.0 0.0 0.0 0.24335057 0.26296112 0.19360568 0.0 0.0 0.0 0.0 0.0 0.0
3100 1400 0.090862975 0.0 0.1894199 0.11111023 0.4063289 0.006602445 0.01979263 0.0 0.042131774 0.3710237 0.0 0.0055802157 0.03731959 0.07698439 0.0 0.025522737 0.085963756 0.0 0.13452968 0.0 0.08223451 0.12821312 0.0 0.07240554 0.007822204 0.11991441 0.27030367 0.05166754 0.0 0.0 0.026996106 0.26038074 0.01690433 0.1147758 0.20234855 0.047297448 0.0 0.0 0.020996971 0.104598865 0.0 0.0 0.071062244 0.13831504
2960 1460 0.12558551 0.0 0.12435663 0.043604955 0.109490514 0.0010589738 0.0 0.0 0.00024245716 0.007981032 0.006372416 0.0 0.019143665 0.024120511 0.0012776444 0.0 0.44522136 0.0 0.0020804428 0.0007431229 0.003971762 0.0 0.025155606 0.08447902 0.00018554056 0.007120715 0.0 0.013026101 0.00460056 0.0 0.0023685158 0.002932494 0.0 0.12016304 0.10164168 0.0 0.0 0.0 0.0 0.0 0.0034160316 0.2277265 0.0 0.0
3635 1525 0.0 0.0 0.0 0.0 0.0 0.0 0.0 0.0 0.0 0.0 0.0 0.0 0.0 0.0 0.0 0.0 0.0 0.0 0.0 0.0 0.0 0.0 0.0 0.0 0.0 0.0 0.0 0.0 0.0 0.0 0.0 0.0 0.0 0.0 0.0 0.0 0.0 0.0 0.0 0.0 0.0 0.0 0.0 0.0
3300 1400 0.0 0.11170305 0.017675342 0.019062953 0.04966038 0.015425723 0.0 0.0057998016 0.0 0.6851375 0.0 0.0 0.00945261 0.0 0.0 0.0 0.1310701 0.0 0.0 0.0 0.0005663337 0.0 0.0 0.0 0.0 0.0 0.0 0.0 0.24352267 0.2680417 0.0 0.5020051 0.0 0.0 0.0003997515 0.26958817 0.26855856 0.0021855186 0.14898746 0.0 0.0 0.0 0.0 0.0016990011
3360 1540 0.0 0.084403105 0.07343621 0.026633551 0.055291977 0.039362002 0.06849476 0.22595802 0.0 0.53421235 0.0 0.0 0.0 0.0 0.0 0.0 0.046999175 0.0 0.0 0.0 0.0 0.0 0.0 0.0 0.0 0.0 0.0 0.0 0.38038114 0.24145953 0.0 0.52246255 0.0 0.0 0.0 0.25849366 0.25320932 0.22008313 0.0 0.0 0.0 0.0 0.0 0.0
2920 1460 0.018650029 0.0002505847 0.004170826 0.021679886 0.20585215 0.07008487 0.0 0.0 0.0 0.02109712 0.17073905 0.0 0.0031550326 0.2534287 0.0 0.0 0.35032982 0.0 0.0 0.0 0.0016082827 0.0 0.2648288 0.009287084 0.0 0.0025274376 0.0 0.07484051 0.009154393 0.0 0.0 0.0008668011 0.0 0.032514963 0.017944714 0.0 0.0 0.0 0.0 0.0 0.0019025994 0.0057519623 0.0 0.0
3615 1485 0.0 0.0 0.0 0.0 0.0 0.0 0.0 0.0 0.0 0.0 0.0 0.0 0.0 0.0 0.0 0.0 0.0 0.0 0.0 0.0 0.0 0.0 0.0 0.0 0.0 0.0 0.0 0.0 0.0 0.0 0.0 0.0 0.0 0.0 0.0 0.0 0.0 0.0 0.0 0.0 0.0 0.0 0.0 0.0
3420 1420 0.0 0.11077437 0.11420498 0.05263082 0.07667549 0.0004195393 0.00214123 0.0090229055 0.0 0.66774213 0.0 0.0 0.023272438 0.0 0.0 0.0 0.015143947 0.0 0.0 0.0 0.0 0.0 0.0 0.0 0.0 0.0 0.0 0.0 0.40395215 0.29885045 0.0 0.09454838 0.0 0.0 0.0 0.3817892 0.2896017 0.013032688 0.0 0.0 0.0 0.0 0.0 0.0
3260 1440 0.00022902878 0.10379596 0.014368104 0.0074434946 0.08079854 0.0 0.0 0.0 4.1951498e-05 0.51467437 0.0 0.0 0.0032350076 0.0 0.0 0.0 0.0022349944 0.0 0.0 0.0 0.0015781744 0.0 0.0 0.0 0.0 0.0 0.0 0.00018878173 0.0049304194 0.30464226 0.0 0.46346402 0.0 0.0004543444 0.0029526027 0.2725476 0.32019824 0.0005144435 0.013392163 0.0016916734 0.0 0.0 0.0 0.0028129804
2840 1400 0.0 0.0 0.0007117514 0.0 0.008179514 0.0 0.0 0.0 0.009506082 0.002310561 0.30536073 0.0 0.0 0.3431646 0.0 0.0 0.7108044 0.0 0.0 0.0 0.0 0.0 0.3910448 0.0 0.0 0.0 0.0 0.0 0.0 0.0 0.0 0.0 0.0 0.0 0.0 0.0 0.0 0.0 0.0 0.0 0.0 0.0 0.0 0.0
3380 1420 0.0 0.08404267 0.005640646 0.044863645 0.0052063623 0.00082272495 0.004609478 0.010212571 0.0 0.62919784 0.0 0.0 0.0033928298 0.0 0.0 0.0 0.0028110612 0.0 0.0 0.0 0.0 0.0 0.0 0.0 0.0 0.0 0.0 0.0 0.39846775 0.2459791 0.0 0.4417664 0.0 0.0 0.0 0.33204156 0.24569039 0.0058965343 0.0 0.0 0.0 0.0 0.0 0.0
3240 1480 0.008473821 0.01641908 0.09847992 0.060670774 0.119385935 0.0 0.0016466161 0.0 0.0020684293 0.5794529 0.0 0.0 0.037308402 0.0 0.0054103103 0.0 0.0015239103 0.0051750797 0.0 0.0 0.0020240243 0.0035284632 0.0 0.00037487203 0.0 0.0 0.0 0.004626393 0.0032383092 0.017315427 0.0 0.51451135 0.0 0.001767815 0.044793297 0.16048944 0.02845243 0.0 0.016196636 0.024893448 0.0 0.0 0.0 0.0047272006
3040 1400 0.14827122 0.0 0.25470972 0.102169625 0.37733474 0.09391119 0.015588365 0.0 0.025169514 0.24653733 0.21625534 0.0 0.07084889 0.23844409 0.24217963 0.025099706 0.2866003 0.24511105 0.24853456 0.012306278 0.04145305 0.05999218 0.19959396 0.15495732 0.04853025 0.064333215 0.014015176 0.08299663 0.0 0.0 0.12962763 0.1966756 0.0 0.21963327 0.1373186 0.0024072395 0.0 0.0 0.06999087 0.004489226 0.213099 0.018111104 0.0023755047 0.02023272
3495 1505 0.0 0.090277776 0.114583336 0.065972224 0.052083332 0.0 0.0 0.0 0.0 0.5763889 0.0 0.0 0.034722224 0.0 0.0 0.0 0.104166664 0.0 0.0 0.0 0.0 0.0 0.0 0.0 0.0 0.0 0.0 0.0 0.4375 0.29166666 0.0 0.0 0.0 0.0 0.0 0.104166664 0.27083334 0.0 0.0 0.0 0.0 0.0 0.0 0.0
3000 1480 0.023050513 0.0 0.13437031 0.036190916 0.2417705 0.03264575 0.059250027 0.0 0.0058176946 0.25317362 0.0029617408 0.0 0.0029744566 0.055668615 0.036996175 0.063714355 0.2168481 0.027344527 0.13350108 0.018084036 0.018545663 0.0013830934 0.023428127 0.07862401 0.0022573874 0.024200253 0.0057458878 0.080536924 0.0038549877 0.0 0.17507455 0.037980758 0.0 0.024135498 0.13162929 0.0 0.0 0.0 0.0016136089 0.005171299 0.004804495 0.05140059 0.0 0.0061384533
3360 1460 0.0 0.095197104 0.05342463 0.05140201 0.05450584 0.04317863 0.079057276 0.14606014 0.0 0.611763 0.0 0.0 0.014671306 0.0 0.0 0.0 0.03425601 0.0 0.0 0.0 0.0 0.0 0.0 0.0 0.0 0.0 0.0 0.0 0.4367255 0.24109298 0.0 0.52080846 0.0 0.0 0.0 0.29770762 0.25840786 0.14951172 0.0 0.0 0.0 0.0 0.0 0.0
3440 1480 0.0 0.09075264 0.11475804 0.009617551 0.052462537 0.0 0.0 0.0006324021 0.0 0.5757723 0.0 0.0 0.034446668 0.0 0.0 0.0 0.10109842 0.0 0.0 0.0 0.0 0.0 0.0 0.0 0.0 0.0 0.0 0.0 0.06504284 0.29007748 0.0 0.0045607355 0.0 0.0 0.0 0.114853844 0.27012026 0.0013912847 0.0 0.0 0.0 0.0 0.0 0.0
3575 1525 0.0 0.0 0.0 0.0 0.0 0.0 0.0 0.0 0.0 0.0 0.0 0.0 0.0 0.0 0.0 0.0 0.0 0.0 0.0 0.0 0.0 0.0 0.0 0.0 0.0 0.0 0.0 0.0 0.0 0.0 0.0 0.0 0.0 0.0 0.0 0.0 0.0 0.0 0.0 0.0 0.0 0.0 0.0 0.0
3200 1480 0.022402517 0.09592846 0.0848957 0.12762909 0.3175377 0.0008639407 0.0062026703 0.0 0.06871086 0.53835714 0.0 0.0 0.0076985536 0.0 0.018051716 0.00075296155 0.0022568882 0.01726686 0.0 0.0 0.010774369 0.017899923 0.0 0.0018933113 0.00070950756 0.0012162987 0.0069106873 0.16716811 0.0 0.004049168 0.0 0.52634275 0.0 0.000867936 0.018460067 0.2433697 0.21024035 0.0 0.0 0.14884493 0.0 0.0 0.0020061228 0.0005394148
3420 1520 0.0 0.13510709 0.07747706 0.048856772 0.074755356 0.0099469405 0.010135095 0.058330156 0.0 0.5438728 0.0 0.0 0.023703171 0.0 0.0 0.0 0.051884815 0.0 0.0 0.0 0.0 0.0 0.0 0.0 0.0 0.0 0.0 0.0 0.3678991 0.28778896 0.0 0.2493879 0.0 0.0 0.0 0.31200346 0.28504395 0.10078097 0.0 0.0 0.0 0.0 0.0 0.0
3455 1505 0.0 0.10231777 0.11144957 0.04215937 0.060763262 0.0 0.0 0.0125340745 0.0 0.56149065 0.0 0.0 0.03006318 0.0 0.0 0.0 0.06015401 0.0 0.0 0.0 0.0 0.0 0.0 0.0 0.0 0.0 0.0 0.0 0.29128373 0.2785005 0.0 0.08550384 0.0 0.0 0.0 0.26801544 0.26433748 0.027574966 0.0 0.0 0.0 0.0 0.0 0.0
3400 1480 0.0 0.17008713 0.05871404 0.042395968 0.078020275 0.0123694325 0.014561499 0.09294165 0.0 0.5634277 0.0 0.0 0.0212101 0.0 0.0 0.0 0.06583667 0.0 0.0 0.0 0.0 0.0 0.0 0.0 0.0 0.0 0.0 0.0 0.41200948 0.29187676 0.0 0.36983663 0.0 0.0 0.0 0.30998024 0.3072248 0.1643695 0.0 0.0 0.0 0.0 0.0 0.0
3535 1525 0.0 0.0 0.0 0.0 0.0 0.0 0.0 0.0 0.0 0.0 0.0 0.0 0.0 0.0 0.0 0.0 0.0 0.0 0.0 0.0 0.0 0.0 0.0 0.0 0.0 0.0 0.0 0.0 0.0 0.0 0.0 0.0 0.0 0.0 0.0 0.0 0.0 0.0 0.0 0.0 0.0 0.0 0.0 0.0
3260 1540 0.00215554 0.11092538 0.08457108 0.021473767 0.11339361 0.0 0.0 0.0 0.0 0.5475165 0.0 0.0 0.029373573 0.0 0.0 0.0 0.0 0.0 0.0 0.0 0.0 0.0 0.0 0.0 0.0 0.0 0.0 0.0 0.0 0.07238568 0.0 0.27939165 0.0 0.0 0.00646662 0.07847777 0.15126187 0.0 0.109943956 0.008520424 0.0 0.0 0.0 0.0
3475 1465 0.0 0.07889952 0.13197304 0.03052375 0.04383976 0.0 0.0 0.0 0.0 0.5722886 0.0 0.0 0.024636649 0.0 0.0 0.0 0.0728653 0.0 0.0 0.0 0.0 0.0 0.0 0.0 0.0 0.0 0.0 0.0 0.15896805 0.25132623 0.0 0.0 0.0 0.0 0.0 0.22954684 0.24064404 0.0 0.0 0.0 0.0 0.0 0.0 0.0
3655 1505 0.0 0.0 0.0 0.0 0.0 0.0 0.0 0.0 0.0 0.0 0.0 0.0 0.0 0.0 0.0 0.0 0.0 0.0 0.0 0.0 0.0 0.0 0.0 0.0 0.0 0.0 0.0 0.0 0.0 0.0 0.0 0.0 0.0 0.0 0.0 0.0 0.0 0.0 0.0 0.0 0.0 0.0 0.0 0.0
3380 1520 0.0 0.1286978 0.054651152 0.04370749 0.06649543 0.0374099 0.05542159 0.1670313 0.0 0.54329425 0.0 0.0 0.010110529 0.0 0.0 0.0 0.044485003 0.0 0.0 0.0 0.0 0.0 0.0 0.0 0.0 0.0 0.0 0.0 0.40857124 0.26752394 0.0 0.46140227 0.0 0.0 0.0 0.2753936 0.28527454 0.20039494 0.0 0.0 0.0 0.0 0.0 0.0
3635 1545 0.0 0.0 0.0 0.0 0.0 0.0 0.0 0.0 0.0 0.0 0.0 0.0 0.0 0.0 0.0 0.0 0.0 0.0 0.0 0.0 0.0 0.0 0.0 0.0 0.0 0.0 0.0 0.0 0.0 0.0 0.0 0.0 0.0 0.0 0.0 0.0 0.0 0.0 0.0 0.0 0.0 0.0 0.0 0.0
3120 1420 0.16596715 0.0031761918 0.14955193 0.1365992 0.36900556 0.009426942 0.036981326 0.0 0.0543024 0.37499946 0.0 0.0049386867 0.040568728 0.11695136 0.0 0.059299283 0.14256613 0.0 0.022572577 0.0 0.06638315 0.21846834 0.0 0.07146412 0.017693546 0.03170351 0.3299173 0.07065683 0.0 0.0047642877 0.003609449 0.22702816 0.034483317 0.018168475 0.25798455 0.047459584 0.0047642877 0.0 0.002807349 0.1798602 0.0 0.0 0.0514205 0.15940744
3240 1400 0.0014515009 0.012600588 0.12658063 0.04855484 0.09155981 0.00049275527 0.0005965937 0.0 0.0017257408 0.5865933 0.0 0.0 0.0050351582 0.0 0.0019602366 0.0 0.0019637004 0.0018750089 0.0 0.0 0.035321426 0.0012784151 0.0 0.0007391328 0.0 0.0 0.0028087047 0.008210642 0.0034364755 0.02583906 0.0 0.08138104 0.0 0.005967395 0.07916637 0.1503683 0.031709798 0.0 0.0057904213 0.015594666 0.0 0.0 0.0 0.104576916
3000 1400 0.017445346 0.0 0.22063433 0.023672998 0.25440118 0.021654738 0.002855718 0.0 0.0012765062 0.030626137 0.058524057 0.0 0.009240872 0.0704663 0.23089847 0.004801388 0.32104006 0.034827963 0.24166296 0.0033323253 0.035925325 0.0020938828 0.27010462 0.045760185 0.010490764 0.008718351 0.00037877017 0.01725959 0.0 0.0 0.21675266 0.025111366 0.0 0.086240195 0.022860492 0.0 0.0 0.0 0.0024428633 0.00034089317 0.26791704 0.18042965 0.0 0.0026752963
3080 1420 0.035179168 0.0 0.16115345 0.12776327 0.40231204 0.008894582 0.008459066 0.0 0.0415772 0.365014 0.003976522 0.00059493276 0.03283448 0.015468009 0.00419744 0.0045949942 0.017367061 0.0044183577 0.22410326 0.0024506638 0.057957735 0.036552954 0.0033137684 0.03241167 0.0026355768 0.037449908 0.25662807 0.29961774 0.0 0.0 0.038808372 0.29255456 0.0 0.19496599 0.25017947 0.06405012 0.0 0.0 0.02732518 0.018437363 0.0035346865 0.0 0.07153692 0.09779969
2940 1480 0.08375562 0.0 0.014886503 0.01965673 0.23324019 0.006495028 0.0 0.0 0.00032301142 0.030088576 0.02677314 0.0 0.009569988 0.2572402 0.00023021195 0.0 0.4021486 0.0 0.0 0.0010240253 0.010354253 0.0 0.2755847 0.07770207 0.0001664585 0.0073595396 0.0 0.08650608 0.08964306 0.0 0.0 0.0070862877 0.0 0.06167343 0.09043026 0.0 0.0 0.0 0.0 0.0 0.001983216 0.019980365 0.0 0.0
3440 1400 0.0 0.120631345 0.10166738 0.04626128 0.07777986 0.0 0.0 0.004733372 0.0 0.63822633 0.0 0.0 0.013834124 0.0 0.0 0.0 0.05137329 0.0 0.0 0.0 0.0 0.0 0.0 0.0 0.0 0.0 0.0 0.0 0.25067484 0.33619472 0.0 0.06222971 0.0 0.0 0.0 0.32595262 0.3366244 0.010413419 0.0 0.0 0.0 0.0 0.0 0.0
3200 1400 0.04098422 0.06309233 0.16056201 0.14909141 0.24924575 0.021812761 0.024931053 0.0 0.025727943 0.5591908 0.0 0.0 0.01910204 0.0 0.044326432 0.012155424 0.002358799 0.042399198 0.0 0.0 0.028631002 0.05158185 0.0 0.028133472 0.004586319 0.0075750463 0.12080524 0.1585842 0.0 0.010893633 0.0 0.55168635 0.0025855524 0.07122664 0.18953995 0.07266253 0.018592335 0.0 0.0 0.28296295 0.0 0.0 0.0020967103 0.013153101
3060 1460 0.07764453 0.0 0.09683252 0.08925607 0.3217962 0.04533059 0.08145993 0.0 0.042751215 0.35635704 0.007784246 0.00049953384 0.037866183 0.041499402 0.022636317 0.065124534 0.060012646 0.027576296 0.053420216 0.019960528 0.08897412 0.080027595 0.007295022 0.049854185 0.008276794 0.13883337 0.11063227 0.22260809 0.0 0.0 0.16440739 0.32401115 0.0 0.07631979 0.12019828 0.008968063 0.0 0.0 0.0897154 0.08686199 0.0077896453 0.020871276 0.01692699 0.0608598
3420 1440 0.0 0.09562093 0.10143705 0.04912503 0.06893183 0.0017365508 0.00324166 0.014814235 0.0 0.61792165 0.0 0.0 0.02359112 0.0 0.0 0.0 0.022271514 0.0 0.0 0.0 0.0 0.0 0.0 0.0 0.0 0.0 0.0 0.0 0.3805445 0.20538352 0.0 0.1957218 0.0 0.0 0.0 0.3153264 0.25201434 0.023701936 0.0 0.0 0.0 0.0 0.0 0.0
3400 1400 0.0 0.10049927 0.101137236 0.02194251 0.05858791 0.00087688596 0.008312829 0.026463857 0.0 0.69196916 0.0 0.0 0.032926943 0.0 0.0 0.0 0.012994918 0.0 0.0 0.0 0.0 0.0 0.0 0.0 0.0 0.0 0.0 0.0 0.41536847 0.27203766 0.0 0.15810749 0.0 0.0 0.0 0.3077368 0.24125345 0.020678816 0.0 0.0 0.0 0.0 0.0 0.0
2900 1480 0.0010194804 0.00024274789 0.00086419797 0.023672894 0.24469921 0.0021416778 0.0 0.0 0.00024320815 0.0023438544 0.011551312 0.0 0.0009190978 0.022526791 0.0 0.0 0.33925352 0.0 0.0 0.0 4.4442982e-05 0.0 0.37052876 0.00047524666 0.0 0.0 0.0 0.0036817137 0.00066972105 0.0 0.0 0.0 0.0 0.0014377877 0.003628536 0.0 0.0 0.0 0.0 0.0 0.0 8.960219e-05 0.0 0.0
3180 1440 0.06314266 0.053955086 0.12977602 0.16253461 0.26258317 0.0380615 0.090883456 0.0 0.024402045 0.5418536 0.0 0.0 0.031250536 0.00054291676 0.21904743 0.028820744 0.020764165 0.20952363 0.0 0.0 0.05443249 0.24555533 0.0 0.06631342 0.01239993 0.01895031 0.2734823 0.07814005 0.0 0.0671477 0.0 0.56762326 0.0069987196 0.010128641 0.21571636 0.1626266 0.08297056 0.0 0.0 0.22645964 0.0 0.0 0.01749138 0.00449788
3515 1485 0.0 0.0 0.0 0.0 0.0 0.0 0.0 0.0 0.0 0.0 0.0 0.0 0.0 0.0 0.0 0.0 0.0 0.0 0.0 0.0 0.0 0.0 0.0 0.0 0.0 0.0 0.0 0.0 0.0 0.0 0.0 0.0 0.0 0.0 0.0 0.0 0.0 0.0 0.0 0.0 0.0 0.0 0.0 0.0
3020 1460 0.017835218 0.0 0.1814566 0.08733333 0.33806184 0.027779512 0.27638718 0.0 0.0034322867 0.1927185 0.006655765 0.0 0.012226834 0.28491467 0.15937881 0.28649604 0.3169364 0.20785412 0.0659318 0.013231891 0.0456601 0.003718228 0.014905892 0.16940257 0.002052328 0.026792549 0.008522655 0.035147242 0.0 0.0 0.05849578 0.03389455 0.0 0.011392811 0.04514477 0.0 0.0 0.0 0.0043379324 0.0076703895 0.011222986 0.21068788 0.0 0.01598308
3380 1440 0.0 0.09565762 0.0299693 0.04573951 0.05692904 0.013787915 0.032124266 0.0705367 0.0 0.6211614 0.0 0.0 0.015943283 0.0 0.0 0.0 0.01974237 0.0 0.0 0.0 0.0 0.0 0.0 0.0 0.0 0.0 0.0 0.0 0.42105895 0.23472668 0.0 0.39818004 0.0 0.0 0.0 0.2947575 0.24048 0.068387136 0.0 0.0 0.0 0.0 0.0 0.0
