3635 1465 0.0
3495 1525 0.0
3575 1545 0.0
3455 1525 0.0
2940 1400 0.0032558097
3535 1545 0.0
3340 1480 0.0096342405
3655 1525 0.0
2900 1400 0.0
3320 1520 0.04269288
3120 1440 0.13575023
3300 1480 0.050066564
2880 1440 0.0003585309
3240 1420 0.039340273
3280 1520 0.03290428
3000 1420 0.04061858
3080 1440 0.107346795
3360 1400 0.0008808943
3440 1420 0.0
3575 1465 0.0
3200 1420 0.068818554
3535 1465 0.0
3400 1420 0.0
3515 1505 0.0
3040 1480 0.08903893
3320 1440 0.046486888
3635 1485 0.0
3160 1460 0.11400279
3280 1440 0.035783235
2940 1420 0.007875063
3475 1545 0.0
3340 1500 0.017728463
3060 1400 0.13564463
3595 1525 0.0
2900 1420 1.1003789e-05
3320 1540 0.057563722
3300 1500 0.049578823
3020 1400 0.18580349
3555 1525 0.0
3280 1540 0.033599034
3495 1465 0.0
2860 1460 0.00017060575
3140 1420 0.026508773
3220 1440 0.11182599
3455 1465 0.0
2980 1440 0.05689085
3340 1420 0.004496186
3100 1420 0.18083255
2960 1480 0.09834018
3320 1460 0.09541519
3300 1420 0.010241786
3160 1480 0.092649356
2920 1480 0.038125534
3280 1460 0.022117779
3615 1505 0.0
3595 1545 0.0
2840 1420 0.0
3555 1545 0.0
2960 1400 0.009572441
3040 1420 0.13916299
3360 1480 0.0035703436
3160 1400 0.10882591
3440 1500 0.0
2920 1400 0.0016030655
2860 1480 0.0004113981
3140 1440 0.12001283
3220 1460 0.078695945
3400 1500 0.0
3420 1540 0.0
2980 1460 0.04506803
3340 1440 0.009390835
3475 1485 0.0
3380 1540 0.0
3100 1440 0.15952386
3595 1465 0.0
3300 1440 0.012119011
3555 1465 0.0
3060 1480 0.10720714
2860 1400 0.0
3420 1460 0.0
3180 1460 0.14641501
3260 1480 0.04896305
2840 1440 0.0
3020 1480 0.10188943
3380 1460 0.0
2960 1420 0.016495062
3040 1440 0.08392625
3495 1545 0.0
3360 1500 0.0086098295
3160 1420 0.108872026
3440 1520 0.0
2920 1420 0.0020324038
3455 1545 0.0
3400 1520 0.0
3655 1545 0.0
3260 1400 0.04439712
3120 1460 0.09474731
2880 1460 0.0014438526
3240 1440 0.044178665
3575 1485 0.0
3000 1440 0.039254606
3080 1460 0.11456703
3360 1420 0.001578748
3440 1440 0.0
3200 1440 0.013878722
2860 1420 0.0
3420 1480 0.0
3400 1440 0.0
3535 1485 0.0
3180 1480 0.15619414
3260 1500 0.03514503
3655 1465 0.0
3515 1525 0.0
3380 1480 0.0
3635 1505 0.0
3260 1460 0.019423064
2940 1440 0.011380873
3340 1520 0.028863436
3060 1420 0.13913845
3420 1400 0.0
2900 1440 0.00022890499
3180 1400 0.07139988
3260 1420 0.060627893
3120 1480 0.07882181
3300 1520 0.04078391
3020 1420 0.2133338
3380 1400 0.0
2880 1480 0.0017863533
3240 1460 0.04529058
3495 1485 0.0
3000 1460 0.036550608
3080 1480 0.10589442
3360 1440 0.0027994576
3575 1505 0.0
3200 1460 0.018742414
3455 1485 0.0
3535 1505 0.0
3655 1485 0.0
3515 1545 0.0
3320 1480 0.09857052
3120 1400 0.16018084
2880 1400 0.0
3280 1480 0.011240512
3080 1400 0.19503565
2940 1460 0.02127833
3615 1525 0.0
3340 1540 0.02971203
3060 1440 0.08072596
2900 1460 0.0006190384
3180 1420 0.14538343
3300 1540 0.053772938
3020 1440 0.11593933
3515 1465 0.0
3320 1400 0.0056104106
3280 1400 0.037235323
3140 1460 0.12198136
3220 1480 0.117620215
3475 1505 0.0
2980 1480 0.04796373
3340 1460 0.011527853
3595 1485 0.0
3100 1460 0.16597433
3320 1500 0.054168284
3300 1460 0.014936362
2880 1420 0.0
3555 1485 0.0
3280 1500 0.019291569
3615 1545 0.0
3220 1400 0.0980924
2980 1400 0.042293053
2840 1460 0.0
3040 1460 0.077220336
2960 1440 0.11445854
3320 1420 0.0026692112
3360 1520 0.011224912
3160 1440 0.11525368
3440 1540 0.0
2920 1440 0.0043008053
3280 1420 0.036467377
3140 1480 0.12076311
3400 1540 0.0
3615 1465 0.0
3475 1525 0.0
3595 1505 0.0
3100 1480 0.14483385
3555 1505 0.0
3440 1460 0.0
2860 1440 0.0
3140 1400 0.06904729
3220 1420 0.08776196
3400 1460 0.0
3420 1500 0.0
2980 1420 0.057573643
3340 1400 0.0032173896
2840 1480 0.0
3260 1520 0.03434591
3380 1500 0.0
3100 1400 0.17600401
2960 1460 0.12525716
3635 1525 0.0
3300 1400 0.010630123
3360 1540 0.0
2920 1460 0.0080093965
3615 1485 0.0
3420 1420 0.0
3260 1440 0.00631614
2840 1400 0.0
3380 1420 0.0
3240 1480 0.043649387
3040 1400 0.1805014
3495 1505 0.0
3000 1480 0.04805003
3360 1460 0.0041147172
3440 1480 0.0
3575 1525 0.0
3200 1480 0.041705243
3420 1520 0.0
3455 1505 0.0
3400 1480 0.0
3535 1525 0.0
3260 1540 0.028971335
3475 1465 0.0
3655 1505 0.0
3380 1520 0.0
3635 1545 0.0
3120 1420 0.13958547
3240 1400 0.014256298
3000 1400 0.050215825
3080 1420 0.19855466
2940 1480 0.034426924
3440 1400 0.0
3200 1400 0.13235068
3060 1460 0.12208285
3420 1440 0.0
3400 1400 0.0
2900 1480 0.0015442439
3180 1440 0.15556957
3515 1485 0.0
3020 1460 0.0988803
3380 1440 0.0
