Started:Mtr_Klb_5572a8422e8a67cf_45_50_44_67_1596526889227
1596526948847 01022002-f48f-0100-000b-c2c3cbb9d51f,39264,65523,-98,1596526948847
1596526949409 01022002-f48f-0100-000b-c2c3cbb9d51f,39264,65523,-98,1596526949409
1596526953691 01022002-f48f-0100-000b-c2c3cbb9d51f,39264,65523,-98,1596526953691
1596526953718 00e54f08-e3d6-622d-7cd0-afb7514e5cdd,23558,25768,-95,1596526953719 01022002-f48f-0100-000b-c2c3cbb9d51f,39264,65523,-98,1596526953691
1596526953869 00e54f08-e3d6-622d-7cd0-afb7514e5cdd,23558,25768,-95,1596526953719 01022002-f48f-0100-000b-c2c3cbb9d51f,39264,65523,-98,1596526953869
1596526953953 00a3b931-c830-897f-47e9-d5a2e2a9d372,52401,27740,-84,1596526953953 00e54f08-e3d6-622d-7cd0-afb7514e5cdd,23558,25768,-95,1596526953719 01022002-f48f-0100-000b-c2c3cbb9d51f,39264,65523,-98,1596526953868
1596526958900 00a3b931-c830-897f-47e9-d5a2e2a9d372,52401,27740,-84,1596526953953 00e54f08-e3d6-622d-7cd0-afb7514e5cdd,23558,25768,-95,1596526953719 01022002-f48f-0100-000b-c2c3cbb9d51f,39264,65523,-98,1596526958900
1596526963978 00a3b931-c830-897f-47e9-d5a2e2a9d372,52401,27740,-84,1596526963978 00e54f08-e3d6-622d-7cd0-afb7514e5cdd,23558,25768,-95,1596526953719 01022002-f48f-0100-000b-c2c3cbb9d51f,39264,65523,-98,1596526958900
1596526964115 00a3b931-c830-897f-47e9-d5a2e2a9d372,52401,27740,-84,1596526963978 00e54f08-e3d6-622d-7cd0-afb7514e5cdd,23558,25768,-95,1596526953719 01022002-f48f-0100-000b-c2c3cbb9d51f,39264,65523,-98,1596526964116
1596526964485 00a3b931-c830-897f-47e9-d5a2e2a9d372,52401,27740,-84,1596526963978 00e54f08-e3d6-622d-7cd0-afb7514e5cdd,23558,25768,-95,1596526953719 01022002-f48f-0100-000b-c2c3cbb9d51f,39264,65523,-98,1596526964485
1596526969335 00a3b931-c830-897f-47e9-d5a2e2a9d372,52401,27740,-84,1596526963978 00e54f08-e3d6-622d-7cd0-afb7514e5cdd,23558,25768,-95,1596526953719 01022002-f48f-0100-000b-c2c3cbb9d51f,39264,65523,-98,1596526969335
1596526969454 00a3b931-c830-897f-47e9-d5a2e2a9d372,52401,27740,-84,1596526963978 0c807199-0767-4dd5-9d63-0acd75c0183f,52659,31726,-90,1596526969454 00e54f08-e3d6-622d-7cd0-afb7514e5cdd,23558,25768,-95,1596526953719 01022002-f48f-0100-000b-c2c3cbb9d51f,39264,65523,-98,1596526969335
1596526969512 00a3b931-c830-897f-47e9-d5a2e2a9d372,52401,27740,-84,1596526963978 0c807199-0767-4dd5-9d63-0acd75c0183f,52659,31726,-90,1596526969454 00e54f08-e3d6-622d-7cd0-afb7514e5cdd,23558,25768,-95,1596526953719 01022002-f48f-0100-000b-c2c3cbb9d51f,39264,65523,-98,1596526969512
1596526979416 00a3b931-c830-897f-47e9-d5a2e2a9d372,52401,27740,-84,1596526963978 01022000-f98f-0000-00e3-39405fc228aa,7434,14984,-90,1596526979416 0c807199-0767-4dd5-9d63-0acd75c0183f,52659,31726,-90,1596526969453 00e54f08-e3d6-622d-7cd0-afb7514e5cdd,23558,25768,-95,1596526953719 01022002-f48f-0100-000b-c2c3cbb9d51f,39264,65523,-98,1596526969512
1596526988257 00a3b931-c830-897f-47e9-d5a2e2a9d372,52401,27740,-84,1596526963978 01022000-f98f-0000-007c-c441147ef97e,37546,32292,-90,1596526988257 01022000-f98f-0000-00e3-39405fc228aa,7434,14984,-90,1596526979416 0c807199-0767-4dd5-9d63-0acd75c0183f,52659,31726,-90,1596526969454 00e54f08-e3d6-622d-7cd0-afb7514e5cdd,23558,25768,-95,1596526953719 01022002-f48f-0100-000b-c2c3cbb9d51f,39264,65523,-98,1596526969512
1596526993607 00a3b931-c830-897f-47e9-d5a2e2a9d372,52401,27740,-84,1596526963978 01022000-f98f-0000-007c-c441147ef97e,37546,32292,-90,1596526988257 01022000-f98f-0000-00e3-39405fc228aa,7434,14984,-90,1596526979416 0c807199-0767-4dd5-9d63-0acd75c0183f,52659,31726,-90,1596526969454 00e54f08-e3d6-622d-7cd0-afb7514e5cdd,23558,25768,-95,1596526953719 01022002-f48f-0100-000b-c2c3cbb9d51f,39264,65523,-98,1596526969512 0102200b-898f-0000-00db-75dc22f1b23d,30747,19521,-74,1596526993606
1596526994029 00a3b931-c830-897f-47e9-d5a2e2a9d372,52401,27740,-84,1596526963978 01022000-f98f-0000-007c-c441147ef97e,37546,32292,-90,1596526994029 01022000-f98f-0000-00e3-39405fc228aa,7434,14984,-90,1596526979416 0c807199-0767-4dd5-9d63-0acd75c0183f,52659,31726,-90,1596526969454 00e54f08-e3d6-622d-7cd0-afb7514e5cdd,23558,25768,-95,1596526953719 01022002-f48f-0100-000b-c2c3cbb9d51f,39264,65523,-98,1596526969512 0102200b-898f-0000-00db-75dc22f1b23d,30747,19521,-74,1596526993606
1596526994174 00a3b931-c830-897f-47e9-d5a2e2a9d372,52401,27740,-84,1596526963978 01022000-f98f-0000-007c-c441147ef97e,37546,32292,-90,1596526994029 01022000-f98f-0000-00e3-39405fc228aa,7434,14984,-90,1596526979416 0c807199-0767-4dd5-9d63-0acd75c0183f,52659,31726,-90,1596526969454 00e54f08-e3d6-622d-7cd0-afb7514e5cdd,23558,25768,-95,1596526953719 01022002-f48f-0100-000b-c2c3cbb9d51f,39264,65523,-98,1596526969512 0102200b-898f-0000-00db-75dc22f1b23d,30747,19521,-74,1596526994174
1596526994356 00a3b931-c830-897f-47e9-d5a2e2a9d372,52401,27740,-84,1596526963978 01022000-f98f-0000-007c-c441147ef97e,37546,32292,-90,1596526994029 01022000-f98f-0000-00e3-39405fc228aa,7434,14984,-90,1596526979416 0c807199-0767-4dd5-9d63-0acd75c0183f,52659,31726,-90,1596526969454 00e54f08-e3d6-622d-7cd0-afb7514e5cdd,23558,25768,-95,1596526953719 01022002-f48f-0100-000b-c2c3cbb9d51f,39264,65523,-98,1596526969512 0102200b-898f-0000-00db-75dc22f1b23d,30747,19521,-74,1596526994356
1596526998669 00a3b931-c830-897f-47e9-d5a2e2a9d372,52401,27740,-84,1596526963978 01022000-f98f-0000-007c-c441147ef97e,37546,32292,-90,1596526994029 01022000-f98f-0000-00e3-39405fc228aa,7434,14984,-90,1596526979416 0c807199-0767-4dd5-9d63-0acd75c0183f,52659,31726,-90,1596526969454 00e54f08-e3d6-622d-7cd0-afb7514e5cdd,23558,25768,-95,1596526953719 01022002-f48f-0100-000b-c2c3cbb9d51f,39264,65523,-98,1596526969512 0102200b-898f-0000-00db-75dc22f1b23d,30747,19521,-74,1596526998669
1596526999008 00a3b931-c830-897f-47e9-d5a2e2a9d372,52401,27740,-84,1596526963978 01022000-f98f-0000-007c-c441147ef97e,37546,32292,-90,1596526994029 01022000-f98f-0000-00e3-39405fc228aa,7434,14984,-90,1596526979416 0c807199-0767-4dd5-9d63-0acd75c0183f,52659,31726,-90,1596526969454 00e54f08-e3d6-622d-7cd0-afb7514e5cdd,23558,25768,-95,1596526953719 01022002-f48f-0100-000b-c2c3cbb9d51f,39264,65523,-98,1596526999008 0102200b-898f-0000-00db-75dc22f1b23d,30747,19521,-74,1596526998669
1596526999037 00a3b931-c830-897f-47e9-d5a2e2a9d372,52401,27740,-84,1596526963978 01022000-f98f-0000-007c-c441147ef97e,37546,32292,-90,1596526999037 01022000-f98f-0000-00e3-39405fc228aa,7434,14984,-90,1596526979416 0c807199-0767-4dd5-9d63-0acd75c0183f,52659,31726,-90,1596526969454 00e54f08-e3d6-622d-7cd0-afb7514e5cdd,23558,25768,-95,1596526953719 01022002-f48f-0100-000b-c2c3cbb9d51f,39264,65523,-98,1596526999007 0102200b-898f-0000-00db-75dc22f1b23d,30747,19521,-74,1596526998669
1596526999408 00a3b931-c830-897f-47e9-d5a2e2a9d372,52401,27740,-84,1596526963978 01022000-f98f-0000-007c-c441147ef97e,37546,32292,-90,1596526999408 01022000-f98f-0000-00e3-39405fc228aa,7434,14984,-90,1596526979416 0c807199-0767-4dd5-9d63-0acd75c0183f,52659,31726,-90,1596526969454 00e54f08-e3d6-622d-7cd0-afb7514e5cdd,23558,25768,-95,1596526953719 01022002-f48f-0100-000b-c2c3cbb9d51f,39264,65523,-98,1596526999008 0102200b-898f-0000-00db-75dc22f1b23d,30747,19521,-74,1596526998669
1596526999761 00a3b931-c830-897f-47e9-d5a2e2a9d372,52401,27740,-84,1596526963978 01022000-f98f-0000-007c-c441147ef97e,37546,32292,-90,1596526999408 01022000-f98f-0000-00e3-39405fc228aa,7434,14984,-90,1596526979416 0c807199-0767-4dd5-9d63-0acd75c0183f,52659,31726,-90,1596526969454 00e54f08-e3d6-622d-7cd0-afb7514e5cdd,23558,25768,-95,1596526953719 01022002-f48f-0100-000b-c2c3cbb9d51f,39264,65523,-98,1596526999761 0102200b-898f-0000-00db-75dc22f1b23d,30747,19521,-74,1596526998668
1596526999796 00a3b931-c830-897f-47e9-d5a2e2a9d372,52401,27740,-84,1596526963977 01022000-f98f-0000-007c-c441147ef97e,37546,32292,-90,1596526999796 01022000-f98f-0000-00e3-39405fc228aa,7434,14984,-90,1596526979416 0c807199-0767-4dd5-9d63-0acd75c0183f,52659,31726,-90,1596526969454 00e54f08-e3d6-622d-7cd0-afb7514e5cdd,23558,25768,-95,1596526953719 01022002-f48f-0100-000b-c2c3cbb9d51f,39264,65523,-98,1596526999761 0102200b-898f-0000-00db-75dc22f1b23d,30747,19521,-74,1596526998669
