Started:Mtr_Klb_5572a8422e8a67cf_345_40_345_55_1596526561326
1596526618331 01022022-f98f-0300-006b-42e234812013,32261,50831,-92,1596526618331
1596526624117 01022022-f98f-0300-006b-42e234812013,32261,50831,-92,1596526624118
1596526628599 01022022-f98f-0300-006b-42e234812013,32261,50831,-92,1596526628599
1596526628968 01022022-f98f-0300-006b-42e234812013,32261,50831,-92,1596526628968
1596526629043 01022022-f98f-0300-006b-42e234812013,32261,50831,-92,1596526628968 0102200b-228f-0100-00df-6c61c475f048,27572,27645,-95,1596526629043
1596526629157 01022022-f98f-0300-006b-42e234812013,32261,50831,-92,1596526629157 0102200b-228f-0100-00df-6c61c475f048,27572,27645,-95,1596526629043
1596526629350 01022022-f98f-0300-006b-42e234812013,32261,50831,-92,1596526629350 0102200b-228f-0100-00df-6c61c475f048,27572,27645,-95,1596526629043
1596526637515 01022022-f98f-0300-006b-42e234812013,32261,50831,-92,1596526637515 0102200b-228f-0100-00df-6c61c475f048,27572,27645,-95,1596526629043
1596526638941 01022022-f98f-0300-006b-42e234812013,32261,50831,-92,1596526637515 0102200b-228f-0100-00df-6c61c475f048,27572,27645,-95,1596526638941
1596526639009 01022022-f98f-0300-006b-42e234812013,32261,50831,-92,1596526639009 0102200b-228f-0100-00df-6c61c475f048,27572,27645,-95,1596526638941
1596526639124 01022022-f98f-0300-006b-42e234812013,32261,50831,-92,1596526639009 0102200b-228f-0100-00df-6c61c475f048,27572,27645,-95,1596526639124
1596526644516 01022022-f98f-0300-006b-42e234812013,32261,50831,-92,1596526639008 0102200b-228f-0100-00df-6c61c475f048,27572,27645,-95,1596526644516
1596526649075 01022022-f98f-0300-006b-42e234812013,32261,50831,-92,1596526649075 0102200b-228f-0100-00df-6c61c475f048,27572,27645,-95,1596526644516
1596526649344 01022022-f98f-0300-006b-42e234812013,32261,50831,-92,1596526649074 0102200b-228f-0100-00df-6c61c475f048,27572,27645,-95,1596526649344
1596526649447 01022022-f98f-0300-006b-42e234812013,32261,50831,-92,1596526649075 01022022-f98f-0300-0074-7aa8d370596b,5192,61621,-92,1596526649447 0102200b-228f-0100-00df-6c61c475f048,27572,27645,-95,1596526649344
1596526654346 01022022-f98f-0300-006b-42e234812013,32261,50831,-92,1596526649075 01022022-f98f-0300-0074-7aa8d370596b,5192,61621,-92,1596526649447 0102200b-228f-0100-00df-6c61c475f048,27572,27645,-95,1596526649344 0102200b-228f-0100-0046-7957efdad8ad,14933,59412,-88,1596526654346
1596526674683 01022022-f98f-0300-006b-42e234812013,32261,50831,-92,1596526649075 01022022-f98f-0300-0074-7aa8d370596b,5192,61621,-92,1596526649447 0102200b-228f-0100-00df-6c61c475f048,27572,27645,-95,1596526649344 0102200b-228f-0100-0046-7957efdad8ad,14933,59412,-88,1596526674683
1596526683943 01022022-f98f-0300-006b-42e234812013,32261,50831,-92,1596526649075 01022022-f98f-0300-0074-7aa8d370596b,5192,61621,-92,1596526649447 0102200b-228f-0100-00df-6c61c475f048,27572,27645,-95,1596526649343 0102200b-228f-0100-0046-7957efdad8ad,14933,59412,-88,1596526683944
1596526684522 01022022-f98f-0300-006b-42e234812013,32261,50831,-92,1596526649075 01022022-f98f-0300-0074-7aa8d370596b,5192,61621,-92,1596526649447 0102200b-228f-0100-00df-6c61c475f048,27572,27645,-95,1596526649344 0102200b-228f-0100-0046-7957efdad8ad,14933,59412,-88,1596526684521
1596526689401 01022022-f98f-0300-006b-42e234812013,32261,50831,-92,1596526649075 01022022-f98f-0300-0074-7aa8d370596b,5192,61621,-92,1596526649447 0102200b-228f-0100-00df-6c61c475f048,27572,27645,-95,1596526649343 b5b182c7-eab1-4988-aa99-b5c1517008d9,1,17691,-92,1596526689401 0102200b-228f-0100-0046-7957efdad8ad,14933,59412,-88,1596526684522
