Started:Mtr_Klb_5572a8422e8a67cf_245_100_275_60_1596526476410
1596526492871 b5b182c7-eab1-4988-aa99-b5c1517008d9,1,36790,-89,1596526492871
1596526499355 b5b182c7-eab1-4988-aa99-b5c1517008d9,1,12760,-84,1596526499355 b5b182c7-eab1-4988-aa99-b5c1517008d9,1,36790,-89,1596526492871
1596526504461 b5b182c7-eab1-4988-aa99-b5c1517008d9,1,12760,-84,1596526499354 b5b182c7-eab1-4988-aa99-b5c1517008d9,1,48946,-87,1596526504461 b5b182c7-eab1-4988-aa99-b5c1517008d9,1,36790,-89,1596526492871
1596526504506 b5b182c7-eab1-4988-aa99-b5c1517008d9,1,12760,-84,1596526499355 b5b182c7-eab1-4988-aa99-b5c1517008d9,1,48946,-87,1596526504461 b5b182c7-eab1-4988-aa99-b5c1517008d9,1,36790,-89,1596526504505
1596526514550 b5b182c7-eab1-4988-aa99-b5c1517008d9,1,12760,-84,1596526499355 b5b182c7-eab1-4988-aa99-b5c1517008d9,1,48946,-87,1596526504461 00e194a4-bc30-6844-826a-457e8ac51005,24,12128,-90,1596526514551 b5b182c7-eab1-4988-aa99-b5c1517008d9,1,36790,-89,1596526504506
1596526514662 b5b182c7-eab1-4988-aa99-b5c1517008d9,1,12760,-84,1596526499355 b5b182c7-eab1-4988-aa99-b5c1517008d9,1,48946,-87,1596526504461 00e194a4-bc30-6844-826a-457e8ac51005,24,12128,-90,1596526514551 b5b182c7-eab1-4988-aa99-b5c1517008d9,1,36790,-89,1596526504506 1cd7412e-a3b1-4084-a538-d07975e147f4,56899,4946,-95,1596526514662
1596526514818 b5b182c7-eab1-4988-aa99-b5c1517008d9,1,12760,-84,1596526499355 b5b182c7-eab1-4988-aa99-b5c1517008d9,1,6065,-85,1596526514818 b5b182c7-eab1-4988-aa99-b5c1517008d9,1,48946,-87,1596526504461 00e194a4-bc30-6844-826a-457e8ac51005,24,12128,-90,1596526514551 b5b182c7-eab1-4988-aa99-b5c1517008d9,1,36790,-89,1596526504506 1cd7412e-a3b1-4084-a538-d07975e147f4,56899,4946,-95,1596526514662
1596526514842 b5b182c7-eab1-4988-aa99-b5c1517008d9,1,12760,-84,1596526499355 b5b182c7-eab1-4988-aa99-b5c1517008d9,1,6065,-85,1596526514818 b5b182c7-eab1-4988-aa99-b5c1517008d9,1,48946,-87,1596526504460 00e194a4-bc30-6844-826a-457e8ac51005,24,12128,-90,1596526514551 00d12291-6398-52dc-a519-731735a21005,18204,752,-93,1596526514842 b5b182c7-eab1-4988-aa99-b5c1517008d9,1,36790,-89,1596526504506 1cd7412e-a3b1-4084-a538-d07975e147f4,56899,4946,-95,1596526514662
1596526514877 b5b182c7-eab1-4988-aa99-b5c1517008d9,1,12760,-84,1596526499354 b5b182c7-eab1-4988-aa99-b5c1517008d9,1,6065,-85,1596526514818 b5b182c7-eab1-4988-aa99-b5c1517008d9,1,48946,-87,1596526504461 00e194a4-bc30-6844-826a-457e8ac51005,24,12128,-90,1596526514551 00d12291-6398-52dc-a519-731735a21005,18204,752,-93,1596526514842 b5b182c7-eab1-4988-aa99-b5c1517008d9,1,7223,-91,1596526514877 b5b182c7-eab1-4988-aa99-b5c1517008d9,1,36790,-89,1596526504506 1cd7412e-a3b1-4084-a538-d07975e147f4,56899,4946,-95,1596526514662
1596526514934 b5b182c7-eab1-4988-aa99-b5c1517008d9,1,12760,-84,1596526499355 b5b182c7-eab1-4988-aa99-b5c1517008d9,1,6065,-85,1596526514818 b5b182c7-eab1-4988-aa99-b5c1517008d9,1,41173,-78,1596526514934 b5b182c7-eab1-4988-aa99-b5c1517008d9,1,48946,-87,1596526504461 00e194a4-bc30-6844-826a-457e8ac51005,24,12128,-90,1596526514551 00d12291-6398-52dc-a519-731735a21005,18204,752,-93,1596526514842 b5b182c7-eab1-4988-aa99-b5c1517008d9,1,7223,-91,1596526514877 b5b182c7-eab1-4988-aa99-b5c1517008d9,1,36790,-89,1596526504506 1cd7412e-a3b1-4084-a538-d07975e147f4,56899,4946,-95,1596526514662
1596526515003 b5b182c7-eab1-4988-aa99-b5c1517008d9,1,12760,-84,1596526515003 b5b182c7-eab1-4988-aa99-b5c1517008d9,1,6065,-85,1596526514818 b5b182c7-eab1-4988-aa99-b5c1517008d9,1,41173,-78,1596526514934 b5b182c7-eab1-4988-aa99-b5c1517008d9,1,48946,-87,1596526504461 00e194a4-bc30-6844-826a-457e8ac51005,24,12128,-90,1596526514551 00d12291-6398-52dc-a519-731735a21005,18204,752,-93,1596526514842 b5b182c7-eab1-4988-aa99-b5c1517008d9,1,7223,-91,1596526514876 b5b182c7-eab1-4988-aa99-b5c1517008d9,1,36790,-89,1596526504506 1cd7412e-a3b1-4084-a538-d07975e147f4,56899,4946,-95,1596526514662
1596526515023 b5b182c7-eab1-4988-aa99-b5c1517008d9,1,12760,-84,1596526515003 b5b182c7-eab1-4988-aa99-b5c1517008d9,1,6065,-85,1596526514818 b5b182c7-eab1-4988-aa99-b5c1517008d9,1,41173,-78,1596526514934 b5b182c7-eab1-4988-aa99-b5c1517008d9,1,48946,-87,1596526504461 00e194a4-bc30-6844-826a-457e8ac51005,24,12128,-90,1596526514551 00d12291-6398-52dc-a519-731735a21005,18204,752,-93,1596526515022 b5b182c7-eab1-4988-aa99-b5c1517008d9,1,7223,-91,1596526514877 b5b182c7-eab1-4988-aa99-b5c1517008d9,1,36790,-89,1596526504506 1cd7412e-a3b1-4084-a538-d07975e147f4,56899,4946,-95,1596526514662
1596526518659 b5b182c7-eab1-4988-aa99-b5c1517008d9,1,32561,-96,1596526518659 b5b182c7-eab1-4988-aa99-b5c1517008d9,1,12760,-84,1596526515003 b5b182c7-eab1-4988-aa99-b5c1517008d9,1,6065,-85,1596526514818 b5b182c7-eab1-4988-aa99-b5c1517008d9,1,41173,-78,1596526514934 b5b182c7-eab1-4988-aa99-b5c1517008d9,1,48946,-87,1596526504461 00e194a4-bc30-6844-826a-457e8ac51005,24,12128,-90,1596526514551 00d12291-6398-52dc-a519-731735a21005,18204,752,-93,1596526515023 b5b182c7-eab1-4988-aa99-b5c1517008d9,1,7223,-91,1596526514877 b5b182c7-eab1-4988-aa99-b5c1517008d9,1,36790,-89,1596526504505 1cd7412e-a3b1-4084-a538-d07975e147f4,56899,4946,-95,1596526514662
1596526518717 b5b182c7-eab1-4988-aa99-b5c1517008d9,1,32561,-96,1596526518659 b5b182c7-eab1-4988-aa99-b5c1517008d9,1,12760,-84,1596526515003 b5b182c7-eab1-4988-aa99-b5c1517008d9,1,6065,-85,1596526514818 b5b182c7-eab1-4988-aa99-b5c1517008d9,1,41173,-78,1596526514933 b5b182c7-eab1-4988-aa99-b5c1517008d9,1,48946,-87,1596526504461 00e194a4-bc30-6844-826a-457e8ac51005,24,12128,-90,1596526514551 b5b182c7-eab1-4988-aa99-b5c1517008d9,1,62351,-77,1596526518717 00d12291-6398-52dc-a519-731735a21005,18204,752,-93,1596526515023 b5b182c7-eab1-4988-aa99-b5c1517008d9,1,7223,-91,1596526514877 b5b182c7-eab1-4988-aa99-b5c1517008d9,1,36790,-89,1596526504506 1cd7412e-a3b1-4084-a538-d07975e147f4,56899,4946,-95,1596526514662
1596526518752 b5b182c7-eab1-4988-aa99-b5c1517008d9,1,32561,-96,1596526518659 b5b182c7-eab1-4988-aa99-b5c1517008d9,1,12760,-84,1596526515003 0102202b-678f-0100-001b-af490f69ddba,40903,61927,-90,1596526518752 b5b182c7-eab1-4988-aa99-b5c1517008d9,1,6065,-85,1596526514818 b5b182c7-eab1-4988-aa99-b5c1517008d9,1,41173,-78,1596526514934 b5b182c7-eab1-4988-aa99-b5c1517008d9,1,48946,-87,1596526504461 00e194a4-bc30-6844-826a-457e8ac51005,24,12128,-90,1596526514551 b5b182c7-eab1-4988-aa99-b5c1517008d9,1,62351,-77,1596526518717 00d12291-6398-52dc-a519-731735a21005,18204,752,-93,1596526515022 b5b182c7-eab1-4988-aa99-b5c1517008d9,1,7223,-91,1596526514877 b5b182c7-eab1-4988-aa99-b5c1517008d9,1,36790,-89,1596526504506 1cd7412e-a3b1-4084-a538-d07975e147f4,56899,4946,-95,1596526514662
1596526519068 b5b182c7-eab1-4988-aa99-b5c1517008d9,1,32561,-96,1596526518659 b5b182c7-eab1-4988-aa99-b5c1517008d9,1,12760,-84,1596526515003 0102202b-678f-0100-001b-af490f69ddba,40903,61927,-90,1596526518752 b5b182c7-eab1-4988-aa99-b5c1517008d9,1,6065,-85,1596526514818 b5b182c7-eab1-4988-aa99-b5c1517008d9,1,41173,-78,1596526514934 b5b182c7-eab1-4988-aa99-b5c1517008d9,1,48946,-87,1596526504460 00e194a4-bc30-6844-826a-457e8ac51005,24,12128,-90,1596526514551 b5b182c7-eab1-4988-aa99-b5c1517008d9,1,62351,-77,1596526518717 00d12291-6398-52dc-a519-731735a21005,18204,752,-93,1596526519068 b5b182c7-eab1-4988-aa99-b5c1517008d9,1,7223,-91,1596526514877 b5b182c7-eab1-4988-aa99-b5c1517008d9,1,36790,-89,1596526504506 1cd7412e-a3b1-4084-a538-d07975e147f4,56899,4946,-95,1596526514662
1596526519294 b5b182c7-eab1-4988-aa99-b5c1517008d9,1,32561,-96,1596526518659 b5b182c7-eab1-4988-aa99-b5c1517008d9,1,12760,-84,1596526515002 0102202b-678f-0100-001b-af490f69ddba,40903,61927,-90,1596526518752 b5b182c7-eab1-4988-aa99-b5c1517008d9,1,19381,-88,1596526519294 b5b182c7-eab1-4988-aa99-b5c1517008d9,1,48946,-87,1596526504461 b5b182c7-eab1-4988-aa99-b5c1517008d9,1,62351,-77,1596526518717 00d12291-6398-52dc-a519-731735a21005,18204,752,-93,1596526519068 b5b182c7-eab1-4988-aa99-b5c1517008d9,1,7223,-91,1596526514877 b5b182c7-eab1-4988-aa99-b5c1517008d9,1,6065,-85,1596526514818 b5b182c7-eab1-4988-aa99-b5c1517008d9,1,41173,-78,1596526514933 00e194a4-bc30-6844-826a-457e8ac51005,24,12128,-90,1596526514551 b5b182c7-eab1-4988-aa99-b5c1517008d9,1,36790,-89,1596526504506 1cd7412e-a3b1-4084-a538-d07975e147f4,56899,4946,-95,1596526514662
1596526519316 b5b182c7-eab1-4988-aa99-b5c1517008d9,1,32561,-96,1596526518659 b5b182c7-eab1-4988-aa99-b5c1517008d9,1,12760,-84,1596526515003 0102202b-678f-0100-001b-af490f69ddba,40903,61927,-90,1596526519316 b5b182c7-eab1-4988-aa99-b5c1517008d9,1,19381,-88,1596526519294 b5b182c7-eab1-4988-aa99-b5c1517008d9,1,48946,-87,1596526504461 b5b182c7-eab1-4988-aa99-b5c1517008d9,1,62351,-77,1596526518717 00d12291-6398-52dc-a519-731735a21005,18204,752,-93,1596526519068 b5b182c7-eab1-4988-aa99-b5c1517008d9,1,7223,-91,1596526514877 b5b182c7-eab1-4988-aa99-b5c1517008d9,1,6065,-85,1596526514818 b5b182c7-eab1-4988-aa99-b5c1517008d9,1,41173,-78,1596526514934 00e194a4-bc30-6844-826a-457e8ac51005,24,12128,-90,1596526514551 b5b182c7-eab1-4988-aa99-b5c1517008d9,1,36790,-89,1596526504506 1cd7412e-a3b1-4084-a538-d07975e147f4,56899,4946,-95,1596526514662
1596526519388 b5b182c7-eab1-4988-aa99-b5c1517008d9,1,32561,-96,1596526518658 b5b182c7-eab1-4988-aa99-b5c1517008d9,1,12760,-84,1596526515003 0102202b-678f-0100-001b-af490f69ddba,40903,61927,-90,1596526519316 b5b182c7-eab1-4988-aa99-b5c1517008d9,1,19381,-88,1596526519294 b5b182c7-eab1-4988-aa99-b5c1517008d9,1,48946,-87,1596526504461 b5b182c7-eab1-4988-aa99-b5c1517008d9,1,62351,-77,1596526518717 00d12291-6398-52dc-a519-731735a21005,18204,752,-93,1596526519067 b5b182c7-eab1-4988-aa99-b5c1517008d9,1,7223,-91,1596526519388 b5b182c7-eab1-4988-aa99-b5c1517008d9,1,6065,-85,1596526514818 b5b182c7-eab1-4988-aa99-b5c1517008d9,1,41173,-78,1596526514933 00e194a4-bc30-6844-826a-457e8ac51005,24,12128,-90,1596526514551 b5b182c7-eab1-4988-aa99-b5c1517008d9,1,36790,-89,1596526504506 1cd7412e-a3b1-4084-a538-d07975e147f4,56899,4946,-95,1596526514662
1596526519458 b5b182c7-eab1-4988-aa99-b5c1517008d9,1,32561,-96,1596526518659 b5b182c7-eab1-4988-aa99-b5c1517008d9,1,12760,-84,1596526515003 0102202b-678f-0100-001b-af490f69ddba,40903,61927,-90,1596526519316 b5b182c7-eab1-4988-aa99-b5c1517008d9,1,19381,-88,1596526519294 b5b182c7-eab1-4988-aa99-b5c1517008d9,1,48946,-87,1596526504461 b5b182c7-eab1-4988-aa99-b5c1517008d9,1,62351,-77,1596526518717 00d12291-6398-52dc-a519-731735a21005,18204,752,-93,1596526519067 b5b182c7-eab1-4988-aa99-b5c1517008d9,1,7223,-91,1596526519388 b5b182c7-eab1-4988-aa99-b5c1517008d9,1,6065,-85,1596526514818 b5b182c7-eab1-4988-aa99-b5c1517008d9,1,41173,-78,1596526514934 00e194a4-bc30-6844-826a-457e8ac51005,24,12128,-90,1596526514551 b5b182c7-eab1-4988-aa99-b5c1517008d9,1,36790,-89,1596526504506 1cd7412e-a3b1-4084-a538-d07975e147f4,56899,4946,-95,1596526514662 b5b182c7-eab1-4988-aa99-b5c1517008d9,1,421,-99,1596526519458
1596526519505 b5b182c7-eab1-4988-aa99-b5c1517008d9,1,32561,-96,1596526518658 b5b182c7-eab1-4988-aa99-b5c1517008d9,1,12760,-84,1596526515003 0102202b-678f-0100-001b-af490f69ddba,40903,61927,-90,1596526519316 b5b182c7-eab1-4988-aa99-b5c1517008d9,1,19381,-88,1596526519294 b5b182c7-eab1-4988-aa99-b5c1517008d9,1,48946,-87,1596526504461 b5b182c7-eab1-4988-aa99-b5c1517008d9,1,62351,-77,1596526518717 00d12291-6398-52dc-a519-731735a21005,18204,752,-93,1596526519068 b5b182c7-eab1-4988-aa99-b5c1517008d9,1,7223,-91,1596526519388 b5b182c7-eab1-4988-aa99-b5c1517008d9,1,40840,-92,1596526519505 b5b182c7-eab1-4988-aa99-b5c1517008d9,1,6065,-85,1596526514818 b5b182c7-eab1-4988-aa99-b5c1517008d9,1,41173,-78,1596526514933 00e194a4-bc30-6844-826a-457e8ac51005,24,12128,-90,1596526514551 b5b182c7-eab1-4988-aa99-b5c1517008d9,1,36790,-89,1596526504506 1cd7412e-a3b1-4084-a538-d07975e147f4,56899,4946,-95,1596526514662 b5b182c7-eab1-4988-aa99-b5c1517008d9,1,421,-99,1596526519458
1596526521066 b5b182c7-eab1-4988-aa99-b5c1517008d9,1,32561,-96,1596526518659 b5b182c7-eab1-4988-aa99-b5c1517008d9,1,12760,-84,1596526515002 0102202b-678f-0100-001b-af490f69ddba,40903,61927,-90,1596526519316 b5b182c7-eab1-4988-aa99-b5c1517008d9,1,19381,-88,1596526519294 b5b182c7-eab1-4988-aa99-b5c1517008d9,1,40336,-91,1596526521066 b5b182c7-eab1-4988-aa99-b5c1517008d9,1,48946,-87,1596526504461 b5b182c7-eab1-4988-aa99-b5c1517008d9,1,62351,-77,1596526518717 00d12291-6398-52dc-a519-731735a21005,18204,752,-93,1596526519068 b5b182c7-eab1-4988-aa99-b5c1517008d9,1,7223,-91,1596526519388 b5b182c7-eab1-4988-aa99-b5c1517008d9,1,40840,-92,1596526519505 b5b182c7-eab1-4988-aa99-b5c1517008d9,1,6065,-85,1596526514818 b5b182c7-eab1-4988-aa99-b5c1517008d9,1,41173,-78,1596526514934 00e194a4-bc30-6844-826a-457e8ac51005,24,12128,-90,1596526514551 b5b182c7-eab1-4988-aa99-b5c1517008d9,1,36790,-89,1596526504506 1cd7412e-a3b1-4084-a538-d07975e147f4,56899,4946,-95,1596526514662 b5b182c7-eab1-4988-aa99-b5c1517008d9,1,421,-99,1596526519458
1596526523968 b5b182c7-eab1-4988-aa99-b5c1517008d9,1,32561,-96,1596526518659 b5b182c7-eab1-4988-aa99-b5c1517008d9,1,12760,-84,1596526515003 0102202b-678f-0100-001b-af490f69ddba,40903,61927,-90,1596526523968 b5b182c7-eab1-4988-aa99-b5c1517008d9,1,19381,-88,1596526519294 b5b182c7-eab1-4988-aa99-b5c1517008d9,1,40336,-91,1596526521066 b5b182c7-eab1-4988-aa99-b5c1517008d9,1,48946,-87,1596526504461 b5b182c7-eab1-4988-aa99-b5c1517008d9,1,62351,-77,1596526518717 00d12291-6398-52dc-a519-731735a21005,18204,752,-93,1596526519068 b5b182c7-eab1-4988-aa99-b5c1517008d9,1,7223,-91,1596526519387 b5b182c7-eab1-4988-aa99-b5c1517008d9,1,40840,-92,1596526519504 b5b182c7-eab1-4988-aa99-b5c1517008d9,1,6065,-85,1596526514818 b5b182c7-eab1-4988-aa99-b5c1517008d9,1,41173,-78,1596526514934 00e194a4-bc30-6844-826a-457e8ac51005,24,12128,-90,1596526514551 b5b182c7-eab1-4988-aa99-b5c1517008d9,1,36790,-89,1596526504506 1cd7412e-a3b1-4084-a538-d07975e147f4,56899,4946,-95,1596526514662 b5b182c7-eab1-4988-aa99-b5c1517008d9,1,421,-99,1596526519458
1596526524342 b5b182c7-eab1-4988-aa99-b5c1517008d9,1,32561,-96,1596526518659 b5b182c7-eab1-4988-aa99-b5c1517008d9,1,12760,-84,1596526515003 0102202b-678f-0100-001b-af490f69ddba,40903,61927,-90,1596526524342 b5b182c7-eab1-4988-aa99-b5c1517008d9,1,19381,-88,1596526519293 b5b182c7-eab1-4988-aa99-b5c1517008d9,1,40336,-91,1596526521065 b5b182c7-eab1-4988-aa99-b5c1517008d9,1,48946,-87,1596526504461 b5b182c7-eab1-4988-aa99-b5c1517008d9,1,62351,-77,1596526518717 00d12291-6398-52dc-a519-731735a21005,18204,752,-93,1596526519068 b5b182c7-eab1-4988-aa99-b5c1517008d9,1,7223,-91,1596526519388 b5b182c7-eab1-4988-aa99-b5c1517008d9,1,40840,-92,1596526519505 b5b182c7-eab1-4988-aa99-b5c1517008d9,1,6065,-85,1596526514818 b5b182c7-eab1-4988-aa99-b5c1517008d9,1,41173,-78,1596526514934 00e194a4-bc30-6844-826a-457e8ac51005,24,12128,-90,1596526514551 b5b182c7-eab1-4988-aa99-b5c1517008d9,1,36790,-89,1596526504506 1cd7412e-a3b1-4084-a538-d07975e147f4,56899,4946,-95,1596526514662 b5b182c7-eab1-4988-aa99-b5c1517008d9,1,421,-99,1596526519458
1596526524432 b5b182c7-eab1-4988-aa99-b5c1517008d9,1,32561,-96,1596526518659 b5b182c7-eab1-4988-aa99-b5c1517008d9,1,12760,-84,1596526515003 0102202b-678f-0100-001b-af490f69ddba,40903,61927,-90,1596526524342 b5b182c7-eab1-4988-aa99-b5c1517008d9,1,19381,-88,1596526519294 b5b182c7-eab1-4988-aa99-b5c1517008d9,1,40336,-91,1596526521066 b5b182c7-eab1-4988-aa99-b5c1517008d9,1,48946,-87,1596526504461 b5b182c7-eab1-4988-aa99-b5c1517008d9,1,62351,-77,1596526518717 00d12291-6398-52dc-a519-731735a21005,18204,752,-93,1596526519068 b5b182c7-eab1-4988-aa99-b5c1517008d9,1,7223,-91,1596526519388 b5b182c7-eab1-4988-aa99-b5c1517008d9,1,40840,-92,1596526519505 b5b182c7-eab1-4988-aa99-b5c1517008d9,1,6065,-85,1596526524431 b5b182c7-eab1-4988-aa99-b5c1517008d9,1,41173,-78,1596526514934 00e194a4-bc30-6844-826a-457e8ac51005,24,12128,-90,1596526514551 b5b182c7-eab1-4988-aa99-b5c1517008d9,1,36790,-89,1596526504506 1cd7412e-a3b1-4084-a538-d07975e147f4,56899,4946,-95,1596526514662 b5b182c7-eab1-4988-aa99-b5c1517008d9,1,421,-99,1596526519458
1596526524439 b5b182c7-eab1-4988-aa99-b5c1517008d9,1,32561,-96,1596526518659 b5b182c7-eab1-4988-aa99-b5c1517008d9,1,12760,-84,1596526515003 0102202b-678f-0100-001b-af490f69ddba,40903,61927,-90,1596526524342 b5b182c7-eab1-4988-aa99-b5c1517008d9,1,19381,-88,1596526519294 b5b182c7-eab1-4988-aa99-b5c1517008d9,1,40336,-91,1596526521066 b5b182c7-eab1-4988-aa99-b5c1517008d9,1,48946,-87,1596526504461 b5b182c7-eab1-4988-aa99-b5c1517008d9,1,62351,-77,1596526518717 00d12291-6398-52dc-a519-731735a21005,18204,752,-93,1596526519068 b5b182c7-eab1-4988-aa99-b5c1517008d9,1,7223,-91,1596526524439 b5b182c7-eab1-4988-aa99-b5c1517008d9,1,40840,-92,1596526519505 b5b182c7-eab1-4988-aa99-b5c1517008d9,1,6065,-85,1596526524432 b5b182c7-eab1-4988-aa99-b5c1517008d9,1,41173,-78,1596526514933 00e194a4-bc30-6844-826a-457e8ac51005,24,12128,-90,1596526514551 b5b182c7-eab1-4988-aa99-b5c1517008d9,1,36790,-89,1596526504506 1cd7412e-a3b1-4084-a538-d07975e147f4,56899,4946,-95,1596526514662 b5b182c7-eab1-4988-aa99-b5c1517008d9,1,421,-99,1596526519458
1596526528771 b5b182c7-eab1-4988-aa99-b5c1517008d9,1,32561,-96,1596526518659 b5b182c7-eab1-4988-aa99-b5c1517008d9,1,12760,-84,1596526515003 0102202b-678f-0100-001b-af490f69ddba,40903,61927,-90,1596526524342 b5b182c7-eab1-4988-aa99-b5c1517008d9,1,19381,-88,1596526519294 b5b182c7-eab1-4988-aa99-b5c1517008d9,1,40336,-91,1596526521066 b5b182c7-eab1-4988-aa99-b5c1517008d9,1,48946,-87,1596526504461 b5b182c7-eab1-4988-aa99-b5c1517008d9,1,62351,-77,1596526518717 00d12291-6398-52dc-a519-731735a21005,18204,752,-93,1596526519068 b5b182c7-eab1-4988-aa99-b5c1517008d9,1,7223,-91,1596526524439 b5b182c7-eab1-4988-aa99-b5c1517008d9,1,40840,-92,1596526519505 b5b182c7-eab1-4988-aa99-b5c1517008d9,1,6065,-85,1596526524432 b5b182c7-eab1-4988-aa99-b5c1517008d9,1,41173,-78,1596526514934 00e194a4-bc30-6844-826a-457e8ac51005,24,12128,-90,1596526514550 b5b182c7-eab1-4988-aa99-b5c1517008d9,1,37593,-83,1596526528770 b5b182c7-eab1-4988-aa99-b5c1517008d9,1,36790,-89,1596526504506 1cd7412e-a3b1-4084-a538-d07975e147f4,56899,4946,-95,1596526514662 b5b182c7-eab1-4988-aa99-b5c1517008d9,1,421,-99,1596526519458
1596526528932 b5b182c7-eab1-4988-aa99-b5c1517008d9,1,32561,-96,1596526518659 b5b182c7-eab1-4988-aa99-b5c1517008d9,1,12760,-84,1596526515003 0102202b-678f-0100-001b-af490f69ddba,40903,61927,-90,1596526524342 b5b182c7-eab1-4988-aa99-b5c1517008d9,1,19381,-88,1596526519294 b5b182c7-eab1-4988-aa99-b5c1517008d9,1,40336,-91,1596526521066 b5b182c7-eab1-4988-aa99-b5c1517008d9,1,48946,-87,1596526528932 b5b182c7-eab1-4988-aa99-b5c1517008d9,1,62351,-77,1596526518717 00d12291-6398-52dc-a519-731735a21005,18204,752,-93,1596526519068 b5b182c7-eab1-4988-aa99-b5c1517008d9,1,7223,-91,1596526524439 b5b182c7-eab1-4988-aa99-b5c1517008d9,1,40840,-92,1596526519505 b5b182c7-eab1-4988-aa99-b5c1517008d9,1,6065,-85,1596526524432 b5b182c7-eab1-4988-aa99-b5c1517008d9,1,41173,-78,1596526514934 00e194a4-bc30-6844-826a-457e8ac51005,24,12128,-90,1596526514550 b5b182c7-eab1-4988-aa99-b5c1517008d9,1,37593,-83,1596526528771 b5b182c7-eab1-4988-aa99-b5c1517008d9,1,36790,-89,1596526504506 1cd7412e-a3b1-4084-a538-d07975e147f4,56899,4946,-95,1596526514662 b5b182c7-eab1-4988-aa99-b5c1517008d9,1,421,-99,1596526519458
1596526528937 b5b182c7-eab1-4988-aa99-b5c1517008d9,1,32561,-96,1596526518659 b5b182c7-eab1-4988-aa99-b5c1517008d9,1,12760,-84,1596526515003 0c807199-0767-4dd5-9d63-0acd75c0183f,8755,5452,-99,1596526528937 0102202b-678f-0100-001b-af490f69ddba,40903,61927,-90,1596526524342 b5b182c7-eab1-4988-aa99-b5c1517008d9,1,19381,-88,1596526519294 b5b182c7-eab1-4988-aa99-b5c1517008d9,1,40336,-91,1596526521066 b5b182c7-eab1-4988-aa99-b5c1517008d9,1,48946,-87,1596526528932 b5b182c7-eab1-4988-aa99-b5c1517008d9,1,62351,-77,1596526518717 00d12291-6398-52dc-a519-731735a21005,18204,752,-93,1596526519068 b5b182c7-eab1-4988-aa99-b5c1517008d9,1,7223,-91,1596526524439 b5b182c7-eab1-4988-aa99-b5c1517008d9,1,40840,-92,1596526519505 b5b182c7-eab1-4988-aa99-b5c1517008d9,1,6065,-85,1596526524432 b5b182c7-eab1-4988-aa99-b5c1517008d9,1,41173,-78,1596526514934 00e194a4-bc30-6844-826a-457e8ac51005,24,12128,-90,1596526514551 b5b182c7-eab1-4988-aa99-b5c1517008d9,1,37593,-83,1596526528771 b5b182c7-eab1-4988-aa99-b5c1517008d9,1,36790,-89,1596526504506 1cd7412e-a3b1-4084-a538-d07975e147f4,56899,4946,-95,1596526514662 b5b182c7-eab1-4988-aa99-b5c1517008d9,1,421,-99,1596526519458
1596526528992 b5b182c7-eab1-4988-aa99-b5c1517008d9,1,32561,-96,1596526518659 b5b182c7-eab1-4988-aa99-b5c1517008d9,1,12760,-84,1596526515003 0c807199-0767-4dd5-9d63-0acd75c0183f,8755,5452,-99,1596526528937 0102202b-678f-0100-001b-af490f69ddba,40903,61927,-90,1596526528992 b5b182c7-eab1-4988-aa99-b5c1517008d9,1,19381,-88,1596526519294 b5b182c7-eab1-4988-aa99-b5c1517008d9,1,40336,-91,1596526521066 b5b182c7-eab1-4988-aa99-b5c1517008d9,1,48946,-87,1596526528932 b5b182c7-eab1-4988-aa99-b5c1517008d9,1,62351,-77,1596526518717 00d12291-6398-52dc-a519-731735a21005,18204,752,-93,1596526519068 b5b182c7-eab1-4988-aa99-b5c1517008d9,1,7223,-91,1596526524439 b5b182c7-eab1-4988-aa99-b5c1517008d9,1,40840,-92,1596526519505 b5b182c7-eab1-4988-aa99-b5c1517008d9,1,6065,-85,1596526524432 b5b182c7-eab1-4988-aa99-b5c1517008d9,1,41173,-78,1596526514933 00e194a4-bc30-6844-826a-457e8ac51005,24,12128,-90,1596526514551 b5b182c7-eab1-4988-aa99-b5c1517008d9,1,37593,-83,1596526528771 b5b182c7-eab1-4988-aa99-b5c1517008d9,1,36790,-89,1596526504506 1cd7412e-a3b1-4084-a538-d07975e147f4,56899,4946,-95,1596526514662 b5b182c7-eab1-4988-aa99-b5c1517008d9,1,421,-99,1596526519458
1596526529076 b5b182c7-eab1-4988-aa99-b5c1517008d9,1,32561,-96,1596526518659 b5b182c7-eab1-4988-aa99-b5c1517008d9,1,12760,-84,1596526515003 0c807199-0767-4dd5-9d63-0acd75c0183f,8755,5452,-99,1596526528937 0102202b-678f-0100-001b-af490f69ddba,40903,61927,-90,1596526528992 b5b182c7-eab1-4988-aa99-b5c1517008d9,1,19381,-88,1596526519294 b5b182c7-eab1-4988-aa99-b5c1517008d9,1,40336,-91,1596526521066 b5b182c7-eab1-4988-aa99-b5c1517008d9,1,48946,-87,1596526528932 b5b182c7-eab1-4988-aa99-b5c1517008d9,1,62351,-77,1596526518717 00d12291-6398-52dc-a519-731735a21005,18204,752,-93,1596526519068 b5b182c7-eab1-4988-aa99-b5c1517008d9,1,7223,-91,1596526524439 b5b182c7-eab1-4988-aa99-b5c1517008d9,1,40840,-92,1596526519505 b5b182c7-eab1-4988-aa99-b5c1517008d9,1,6065,-85,1596526524432 b5b182c7-eab1-4988-aa99-b5c1517008d9,1,41173,-78,1596526529076 00e194a4-bc30-6844-826a-457e8ac51005,24,12128,-90,1596526514551 b5b182c7-eab1-4988-aa99-b5c1517008d9,1,37593,-83,1596526528771 b5b182c7-eab1-4988-aa99-b5c1517008d9,1,36790,-89,1596526504506 1cd7412e-a3b1-4084-a538-d07975e147f4,56899,4946,-95,1596526514662 b5b182c7-eab1-4988-aa99-b5c1517008d9,1,421,-99,1596526519458
1596526529131 b5b182c7-eab1-4988-aa99-b5c1517008d9,1,32561,-96,1596526518659 b5b182c7-eab1-4988-aa99-b5c1517008d9,1,12760,-84,1596526515003 0c807199-0767-4dd5-9d63-0acd75c0183f,8755,5452,-99,1596526528937 0102202b-678f-0100-001b-af490f69ddba,40903,61927,-90,1596526528992 b5b182c7-eab1-4988-aa99-b5c1517008d9,1,19381,-88,1596526519294 b5b182c7-eab1-4988-aa99-b5c1517008d9,1,40336,-91,1596526521066 b5b182c7-eab1-4988-aa99-b5c1517008d9,1,48946,-87,1596526528932 b5b182c7-eab1-4988-aa99-b5c1517008d9,1,62351,-77,1596526518717 00d12291-6398-52dc-a519-731735a21005,18204,752,-93,1596526529131 b5b182c7-eab1-4988-aa99-b5c1517008d9,1,7223,-91,1596526524439 b5b182c7-eab1-4988-aa99-b5c1517008d9,1,40840,-92,1596526519505 b5b182c7-eab1-4988-aa99-b5c1517008d9,1,6065,-85,1596526524432 b5b182c7-eab1-4988-aa99-b5c1517008d9,1,41173,-78,1596526529076 00e194a4-bc30-6844-826a-457e8ac51005,24,12128,-90,1596526514551 b5b182c7-eab1-4988-aa99-b5c1517008d9,1,37593,-83,1596526528771 b5b182c7-eab1-4988-aa99-b5c1517008d9,1,36790,-89,1596526504506 1cd7412e-a3b1-4084-a538-d07975e147f4,56899,4946,-95,1596526514662 b5b182c7-eab1-4988-aa99-b5c1517008d9,1,421,-99,1596526519458
1596526529150 b5b182c7-eab1-4988-aa99-b5c1517008d9,1,32561,-96,1596526518659 b5b182c7-eab1-4988-aa99-b5c1517008d9,1,12760,-84,1596526515003 0c807199-0767-4dd5-9d63-0acd75c0183f,8755,5452,-99,1596526528937 0102202b-678f-0100-001b-af490f69ddba,40903,61927,-90,1596526528992 b5b182c7-eab1-4988-aa99-b5c1517008d9,1,19381,-88,1596526519294 b5b182c7-eab1-4988-aa99-b5c1517008d9,1,40336,-91,1596526529150 b5b182c7-eab1-4988-aa99-b5c1517008d9,1,48946,-87,1596526528932 b5b182c7-eab1-4988-aa99-b5c1517008d9,1,62351,-77,1596526518717 00d12291-6398-52dc-a519-731735a21005,18204,752,-93,1596526529131 b5b182c7-eab1-4988-aa99-b5c1517008d9,1,7223,-91,1596526524439 b5b182c7-eab1-4988-aa99-b5c1517008d9,1,40840,-92,1596526519505 b5b182c7-eab1-4988-aa99-b5c1517008d9,1,6065,-85,1596526524432 b5b182c7-eab1-4988-aa99-b5c1517008d9,1,41173,-78,1596526529076 00e194a4-bc30-6844-826a-457e8ac51005,24,12128,-90,1596526514551 b5b182c7-eab1-4988-aa99-b5c1517008d9,1,37593,-83,1596526528771 b5b182c7-eab1-4988-aa99-b5c1517008d9,1,36790,-89,1596526504506 1cd7412e-a3b1-4084-a538-d07975e147f4,56899,4946,-95,1596526514662 b5b182c7-eab1-4988-aa99-b5c1517008d9,1,421,-99,1596526519458
1596526529170 b5b182c7-eab1-4988-aa99-b5c1517008d9,1,32561,-96,1596526518659 b5b182c7-eab1-4988-aa99-b5c1517008d9,1,12760,-84,1596526515003 0c807199-0767-4dd5-9d63-0acd75c0183f,8755,5452,-99,1596526528936 0102202b-678f-0100-001b-af490f69ddba,40903,61927,-90,1596526528991 b5b182c7-eab1-4988-aa99-b5c1517008d9,1,19381,-88,1596526519293 b5b182c7-eab1-4988-aa99-b5c1517008d9,1,40336,-91,1596526529149 b5b182c7-eab1-4988-aa99-b5c1517008d9,1,48946,-87,1596526528932 b5b182c7-eab1-4988-aa99-b5c1517008d9,1,62351,-77,1596526518717 00d12291-6398-52dc-a519-731735a21005,18204,752,-93,1596526529131 b5b182c7-eab1-4988-aa99-b5c1517008d9,1,7223,-91,1596526524439 b5b182c7-eab1-4988-aa99-b5c1517008d9,1,40840,-92,1596526519505 b5b182c7-eab1-4988-aa99-b5c1517008d9,1,64049,-97,1596526529170 b5b182c7-eab1-4988-aa99-b5c1517008d9,1,6065,-85,1596526524432 b5b182c7-eab1-4988-aa99-b5c1517008d9,1,41173,-78,1596526529076 00e194a4-bc30-6844-826a-457e8ac51005,24,12128,-90,1596526514551 b5b182c7-eab1-4988-aa99-b5c1517008d9,1,37593,-83,1596526528771 b5b182c7-eab1-4988-aa99-b5c1517008d9,1,36790,-89,1596526504506 1cd7412e-a3b1-4084-a538-d07975e147f4,56899,4946,-95,1596526514662 b5b182c7-eab1-4988-aa99-b5c1517008d9,1,421,-99,1596526519458
1596526529192 b5b182c7-eab1-4988-aa99-b5c1517008d9,1,32561,-96,1596526518658 b5b182c7-eab1-4988-aa99-b5c1517008d9,1,12760,-84,1596526515003 0c807199-0767-4dd5-9d63-0acd75c0183f,8755,5452,-99,1596526528937 0102202b-678f-0100-001b-af490f69ddba,40903,61927,-90,1596526529192 b5b182c7-eab1-4988-aa99-b5c1517008d9,1,19381,-88,1596526519294 b5b182c7-eab1-4988-aa99-b5c1517008d9,1,40336,-91,1596526529150 b5b182c7-eab1-4988-aa99-b5c1517008d9,1,48946,-87,1596526528932 b5b182c7-eab1-4988-aa99-b5c1517008d9,1,62351,-77,1596526518717 00d12291-6398-52dc-a519-731735a21005,18204,752,-93,1596526529131 b5b182c7-eab1-4988-aa99-b5c1517008d9,1,7223,-91,1596526524439 b5b182c7-eab1-4988-aa99-b5c1517008d9,1,40840,-92,1596526519505 b5b182c7-eab1-4988-aa99-b5c1517008d9,1,64049,-97,1596526529170 b5b182c7-eab1-4988-aa99-b5c1517008d9,1,6065,-85,1596526524432 b5b182c7-eab1-4988-aa99-b5c1517008d9,1,41173,-78,1596526529076 00e194a4-bc30-6844-826a-457e8ac51005,24,12128,-90,1596526514551 b5b182c7-eab1-4988-aa99-b5c1517008d9,1,37593,-83,1596526528771 b5b182c7-eab1-4988-aa99-b5c1517008d9,1,36790,-89,1596526504506 1cd7412e-a3b1-4084-a538-d07975e147f4,56899,4946,-95,1596526514662 b5b182c7-eab1-4988-aa99-b5c1517008d9,1,421,-99,1596526519458
1596526529205 b5b182c7-eab1-4988-aa99-b5c1517008d9,1,32561,-96,1596526518659 b5b182c7-eab1-4988-aa99-b5c1517008d9,1,12760,-84,1596526515002 0c807199-0767-4dd5-9d63-0acd75c0183f,8755,5452,-99,1596526528936 0102202b-678f-0100-001b-af490f69ddba,40903,61927,-90,1596526529191 b5b182c7-eab1-4988-aa99-b5c1517008d9,1,19381,-88,1596526519294 b5b182c7-eab1-4988-aa99-b5c1517008d9,1,40336,-91,1596526529150 b5b182c7-eab1-4988-aa99-b5c1517008d9,1,48946,-87,1596526528932 b5b182c7-eab1-4988-aa99-b5c1517008d9,1,62351,-77,1596526518717 00d12291-6398-52dc-a519-731735a21005,18204,752,-93,1596526529131 b5b182c7-eab1-4988-aa99-b5c1517008d9,1,7223,-91,1596526524439 b5b182c7-eab1-4988-aa99-b5c1517008d9,1,40840,-92,1596526519505 b5b182c7-eab1-4988-aa99-b5c1517008d9,1,64049,-97,1596526529170 b5b182c7-eab1-4988-aa99-b5c1517008d9,1,6065,-85,1596526524432 b5b182c7-eab1-4988-aa99-b5c1517008d9,1,41173,-78,1596526529076 00e194a4-bc30-6844-826a-457e8ac51005,24,12128,-90,1596526514551 b5b182c7-eab1-4988-aa99-b5c1517008d9,1,37593,-83,1596526528771 b5b182c7-eab1-4988-aa99-b5c1517008d9,1,36790,-89,1596526504506 1cd7412e-a3b1-4084-a538-d07975e147f4,56899,4946,-95,1596526529205 b5b182c7-eab1-4988-aa99-b5c1517008d9,1,421,-99,1596526519458
1596526529280 b5b182c7-eab1-4988-aa99-b5c1517008d9,1,32561,-96,1596526518659 b5b182c7-eab1-4988-aa99-b5c1517008d9,1,12760,-84,1596526515003 0c807199-0767-4dd5-9d63-0acd75c0183f,8755,5452,-99,1596526528937 0102202b-678f-0100-001b-af490f69ddba,40903,61927,-90,1596526529192 b5b182c7-eab1-4988-aa99-b5c1517008d9,1,19381,-88,1596526519294 b5b182c7-eab1-4988-aa99-b5c1517008d9,1,40336,-91,1596526529150 b5b182c7-eab1-4988-aa99-b5c1517008d9,1,48946,-87,1596526528932 b5b182c7-eab1-4988-aa99-b5c1517008d9,1,62351,-77,1596526518717 00d12291-6398-52dc-a519-731735a21005,18204,752,-93,1596526529131 b5b182c7-eab1-4988-aa99-b5c1517008d9,1,7223,-91,1596526524439 b5b182c7-eab1-4988-aa99-b5c1517008d9,1,40840,-92,1596526519505 b5b182c7-eab1-4988-aa99-b5c1517008d9,1,64049,-97,1596526529170 b5b182c7-eab1-4988-aa99-b5c1517008d9,1,6065,-85,1596526524432 b5b182c7-eab1-4988-aa99-b5c1517008d9,1,41173,-78,1596526529076 00e194a4-bc30-6844-826a-457e8ac51005,24,12128,-90,1596526514551 b5b182c7-eab1-4988-aa99-b5c1517008d9,1,37593,-83,1596526528771 b5b182c7-eab1-4988-aa99-b5c1517008d9,1,36790,-89,1596526529280 1cd7412e-a3b1-4084-a538-d07975e147f4,56899,4946,-95,1596526529205 b5b182c7-eab1-4988-aa99-b5c1517008d9,1,421,-99,1596526519458
1596526529313 b5b182c7-eab1-4988-aa99-b5c1517008d9,1,32561,-96,1596526518659 b5b182c7-eab1-4988-aa99-b5c1517008d9,1,12760,-84,1596526515003 0c807199-0767-4dd5-9d63-0acd75c0183f,8755,5452,-99,1596526528937 0102202b-678f-0100-001b-af490f69ddba,40903,61927,-90,1596526529192 b5b182c7-eab1-4988-aa99-b5c1517008d9,1,19381,-88,1596526519294 b5b182c7-eab1-4988-aa99-b5c1517008d9,1,40336,-91,1596526529150 b5b182c7-eab1-4988-aa99-b5c1517008d9,1,48946,-87,1596526528932 b5b182c7-eab1-4988-aa99-b5c1517008d9,1,62351,-77,1596526518717 00d12291-6398-52dc-a519-731735a21005,18204,752,-93,1596526529314 b5b182c7-eab1-4988-aa99-b5c1517008d9,1,7223,-91,1596526524439 b5b182c7-eab1-4988-aa99-b5c1517008d9,1,40840,-92,1596526519505 b5b182c7-eab1-4988-aa99-b5c1517008d9,1,64049,-97,1596526529170 b5b182c7-eab1-4988-aa99-b5c1517008d9,1,6065,-85,1596526524432 b5b182c7-eab1-4988-aa99-b5c1517008d9,1,41173,-78,1596526529076 00e194a4-bc30-6844-826a-457e8ac51005,24,12128,-90,1596526514551 b5b182c7-eab1-4988-aa99-b5c1517008d9,1,37593,-83,1596526528771 b5b182c7-eab1-4988-aa99-b5c1517008d9,1,36790,-89,1596526529280 1cd7412e-a3b1-4084-a538-d07975e147f4,56899,4946,-95,1596526529205 b5b182c7-eab1-4988-aa99-b5c1517008d9,1,421,-99,1596526519457
1596526529375 b5b182c7-eab1-4988-aa99-b5c1517008d9,1,32561,-96,1596526518659 b5b182c7-eab1-4988-aa99-b5c1517008d9,1,12760,-84,1596526515003 0c807199-0767-4dd5-9d63-0acd75c0183f,8755,5452,-99,1596526528937 0102202b-678f-0100-001b-af490f69ddba,40903,61927,-90,1596526529192 b5b182c7-eab1-4988-aa99-b5c1517008d9,1,19381,-88,1596526519294 b5b182c7-eab1-4988-aa99-b5c1517008d9,1,40336,-91,1596526529150 b5b182c7-eab1-4988-aa99-b5c1517008d9,1,48946,-87,1596526528932 b5b182c7-eab1-4988-aa99-b5c1517008d9,1,62351,-77,1596526518717 00d12291-6398-52dc-a519-731735a21005,18204,752,-93,1596526529314 b5b182c7-eab1-4988-aa99-b5c1517008d9,1,7223,-91,1596526524439 b5b182c7-eab1-4988-aa99-b5c1517008d9,1,40840,-92,1596526519505 b5b182c7-eab1-4988-aa99-b5c1517008d9,1,64049,-97,1596526529376 b5b182c7-eab1-4988-aa99-b5c1517008d9,1,6065,-85,1596526524432 b5b182c7-eab1-4988-aa99-b5c1517008d9,1,41173,-78,1596526529076 00e194a4-bc30-6844-826a-457e8ac51005,24,12128,-90,1596526514551 b5b182c7-eab1-4988-aa99-b5c1517008d9,1,37593,-83,1596526528771 b5b182c7-eab1-4988-aa99-b5c1517008d9,1,36790,-89,1596526529280 1cd7412e-a3b1-4084-a538-d07975e147f4,56899,4946,-95,1596526529205 b5b182c7-eab1-4988-aa99-b5c1517008d9,1,421,-99,1596526519458
1596526529490 b5b182c7-eab1-4988-aa99-b5c1517008d9,1,32561,-96,1596526518659 b5b182c7-eab1-4988-aa99-b5c1517008d9,1,12760,-84,1596526515003 0c807199-0767-4dd5-9d63-0acd75c0183f,8755,5452,-99,1596526528937 0102202b-678f-0100-001b-af490f69ddba,40903,61927,-90,1596526529192 b5b182c7-eab1-4988-aa99-b5c1517008d9,1,19381,-88,1596526519294 b5b182c7-eab1-4988-aa99-b5c1517008d9,1,40336,-91,1596526529150 b5b182c7-eab1-4988-aa99-b5c1517008d9,1,48946,-87,1596526528932 b5b182c7-eab1-4988-aa99-b5c1517008d9,1,62351,-77,1596526518717 00d12291-6398-52dc-a519-731735a21005,18204,752,-93,1596526529314 b5b182c7-eab1-4988-aa99-b5c1517008d9,1,7223,-91,1596526524439 b5b182c7-eab1-4988-aa99-b5c1517008d9,1,40840,-92,1596526519505 b5b182c7-eab1-4988-aa99-b5c1517008d9,1,64049,-97,1596526529490 b5b182c7-eab1-4988-aa99-b5c1517008d9,1,6065,-85,1596526524432 b5b182c7-eab1-4988-aa99-b5c1517008d9,1,41173,-78,1596526529076 00e194a4-bc30-6844-826a-457e8ac51005,24,12128,-90,1596526514551 b5b182c7-eab1-4988-aa99-b5c1517008d9,1,37593,-83,1596526528771 b5b182c7-eab1-4988-aa99-b5c1517008d9,1,36790,-89,1596526529280 1cd7412e-a3b1-4084-a538-d07975e147f4,56899,4946,-95,1596526529205 b5b182c7-eab1-4988-aa99-b5c1517008d9,1,421,-99,1596526519457
1596526533907 b5b182c7-eab1-4988-aa99-b5c1517008d9,1,32561,-96,1596526518659 b5b182c7-eab1-4988-aa99-b5c1517008d9,1,12760,-84,1596526515002 0c807199-0767-4dd5-9d63-0acd75c0183f,8755,5452,-99,1596526528936 0102202b-678f-0100-001b-af490f69ddba,40903,61927,-90,1596526529191 b5b182c7-eab1-4988-aa99-b5c1517008d9,1,19381,-88,1596526519293 b5b182c7-eab1-4988-aa99-b5c1517008d9,1,40336,-91,1596526529150 b5b182c7-eab1-4988-aa99-b5c1517008d9,1,48946,-87,1596526528932 b5b182c7-eab1-4988-aa99-b5c1517008d9,1,62351,-77,1596526518717 00d12291-6398-52dc-a519-731735a21005,18204,752,-93,1596526533907 b5b182c7-eab1-4988-aa99-b5c1517008d9,1,7223,-91,1596526524439 b5b182c7-eab1-4988-aa99-b5c1517008d9,1,40840,-92,1596526519505 b5b182c7-eab1-4988-aa99-b5c1517008d9,1,64049,-97,1596526529490 b5b182c7-eab1-4988-aa99-b5c1517008d9,1,6065,-85,1596526524432 b5b182c7-eab1-4988-aa99-b5c1517008d9,1,41173,-78,1596526529076 00e194a4-bc30-6844-826a-457e8ac51005,24,12128,-90,1596526514551 b5b182c7-eab1-4988-aa99-b5c1517008d9,1,37593,-83,1596526528771 b5b182c7-eab1-4988-aa99-b5c1517008d9,1,36790,-89,1596526529280 1cd7412e-a3b1-4084-a538-d07975e147f4,56899,4946,-95,1596526529205 b5b182c7-eab1-4988-aa99-b5c1517008d9,1,421,-99,1596526519457
1596526534024 b5b182c7-eab1-4988-aa99-b5c1517008d9,1,32561,-96,1596526518659 b5b182c7-eab1-4988-aa99-b5c1517008d9,1,12760,-84,1596526515003 0c807199-0767-4dd5-9d63-0acd75c0183f,8755,5452,-99,1596526528937 0102202b-678f-0100-001b-af490f69ddba,40903,61927,-90,1596526529192 b5b182c7-eab1-4988-aa99-b5c1517008d9,1,19381,-88,1596526519294 b5b182c7-eab1-4988-aa99-b5c1517008d9,1,40336,-91,1596526529150 b5b182c7-eab1-4988-aa99-b5c1517008d9,1,48946,-87,1596526528932 b5b182c7-eab1-4988-aa99-b5c1517008d9,1,62351,-77,1596526518717 00d12291-6398-52dc-a519-731735a21005,18204,752,-93,1596526533907 b5b182c7-eab1-4988-aa99-b5c1517008d9,1,7223,-91,1596526524439 b5b182c7-eab1-4988-aa99-b5c1517008d9,1,40840,-92,1596526519505 b5b182c7-eab1-4988-aa99-b5c1517008d9,1,64049,-97,1596526529490 b5b182c7-eab1-4988-aa99-b5c1517008d9,1,6065,-85,1596526534024 b5b182c7-eab1-4988-aa99-b5c1517008d9,1,41173,-78,1596526529076 00e194a4-bc30-6844-826a-457e8ac51005,24,12128,-90,1596526514551 b5b182c7-eab1-4988-aa99-b5c1517008d9,1,37593,-83,1596526528770 b5b182c7-eab1-4988-aa99-b5c1517008d9,1,36790,-89,1596526529280 1cd7412e-a3b1-4084-a538-d07975e147f4,56899,4946,-95,1596526529205 b5b182c7-eab1-4988-aa99-b5c1517008d9,1,421,-99,1596526519458
1596526534032 b5b182c7-eab1-4988-aa99-b5c1517008d9,1,32561,-96,1596526518659 b5b182c7-eab1-4988-aa99-b5c1517008d9,1,12760,-84,1596526515003 0c807199-0767-4dd5-9d63-0acd75c0183f,8755,5452,-99,1596526528937 0102202b-678f-0100-001b-af490f69ddba,40903,61927,-90,1596526529192 b5b182c7-eab1-4988-aa99-b5c1517008d9,1,19381,-88,1596526519294 b5b182c7-eab1-4988-aa99-b5c1517008d9,1,40336,-91,1596526529150 b5b182c7-eab1-4988-aa99-b5c1517008d9,1,48946,-87,1596526528932 b5b182c7-eab1-4988-aa99-b5c1517008d9,1,62351,-77,1596526518717 00d12291-6398-52dc-a519-731735a21005,18204,752,-93,1596526533907 b5b182c7-eab1-4988-aa99-b5c1517008d9,1,7223,-91,1596526524439 b5b182c7-eab1-4988-aa99-b5c1517008d9,1,40840,-92,1596526519505 b5b182c7-eab1-4988-aa99-b5c1517008d9,1,64049,-97,1596526529490 b5b182c7-eab1-4988-aa99-b5c1517008d9,1,6065,-85,1596526534024 0102202b-678f-0100-0066-aa77ea2d0c25,63827,34187,-83,1596526534032 b5b182c7-eab1-4988-aa99-b5c1517008d9,1,41173,-78,1596526529076 00e194a4-bc30-6844-826a-457e8ac51005,24,12128,-90,1596526514551 b5b182c7-eab1-4988-aa99-b5c1517008d9,1,37593,-83,1596526528771 b5b182c7-eab1-4988-aa99-b5c1517008d9,1,36790,-89,1596526529280 1cd7412e-a3b1-4084-a538-d07975e147f4,56899,4946,-95,1596526529204 b5b182c7-eab1-4988-aa99-b5c1517008d9,1,421,-99,1596526519458
1596526534103 b5b182c7-eab1-4988-aa99-b5c1517008d9,1,32561,-96,1596526518658 b5b182c7-eab1-4988-aa99-b5c1517008d9,1,12760,-84,1596526515002 0c807199-0767-4dd5-9d63-0acd75c0183f,8755,5452,-99,1596526528937 0102202b-678f-0100-001b-af490f69ddba,40903,61927,-90,1596526529192 b5b182c7-eab1-4988-aa99-b5c1517008d9,1,19381,-88,1596526519294 b5b182c7-eab1-4988-aa99-b5c1517008d9,1,40336,-91,1596526529150 b5b182c7-eab1-4988-aa99-b5c1517008d9,1,48946,-87,1596526528932 b5b182c7-eab1-4988-aa99-b5c1517008d9,1,62351,-77,1596526518717 00d12291-6398-52dc-a519-731735a21005,18204,752,-93,1596526533907 b5b182c7-eab1-4988-aa99-b5c1517008d9,1,7223,-91,1596526524439 b5b182c7-eab1-4988-aa99-b5c1517008d9,1,40840,-92,1596526519505 b5b182c7-eab1-4988-aa99-b5c1517008d9,1,64049,-97,1596526529490 b5b182c7-eab1-4988-aa99-b5c1517008d9,1,6065,-85,1596526534024 0102202b-678f-0100-0066-aa77ea2d0c25,63827,34187,-83,1596526534032 b5b182c7-eab1-4988-aa99-b5c1517008d9,1,41173,-78,1596526534103 00e194a4-bc30-6844-826a-457e8ac51005,24,12128,-90,1596526514551 b5b182c7-eab1-4988-aa99-b5c1517008d9,1,37593,-83,1596526528771 b5b182c7-eab1-4988-aa99-b5c1517008d9,1,36790,-89,1596526529280 1cd7412e-a3b1-4084-a538-d07975e147f4,56899,4946,-95,1596526529205 b5b182c7-eab1-4988-aa99-b5c1517008d9,1,421,-99,1596526519458
1596526534296 b5b182c7-eab1-4988-aa99-b5c1517008d9,1,32561,-96,1596526518659 b5b182c7-eab1-4988-aa99-b5c1517008d9,1,12760,-84,1596526515003 0c807199-0767-4dd5-9d63-0acd75c0183f,8755,5452,-99,1596526528937 0102202b-678f-0100-001b-af490f69ddba,40903,61927,-90,1596526529192 b5b182c7-eab1-4988-aa99-b5c1517008d9,1,19381,-88,1596526519294 b5b182c7-eab1-4988-aa99-b5c1517008d9,1,40336,-91,1596526529150 b5b182c7-eab1-4988-aa99-b5c1517008d9,1,48946,-87,1596526528932 b5b182c7-eab1-4988-aa99-b5c1517008d9,1,62351,-77,1596526518717 00d12291-6398-52dc-a519-731735a21005,18204,752,-93,1596526534296 b5b182c7-eab1-4988-aa99-b5c1517008d9,1,7223,-91,1596526524439 b5b182c7-eab1-4988-aa99-b5c1517008d9,1,40840,-92,1596526519505 b5b182c7-eab1-4988-aa99-b5c1517008d9,1,64049,-97,1596526529490 b5b182c7-eab1-4988-aa99-b5c1517008d9,1,6065,-85,1596526534024 0102202b-678f-0100-0066-aa77ea2d0c25,63827,34187,-83,1596526534032 b5b182c7-eab1-4988-aa99-b5c1517008d9,1,41173,-78,1596526534103 00e194a4-bc30-6844-826a-457e8ac51005,24,12128,-90,1596526514551 b5b182c7-eab1-4988-aa99-b5c1517008d9,1,37593,-83,1596526528771 b5b182c7-eab1-4988-aa99-b5c1517008d9,1,36790,-89,1596526529280 1cd7412e-a3b1-4084-a538-d07975e147f4,56899,4946,-95,1596526529205 b5b182c7-eab1-4988-aa99-b5c1517008d9,1,421,-99,1596526519458
1596526534330 b5b182c7-eab1-4988-aa99-b5c1517008d9,1,32561,-96,1596526518659 b5b182c7-eab1-4988-aa99-b5c1517008d9,1,12760,-84,1596526515003 0c807199-0767-4dd5-9d63-0acd75c0183f,8755,5452,-99,1596526528937 0102202b-678f-0100-001b-af490f69ddba,40903,61927,-90,1596526529192 b5b182c7-eab1-4988-aa99-b5c1517008d9,1,19381,-88,1596526519294 b5b182c7-eab1-4988-aa99-b5c1517008d9,1,40336,-91,1596526529149 b5b182c7-eab1-4988-aa99-b5c1517008d9,1,48946,-87,1596526528931 b5b182c7-eab1-4988-aa99-b5c1517008d9,1,62351,-77,1596526518717 00d12291-6398-52dc-a519-731735a21005,18204,752,-93,1596526534296 b5b182c7-eab1-4988-aa99-b5c1517008d9,1,7223,-91,1596526524439 b5b182c7-eab1-4988-aa99-b5c1517008d9,1,40840,-92,1596526519505 b5b182c7-eab1-4988-aa99-b5c1517008d9,1,64049,-97,1596526529490 b5b182c7-eab1-4988-aa99-b5c1517008d9,1,6065,-85,1596526534024 0102202b-678f-0100-0066-aa77ea2d0c25,63827,34187,-83,1596526534032 b5b182c7-eab1-4988-aa99-b5c1517008d9,1,41173,-78,1596526534103 00e194a4-bc30-6844-826a-457e8ac51005,24,12128,-90,1596526514551 b5b182c7-eab1-4988-aa99-b5c1517008d9,1,37593,-83,1596526528771 b5b182c7-eab1-4988-aa99-b5c1517008d9,1,36790,-89,1596526534330 1cd7412e-a3b1-4084-a538-d07975e147f4,56899,4946,-95,1596526529205 b5b182c7-eab1-4988-aa99-b5c1517008d9,1,421,-99,1596526519458
1596526534457 b5b182c7-eab1-4988-aa99-b5c1517008d9,1,32561,-96,1596526518659 b5b182c7-eab1-4988-aa99-b5c1517008d9,1,12760,-84,1596526515003 0c807199-0767-4dd5-9d63-0acd75c0183f,8755,5452,-99,1596526528937 0102202b-678f-0100-001b-af490f69ddba,40903,61927,-90,1596526529192 b5b182c7-eab1-4988-aa99-b5c1517008d9,1,19381,-88,1596526534457 b5b182c7-eab1-4988-aa99-b5c1517008d9,1,40336,-91,1596526529150 b5b182c7-eab1-4988-aa99-b5c1517008d9,1,48946,-87,1596526528932 b5b182c7-eab1-4988-aa99-b5c1517008d9,1,62351,-77,1596526518717 00d12291-6398-52dc-a519-731735a21005,18204,752,-93,1596526534296 b5b182c7-eab1-4988-aa99-b5c1517008d9,1,7223,-91,1596526524439 b5b182c7-eab1-4988-aa99-b5c1517008d9,1,40840,-92,1596526519505 b5b182c7-eab1-4988-aa99-b5c1517008d9,1,64049,-97,1596526529490 b5b182c7-eab1-4988-aa99-b5c1517008d9,1,6065,-85,1596526534024 0102202b-678f-0100-0066-aa77ea2d0c25,63827,34187,-83,1596526534032 b5b182c7-eab1-4988-aa99-b5c1517008d9,1,41173,-78,1596526534103 00e194a4-bc30-6844-826a-457e8ac51005,24,12128,-90,1596526514551 b5b182c7-eab1-4988-aa99-b5c1517008d9,1,37593,-83,1596526528771 b5b182c7-eab1-4988-aa99-b5c1517008d9,1,36790,-89,1596526534330 1cd7412e-a3b1-4084-a538-d07975e147f4,56899,4946,-95,1596526529205 b5b182c7-eab1-4988-aa99-b5c1517008d9,1,421,-99,1596526519458
1596526534467 b5b182c7-eab1-4988-aa99-b5c1517008d9,1,32561,-96,1596526518658 b5b182c7-eab1-4988-aa99-b5c1517008d9,1,12760,-84,1596526515002 0c807199-0767-4dd5-9d63-0acd75c0183f,8755,5452,-99,1596526528937 0102202b-678f-0100-001b-af490f69ddba,40903,61927,-90,1596526529192 b5b182c7-eab1-4988-aa99-b5c1517008d9,1,19381,-88,1596526534457 b5b182c7-eab1-4988-aa99-b5c1517008d9,1,40336,-91,1596526529150 b5b182c7-eab1-4988-aa99-b5c1517008d9,1,48946,-87,1596526528932 b5b182c7-eab1-4988-aa99-b5c1517008d9,1,62351,-77,1596526518717 00d12291-6398-52dc-a519-731735a21005,18204,752,-93,1596526534467 b5b182c7-eab1-4988-aa99-b5c1517008d9,1,7223,-91,1596526524439 b5b182c7-eab1-4988-aa99-b5c1517008d9,1,40840,-92,1596526519505 b5b182c7-eab1-4988-aa99-b5c1517008d9,1,64049,-97,1596526529489 b5b182c7-eab1-4988-aa99-b5c1517008d9,1,6065,-85,1596526534024 0102202b-678f-0100-0066-aa77ea2d0c25,63827,34187,-83,1596526534032 b5b182c7-eab1-4988-aa99-b5c1517008d9,1,41173,-78,1596526534103 00e194a4-bc30-6844-826a-457e8ac51005,24,12128,-90,1596526514551 b5b182c7-eab1-4988-aa99-b5c1517008d9,1,37593,-83,1596526528771 b5b182c7-eab1-4988-aa99-b5c1517008d9,1,36790,-89,1596526534330 1cd7412e-a3b1-4084-a538-d07975e147f4,56899,4946,-95,1596526529205 b5b182c7-eab1-4988-aa99-b5c1517008d9,1,421,-99,1596526519458
1596526539007 b5b182c7-eab1-4988-aa99-b5c1517008d9,1,32561,-96,1596526518659 b5b182c7-eab1-4988-aa99-b5c1517008d9,1,12760,-84,1596526515003 0c807199-0767-4dd5-9d63-0acd75c0183f,8755,5452,-99,1596526528937 b5b182c7-eab1-4988-aa99-b5c1517008d9,1,54185,-90,1596526539007 0102202b-678f-0100-001b-af490f69ddba,40903,61927,-90,1596526529192 b5b182c7-eab1-4988-aa99-b5c1517008d9,1,19381,-88,1596526534457 b5b182c7-eab1-4988-aa99-b5c1517008d9,1,40336,-91,1596526529150 b5b182c7-eab1-4988-aa99-b5c1517008d9,1,48946,-87,1596526528932 b5b182c7-eab1-4988-aa99-b5c1517008d9,1,62351,-77,1596526518717 00d12291-6398-52dc-a519-731735a21005,18204,752,-93,1596526534467 b5b182c7-eab1-4988-aa99-b5c1517008d9,1,7223,-91,1596526524439 b5b182c7-eab1-4988-aa99-b5c1517008d9,1,40840,-92,1596526519505 b5b182c7-eab1-4988-aa99-b5c1517008d9,1,64049,-97,1596526529490 b5b182c7-eab1-4988-aa99-b5c1517008d9,1,6065,-85,1596526534024 0102202b-678f-0100-0066-aa77ea2d0c25,63827,34187,-83,1596526534031 b5b182c7-eab1-4988-aa99-b5c1517008d9,1,41173,-78,1596526534103 00e194a4-bc30-6844-826a-457e8ac51005,24,12128,-90,1596526514551 b5b182c7-eab1-4988-aa99-b5c1517008d9,1,37593,-83,1596526528771 b5b182c7-eab1-4988-aa99-b5c1517008d9,1,36790,-89,1596526534330 1cd7412e-a3b1-4084-a538-d07975e147f4,56899,4946,-95,1596526529205 b5b182c7-eab1-4988-aa99-b5c1517008d9,1,421,-99,1596526519458
1596526539392 b5b182c7-eab1-4988-aa99-b5c1517008d9,1,32561,-96,1596526518659 b5b182c7-eab1-4988-aa99-b5c1517008d9,1,12760,-84,1596526515003 0c807199-0767-4dd5-9d63-0acd75c0183f,8755,5452,-99,1596526528937 b5b182c7-eab1-4988-aa99-b5c1517008d9,1,54185,-90,1596526539007 0102202b-678f-0100-001b-af490f69ddba,40903,61927,-90,1596526529191 b5b182c7-eab1-4988-aa99-b5c1517008d9,1,19381,-88,1596526534456 b5b182c7-eab1-4988-aa99-b5c1517008d9,1,40336,-91,1596526529149 b5b182c7-eab1-4988-aa99-b5c1517008d9,1,48946,-87,1596526528932 b5b182c7-eab1-4988-aa99-b5c1517008d9,1,62351,-77,1596526518717 00d12291-6398-52dc-a519-731735a21005,18204,752,-93,1596526539392 b5b182c7-eab1-4988-aa99-b5c1517008d9,1,7223,-91,1596526524439 b5b182c7-eab1-4988-aa99-b5c1517008d9,1,40840,-92,1596526519505 b5b182c7-eab1-4988-aa99-b5c1517008d9,1,64049,-97,1596526529490 b5b182c7-eab1-4988-aa99-b5c1517008d9,1,6065,-85,1596526534024 0102202b-678f-0100-0066-aa77ea2d0c25,63827,34187,-83,1596526534032 b5b182c7-eab1-4988-aa99-b5c1517008d9,1,41173,-78,1596526534103 00e194a4-bc30-6844-826a-457e8ac51005,24,12128,-90,1596526514551 b5b182c7-eab1-4988-aa99-b5c1517008d9,1,37593,-83,1596526528771 b5b182c7-eab1-4988-aa99-b5c1517008d9,1,36790,-89,1596526534330 1cd7412e-a3b1-4084-a538-d07975e147f4,56899,4946,-95,1596526529205 b5b182c7-eab1-4988-aa99-b5c1517008d9,1,421,-99,1596526519458
1596526539404 b5b182c7-eab1-4988-aa99-b5c1517008d9,1,32561,-96,1596526518658 b5b182c7-eab1-4988-aa99-b5c1517008d9,1,12760,-84,1596526515002 0c807199-0767-4dd5-9d63-0acd75c0183f,8755,5452,-99,1596526528936 b5b182c7-eab1-4988-aa99-b5c1517008d9,1,54185,-90,1596526539006 0102202b-678f-0100-001b-af490f69ddba,40903,61927,-90,1596526529192 b5b182c7-eab1-4988-aa99-b5c1517008d9,1,19381,-88,1596526534457 b5b182c7-eab1-4988-aa99-b5c1517008d9,1,40336,-91,1596526529150 b5b182c7-eab1-4988-aa99-b5c1517008d9,1,48946,-87,1596526528932 b5b182c7-eab1-4988-aa99-b5c1517008d9,1,62351,-77,1596526518717 00d12291-6398-52dc-a519-731735a21005,18204,752,-93,1596526539392 b5b182c7-eab1-4988-aa99-b5c1517008d9,1,7223,-91,1596526524439 b5b182c7-eab1-4988-aa99-b5c1517008d9,1,40840,-92,1596526519505 b5b182c7-eab1-4988-aa99-b5c1517008d9,1,64049,-97,1596526529490 b5b182c7-eab1-4988-aa99-b5c1517008d9,1,6065,-85,1596526534024 0102202b-678f-0100-0066-aa77ea2d0c25,63827,34187,-83,1596526539404 b5b182c7-eab1-4988-aa99-b5c1517008d9,1,41173,-78,1596526534103 00e194a4-bc30-6844-826a-457e8ac51005,24,12128,-90,1596526514551 b5b182c7-eab1-4988-aa99-b5c1517008d9,1,37593,-83,1596526528771 b5b182c7-eab1-4988-aa99-b5c1517008d9,1,36790,-89,1596526534330 1cd7412e-a3b1-4084-a538-d07975e147f4,56899,4946,-95,1596526529205 b5b182c7-eab1-4988-aa99-b5c1517008d9,1,421,-99,1596526519458
