Started:Mtr_Klb_5572a8422e8a67cf_1015_100_595_95_1596526083208
1596526094392 0c807199-0767-4dd5-9d63-0acd75c0183f,1230,45471,-97,1596526094392
1596526098675 0c807199-0767-4dd5-9d63-0acd75c0183f,1230,45471,-97,1596526094392 0102202b-678f-0000-00b1-59d5712691b7,63321,21484,-100,1596526098675
1596526103856 01022022-f28f-0100-009d-01b5cb5d18d5,55472,36485,-92,1596526103857 0c807199-0767-4dd5-9d63-0acd75c0183f,1230,45471,-97,1596526094392 0102202b-678f-0000-00b1-59d5712691b7,63321,21484,-100,1596526098675
1596526108942 01022022-f28f-0100-009d-01b5cb5d18d5,55472,36485,-92,1596526103857 0c807199-0767-4dd5-9d63-0acd75c0183f,1230,45471,-97,1596526094392 0102202b-678f-0000-00b1-59d5712691b7,63321,21484,-100,1596526098674 01022022-f18f-0100-002f-3126a6809b6f,51757,60583,-90,1596526108942
1596526109129 01022022-f28f-0100-009d-01b5cb5d18d5,55472,36485,-92,1596526103857 0c807199-0767-4dd5-9d63-0acd75c0183f,1230,45471,-97,1596526094392 0102202b-678f-0000-00b1-59d5712691b7,63321,21484,-100,1596526098675 01022022-f18f-0100-002f-3126a6809b6f,51757,60583,-90,1596526109129
1596526109177 01022022-f28f-0100-009d-01b5cb5d18d5,55472,36485,-92,1596526103857 0c807199-0767-4dd5-9d63-0acd75c0183f,1230,45471,-97,1596526094392 0102202b-678f-0000-00b1-59d5712691b7,63321,21484,-100,1596526098674 01022022-f18f-0100-002f-3126a6809b6f,51757,60583,-90,1596526109129 db983ea6-33c3-4eb3-8c58-bb61b2c880cf,17786,65011,-94,1596526109177
1596526109320 01022022-f28f-0100-009d-01b5cb5d18d5,55472,36485,-92,1596526103857 0c807199-0767-4dd5-9d63-0acd75c0183f,1230,45471,-97,1596526094391 0102202b-678f-0000-00b1-59d5712691b7,63321,21484,-100,1596526098675 01022022-f18f-0100-002f-3126a6809b6f,51757,60583,-90,1596526109320 db983ea6-33c3-4eb3-8c58-bb61b2c880cf,17786,65011,-94,1596526109177
1596526109526 01022022-f28f-0100-009d-01b5cb5d18d5,55472,36485,-92,1596526103857 0c807199-0767-4dd5-9d63-0acd75c0183f,1230,45471,-97,1596526094392 0102202b-678f-0000-00b1-59d5712691b7,63321,21484,-100,1596526098675 fda50693-a4e2-4fb1-afcf-c6eb07647825,10196,38623,-90,1596526109526 01022022-f18f-0100-002f-3126a6809b6f,51757,60583,-90,1596526109320 db983ea6-33c3-4eb3-8c58-bb61b2c880cf,17786,65011,-94,1596526109177
1596526112712 01022022-f28f-0100-009d-01b5cb5d18d5,55472,36485,-92,1596526103857 0c807199-0767-4dd5-9d63-0acd75c0183f,1230,45471,-97,1596526094392 0102202b-678f-0000-00b1-59d5712691b7,63321,21484,-100,1596526098675 fda50693-a4e2-4fb1-afcf-c6eb07647825,10196,38623,-90,1596526109526 fda50693-a4e2-4fb1-afcf-c6eb07647825,10196,38624,-88,1596526112713 01022022-f18f-0100-002f-3126a6809b6f,51757,60583,-90,1596526109320 db983ea6-33c3-4eb3-8c58-bb61b2c880cf,17786,65011,-94,1596526109177
1596526114100 01022022-f28f-0100-009d-01b5cb5d18d5,55472,36485,-92,1596526103857 0c807199-0767-4dd5-9d63-0acd75c0183f,1230,45471,-97,1596526094392 0102202b-678f-0000-00b1-59d5712691b7,63321,21484,-100,1596526098675 fda50693-a4e2-4fb1-afcf-c6eb07647825,10196,38623,-90,1596526109526 fda50693-a4e2-4fb1-afcf-c6eb07647825,10196,38624,-88,1596526112713 0102202b-678f-0000-00a2-47b50de6a018,26495,50521,-95,1596526114101 01022022-f18f-0100-002f-3126a6809b6f,51757,60583,-90,1596526109320 db983ea6-33c3-4eb3-8c58-bb61b2c880cf,17786,65011,-94,1596526109177
1596526114185 01022022-f28f-0100-009d-01b5cb5d18d5,55472,36485,-92,1596526103857 0c807199-0767-4dd5-9d63-0acd75c0183f,1230,45471,-97,1596526094392 0102202b-678f-0000-00b1-59d5712691b7,63321,21484,-100,1596526098675 fda50693-a4e2-4fb1-afcf-c6eb07647825,10196,38623,-90,1596526109526 fda50693-a4e2-4fb1-afcf-c6eb07647825,10196,38624,-88,1596526112713 0102202b-678f-0000-00a2-47b50de6a018,26495,50521,-95,1596526114100 b5b182c7-eab1-4988-aa99-b5c1517008d9,1,32489,-90,1596526114186 01022022-f18f-0100-002f-3126a6809b6f,51757,60583,-90,1596526109320 db983ea6-33c3-4eb3-8c58-bb61b2c880cf,17786,65011,-94,1596526109177
1596526114281 01022022-f28f-0100-009d-01b5cb5d18d5,55472,36485,-92,1596526103857 0c807199-0767-4dd5-9d63-0acd75c0183f,1230,45471,-97,1596526094392 0102202b-678f-0000-00b1-59d5712691b7,63321,21484,-100,1596526098675 fda50693-a4e2-4fb1-afcf-c6eb07647825,10196,38623,-90,1596526109526 fda50693-a4e2-4fb1-afcf-c6eb07647825,10196,38624,-88,1596526112713 0102202b-678f-0000-00a2-47b50de6a018,26495,50521,-95,1596526114281 b5b182c7-eab1-4988-aa99-b5c1517008d9,1,32489,-90,1596526114186 01022022-f18f-0100-002f-3126a6809b6f,51757,60583,-90,1596526109320 db983ea6-33c3-4eb3-8c58-bb61b2c880cf,17786,65011,-94,1596526109177
1596526114497 01022022-f28f-0100-009d-01b5cb5d18d5,55472,36485,-92,1596526103857 0c807199-0767-4dd5-9d63-0acd75c0183f,1230,45471,-97,1596526094392 0102202b-678f-0000-00b1-59d5712691b7,63321,21484,-100,1596526098675 fda50693-a4e2-4fb1-afcf-c6eb07647825,10196,38623,-90,1596526109526 fda50693-a4e2-4fb1-afcf-c6eb07647825,10196,38624,-88,1596526112713 0102202b-678f-0000-00a2-47b50de6a018,26495,50521,-95,1596526114281 b5b182c7-eab1-4988-aa99-b5c1517008d9,1,32489,-90,1596526114186 01022022-f18f-0100-002f-3126a6809b6f,51757,60583,-90,1596526109320 b5b182c7-eab1-4988-aa99-b5c1517008d9,1,49215,-95,1596526114497 db983ea6-33c3-4eb3-8c58-bb61b2c880cf,17786,65011,-94,1596526109177
1596526114516 01022022-f28f-0100-009d-01b5cb5d18d5,55472,36485,-92,1596526103857 0c807199-0767-4dd5-9d63-0acd75c0183f,1230,45471,-97,1596526094392 0102202b-678f-0000-00b1-59d5712691b7,63321,21484,-100,1596526098675 fda50693-a4e2-4fb1-afcf-c6eb07647825,10196,38623,-90,1596526109525 fda50693-a4e2-4fb1-afcf-c6eb07647825,10196,38624,-88,1596526112713 0102202b-678f-0000-00a2-47b50de6a018,26495,50521,-95,1596526114281 b5b182c7-eab1-4988-aa99-b5c1517008d9,1,32489,-90,1596526114186 01022022-f18f-0100-002f-3126a6809b6f,51757,60583,-90,1596526114516 b5b182c7-eab1-4988-aa99-b5c1517008d9,1,49215,-95,1596526114497 db983ea6-33c3-4eb3-8c58-bb61b2c880cf,17786,65011,-94,1596526109177
1596526119191 01022022-f28f-0100-009d-01b5cb5d18d5,55472,36485,-92,1596526103857 0c807199-0767-4dd5-9d63-0acd75c0183f,1230,45471,-97,1596526094392 0102202b-678f-0000-00b1-59d5712691b7,63321,21484,-100,1596526098674 fda50693-a4e2-4fb1-afcf-c6eb07647825,10196,38623,-90,1596526109526 fda50693-a4e2-4fb1-afcf-c6eb07647825,10196,38624,-88,1596526112713 0102202b-678f-0000-00a2-47b50de6a018,26495,50521,-95,1596526114281 b5b182c7-eab1-4988-aa99-b5c1517008d9,1,32489,-90,1596526114186 01022022-f18f-0100-002f-3126a6809b6f,51757,60583,-90,1596526119191 b5b182c7-eab1-4988-aa99-b5c1517008d9,1,49215,-95,1596526114497 db983ea6-33c3-4eb3-8c58-bb61b2c880cf,17786,65011,-94,1596526109177
1596526119377 01022022-f28f-0100-009d-01b5cb5d18d5,55472,36485,-92,1596526103857 0c807199-0767-4dd5-9d63-0acd75c0183f,1230,45471,-97,1596526094392 0102202b-678f-0000-00b1-59d5712691b7,63321,21484,-100,1596526098674 fda50693-a4e2-4fb1-afcf-c6eb07647825,10196,38623,-90,1596526109526 fda50693-a4e2-4fb1-afcf-c6eb07647825,10196,38624,-88,1596526112713 0102202b-678f-0000-00a2-47b50de6a018,26495,50521,-95,1596526114281 b5b182c7-eab1-4988-aa99-b5c1517008d9,1,32489,-90,1596526114186 01022022-f18f-0100-002f-3126a6809b6f,51757,60583,-90,1596526119377 b5b182c7-eab1-4988-aa99-b5c1517008d9,1,49215,-95,1596526114497 db983ea6-33c3-4eb3-8c58-bb61b2c880cf,17786,65011,-94,1596526109177
1596526119529 01022022-f28f-0100-009d-01b5cb5d18d5,55472,36485,-92,1596526103857 0c807199-0767-4dd5-9d63-0acd75c0183f,1230,45471,-97,1596526094392 0102202b-678f-0000-00b1-59d5712691b7,63321,21484,-100,1596526098675 fda50693-a4e2-4fb1-afcf-c6eb07647825,10196,38623,-90,1596526119529 fda50693-a4e2-4fb1-afcf-c6eb07647825,10196,38624,-88,1596526112713 0102202b-678f-0000-00a2-47b50de6a018,26495,50521,-95,1596526114281 b5b182c7-eab1-4988-aa99-b5c1517008d9,1,32489,-90,1596526114186 01022022-f18f-0100-002f-3126a6809b6f,51757,60583,-90,1596526119377 b5b182c7-eab1-4988-aa99-b5c1517008d9,1,49215,-95,1596526114497 db983ea6-33c3-4eb3-8c58-bb61b2c880cf,17786,65011,-94,1596526109177
1596526125523 01022022-f28f-0100-009d-01b5cb5d18d5,55472,36485,-92,1596526103857 0c807199-0767-4dd5-9d63-0acd75c0183f,1230,45471,-97,1596526094392 0102202b-678f-0000-00b1-59d5712691b7,63321,21484,-100,1596526098675 fda50693-a4e2-4fb1-afcf-c6eb07647825,10196,38623,-90,1596526125523 fda50693-a4e2-4fb1-afcf-c6eb07647825,10196,38624,-88,1596526112712 0102202b-678f-0000-00a2-47b50de6a018,26495,50521,-95,1596526114281 b5b182c7-eab1-4988-aa99-b5c1517008d9,1,32489,-90,1596526114186 01022022-f18f-0100-002f-3126a6809b6f,51757,60583,-90,1596526119377 b5b182c7-eab1-4988-aa99-b5c1517008d9,1,49215,-95,1596526114497 db983ea6-33c3-4eb3-8c58-bb61b2c880cf,17786,65011,-94,1596526109177
1596526134525 01022022-f28f-0100-009d-01b5cb5d18d5,55472,36485,-92,1596526103856 0c807199-0767-4dd5-9d63-0acd75c0183f,1230,45471,-97,1596526094391 0102202b-678f-0000-00b1-59d5712691b7,63321,21484,-100,1596526098675 fda50693-a4e2-4fb1-afcf-c6eb07647825,10196,38623,-90,1596526134525 fda50693-a4e2-4fb1-afcf-c6eb07647825,10196,38624,-88,1596526112713 0102202b-678f-0000-00a2-47b50de6a018,26495,50521,-95,1596526114281 b5b182c7-eab1-4988-aa99-b5c1517008d9,1,32489,-90,1596526114186 01022022-f18f-0100-002f-3126a6809b6f,51757,60583,-90,1596526119377 b5b182c7-eab1-4988-aa99-b5c1517008d9,1,49215,-95,1596526114497 db983ea6-33c3-4eb3-8c58-bb61b2c880cf,17786,65011,-94,1596526109177
1596526137055 01022022-f28f-0100-009d-01b5cb5d18d5,55472,36485,-92,1596526103857 0c807199-0767-4dd5-9d63-0acd75c0183f,1230,45471,-97,1596526094391 0102202b-678f-0000-00b1-59d5712691b7,63321,21484,-100,1596526098675 fda50693-a4e2-4fb1-afcf-c6eb07647825,10196,38623,-90,1596526134525 fda50693-a4e2-4fb1-afcf-c6eb07647825,10196,38624,-88,1596526112713 0102202b-678f-0000-00a2-47b50de6a018,26495,50521,-95,1596526114281 b5b182c7-eab1-4988-aa99-b5c1517008d9,1,32489,-90,1596526114186 b5b182c7-eab1-4988-aa99-b5c1517008d9,1,14882,-86,1596526137055 01022022-f18f-0100-002f-3126a6809b6f,51757,60583,-90,1596526119377 b5b182c7-eab1-4988-aa99-b5c1517008d9,1,49215,-95,1596526114497 db983ea6-33c3-4eb3-8c58-bb61b2c880cf,17786,65011,-94,1596526109177
1596526138448 01022022-f28f-0100-009d-01b5cb5d18d5,55472,36485,-92,1596526103856 0c807199-0767-4dd5-9d63-0acd75c0183f,1230,45471,-97,1596526094391 0102202b-678f-0000-00b1-59d5712691b7,63321,21484,-100,1596526098675 fda50693-a4e2-4fb1-afcf-c6eb07647825,10196,38623,-90,1596526134525 fda50693-a4e2-4fb1-afcf-c6eb07647825,10196,38624,-88,1596526112713 b5b182c7-eab1-4988-aa99-b5c1517008d9,1,58424,-100,1596526138448 0102202b-678f-0000-00a2-47b50de6a018,26495,50521,-95,1596526114281 b5b182c7-eab1-4988-aa99-b5c1517008d9,1,32489,-90,1596526114186 b5b182c7-eab1-4988-aa99-b5c1517008d9,1,14882,-86,1596526137055 01022022-f18f-0100-002f-3126a6809b6f,51757,60583,-90,1596526119377 b5b182c7-eab1-4988-aa99-b5c1517008d9,1,49215,-95,1596526114497 db983ea6-33c3-4eb3-8c58-bb61b2c880cf,17786,65011,-94,1596526109177
1596526138461 0c807199-0767-4dd5-9d63-0acd75c0183f,1230,45471,-97,1596526094392 0102202b-678f-0000-00b1-59d5712691b7,63321,21484,-100,1596526098675 0102202b-678f-0000-00a2-47b50de6a018,26495,50521,-95,1596526114281 b5b182c7-eab1-4988-aa99-b5c1517008d9,1,32489,-90,1596526114186 b5b182c7-eab1-4988-aa99-b5c1517008d9,1,14882,-86,1596526137055 01022022-f18f-0100-002f-3126a6809b6f,51757,60583,-90,1596526119377 b5b182c7-eab1-4988-aa99-b5c1517008d9,1,64562,-90,1596526138461 01022022-f28f-0100-009d-01b5cb5d18d5,55472,36485,-92,1596526103856 fda50693-a4e2-4fb1-afcf-c6eb07647825,10196,38623,-90,1596526134525 fda50693-a4e2-4fb1-afcf-c6eb07647825,10196,38624,-88,1596526112713 b5b182c7-eab1-4988-aa99-b5c1517008d9,1,58424,-100,1596526138448 b5b182c7-eab1-4988-aa99-b5c1517008d9,1,49215,-95,1596526114497 db983ea6-33c3-4eb3-8c58-bb61b2c880cf,17786,65011,-94,1596526109177
1596526138675 0c807199-0767-4dd5-9d63-0acd75c0183f,1230,45471,-97,1596526094392 0102202b-678f-0000-00b1-59d5712691b7,63321,21484,-100,1596526098675 0102202b-678f-0000-00a2-47b50de6a018,26495,50521,-95,1596526114281 b5b182c7-eab1-4988-aa99-b5c1517008d9,1,32489,-90,1596526114186 b5b182c7-eab1-4988-aa99-b5c1517008d9,1,14882,-86,1596526137055 01022022-f18f-0100-002f-3126a6809b6f,51757,60583,-90,1596526119376 b5b182c7-eab1-4988-aa99-b5c1517008d9,1,64562,-90,1596526138461 01022022-f28f-0100-009d-01b5cb5d18d5,55472,36485,-92,1596526103857 fda50693-a4e2-4fb1-afcf-c6eb07647825,10196,38623,-90,1596526134525 fda50693-a4e2-4fb1-afcf-c6eb07647825,10196,38624,-88,1596526112713 b5b182c7-eab1-4988-aa99-b5c1517008d9,1,58424,-100,1596526138448 b5b182c7-eab1-4988-aa99-b5c1517008d9,1,49215,-95,1596526114497 db983ea6-33c3-4eb3-8c58-bb61b2c880cf,17786,65011,-94,1596526109177 01022022-f78f-0200-0078-78e3908e7418,56578,22549,-77,1596526138675
1596526138864 0c807199-0767-4dd5-9d63-0acd75c0183f,1230,45471,-97,1596526094392 0102202b-678f-0000-00b1-59d5712691b7,63321,21484,-100,1596526098674 0102202b-678f-0000-00a2-47b50de6a018,26495,50521,-95,1596526114281 b5b182c7-eab1-4988-aa99-b5c1517008d9,1,32489,-90,1596526114186 b5b182c7-eab1-4988-aa99-b5c1517008d9,1,14882,-86,1596526137055 01022022-f18f-0100-002f-3126a6809b6f,51757,60583,-90,1596526119377 b5b182c7-eab1-4988-aa99-b5c1517008d9,1,64562,-90,1596526138461 01022022-f28f-0100-009d-01b5cb5d18d5,55472,36485,-92,1596526103857 fda50693-a4e2-4fb1-afcf-c6eb07647825,10196,38623,-90,1596526134525 fda50693-a4e2-4fb1-afcf-c6eb07647825,10196,38624,-88,1596526112713 b5b182c7-eab1-4988-aa99-b5c1517008d9,1,58424,-100,1596526138448 b5b182c7-eab1-4988-aa99-b5c1517008d9,1,49215,-95,1596526114497 db983ea6-33c3-4eb3-8c58-bb61b2c880cf,17786,65011,-94,1596526109177 01022022-f78f-0200-0078-78e3908e7418,56578,22549,-77,1596526138864
1596526139238 0c807199-0767-4dd5-9d63-0acd75c0183f,1230,45471,-97,1596526094392 0102202b-678f-0000-00b1-59d5712691b7,63321,21484,-100,1596526098675 0102202b-678f-0000-00a2-47b50de6a018,26495,50521,-95,1596526114281 b5b182c7-eab1-4988-aa99-b5c1517008d9,1,32489,-90,1596526114186 b5b182c7-eab1-4988-aa99-b5c1517008d9,1,14882,-86,1596526137055 01022022-f18f-0100-002f-3126a6809b6f,51757,60583,-90,1596526119377 b5b182c7-eab1-4988-aa99-b5c1517008d9,1,64562,-90,1596526138461 01022022-f28f-0100-009d-01b5cb5d18d5,55472,36485,-92,1596526103857 fda50693-a4e2-4fb1-afcf-c6eb07647825,10196,38623,-90,1596526134524 fda50693-a4e2-4fb1-afcf-c6eb07647825,10196,38624,-88,1596526112712 b5b182c7-eab1-4988-aa99-b5c1517008d9,1,58424,-100,1596526138448 b5b182c7-eab1-4988-aa99-b5c1517008d9,1,49215,-95,1596526114497 db983ea6-33c3-4eb3-8c58-bb61b2c880cf,17786,65011,-94,1596526109177 01022022-f78f-0200-0078-78e3908e7418,56578,22549,-77,1596526139238
1596526139420 0c807199-0767-4dd5-9d63-0acd75c0183f,1230,45471,-97,1596526094392 0102202b-678f-0000-00b1-59d5712691b7,63321,21484,-100,1596526098675 0102202b-678f-0000-00a2-47b50de6a018,26495,50521,-95,1596526114281 b5b182c7-eab1-4988-aa99-b5c1517008d9,1,32489,-90,1596526114186 b5b182c7-eab1-4988-aa99-b5c1517008d9,1,14882,-86,1596526137055 01022022-f18f-0100-002f-3126a6809b6f,51757,60583,-90,1596526119377 b5b182c7-eab1-4988-aa99-b5c1517008d9,1,64562,-90,1596526138461 01022022-f28f-0100-009d-01b5cb5d18d5,55472,36485,-92,1596526103857 fda50693-a4e2-4fb1-afcf-c6eb07647825,10196,38623,-90,1596526134525 fda50693-a4e2-4fb1-afcf-c6eb07647825,10196,38624,-88,1596526112713 b5b182c7-eab1-4988-aa99-b5c1517008d9,1,58424,-100,1596526138448 b5b182c7-eab1-4988-aa99-b5c1517008d9,1,49215,-95,1596526114497 db983ea6-33c3-4eb3-8c58-bb61b2c880cf,17786,65011,-94,1596526109177 01022022-f78f-0200-0078-78e3908e7418,56578,22549,-77,1596526139420
1596526139527 0c807199-0767-4dd5-9d63-0acd75c0183f,1230,45471,-97,1596526094392 0102202b-678f-0000-00b1-59d5712691b7,63321,21484,-100,1596526098675 0102202b-678f-0000-00a2-47b50de6a018,26495,50521,-95,1596526114281 b5b182c7-eab1-4988-aa99-b5c1517008d9,1,32489,-90,1596526114186 b5b182c7-eab1-4988-aa99-b5c1517008d9,1,14882,-86,1596526137055 01022022-f18f-0100-002f-3126a6809b6f,51757,60583,-90,1596526119377 b5b182c7-eab1-4988-aa99-b5c1517008d9,1,64562,-90,1596526138460 01022022-f28f-0100-009d-01b5cb5d18d5,55472,36485,-92,1596526103856 fda50693-a4e2-4fb1-afcf-c6eb07647825,10196,38623,-90,1596526139527 fda50693-a4e2-4fb1-afcf-c6eb07647825,10196,38624,-88,1596526112713 b5b182c7-eab1-4988-aa99-b5c1517008d9,1,58424,-100,1596526138448 b5b182c7-eab1-4988-aa99-b5c1517008d9,1,49215,-95,1596526114497 db983ea6-33c3-4eb3-8c58-bb61b2c880cf,17786,65011,-94,1596526109177 01022022-f78f-0200-0078-78e3908e7418,56578,22549,-77,1596526139420
1596526143506 0c807199-0767-4dd5-9d63-0acd75c0183f,1230,45471,-97,1596526094392 0102202b-678f-0000-00b1-59d5712691b7,63321,21484,-100,1596526098675 0102202b-678f-0000-00a2-47b50de6a018,26495,50521,-95,1596526114281 b5b182c7-eab1-4988-aa99-b5c1517008d9,1,32489,-90,1596526114186 b5b182c7-eab1-4988-aa99-b5c1517008d9,1,14882,-86,1596526137055 01022022-f18f-0100-002f-3126a6809b6f,51757,60583,-90,1596526119377 b5b182c7-eab1-4988-aa99-b5c1517008d9,1,64562,-90,1596526138461 01022022-f28f-0100-009d-01b5cb5d18d5,55472,36485,-92,1596526103857 fda50693-a4e2-4fb1-afcf-c6eb07647825,10196,38623,-90,1596526139527 fda50693-a4e2-4fb1-afcf-c6eb07647825,10196,38624,-88,1596526112713 b5b182c7-eab1-4988-aa99-b5c1517008d9,1,58424,-100,1596526138448 b5b182c7-eab1-4988-aa99-b5c1517008d9,1,49215,-95,1596526114497 db983ea6-33c3-4eb3-8c58-bb61b2c880cf,17786,65011,-94,1596526109177 01022022-f78f-0200-0078-78e3908e7418,56578,22549,-77,1596526143506
1596526143881 0c807199-0767-4dd5-9d63-0acd75c0183f,1230,45471,-97,1596526094392 0102202b-678f-0000-00b1-59d5712691b7,63321,21484,-100,1596526098675 0102202b-678f-0000-00a2-47b50de6a018,26495,50521,-95,1596526114281 b5b182c7-eab1-4988-aa99-b5c1517008d9,1,32489,-90,1596526114185 b5b182c7-eab1-4988-aa99-b5c1517008d9,1,14882,-86,1596526137054 01022022-f18f-0100-002f-3126a6809b6f,51757,60583,-90,1596526119377 b5b182c7-eab1-4988-aa99-b5c1517008d9,1,64562,-90,1596526138461 01022022-f28f-0100-009d-01b5cb5d18d5,55472,36485,-92,1596526103857 fda50693-a4e2-4fb1-afcf-c6eb07647825,10196,38623,-90,1596526139527 fda50693-a4e2-4fb1-afcf-c6eb07647825,10196,38624,-88,1596526112713 b5b182c7-eab1-4988-aa99-b5c1517008d9,1,58424,-100,1596526138448 b5b182c7-eab1-4988-aa99-b5c1517008d9,1,49215,-95,1596526114497 db983ea6-33c3-4eb3-8c58-bb61b2c880cf,17786,65011,-94,1596526109177 01022022-f78f-0200-0078-78e3908e7418,56578,22549,-77,1596526143881
1596526144060 0c807199-0767-4dd5-9d63-0acd75c0183f,1230,45471,-97,1596526094392 0102202b-678f-0000-00b1-59d5712691b7,63321,21484,-100,1596526098675 0102202b-678f-0000-00a2-47b50de6a018,26495,50521,-95,1596526114281 b5b182c7-eab1-4988-aa99-b5c1517008d9,1,32489,-90,1596526114186 b5b182c7-eab1-4988-aa99-b5c1517008d9,1,14882,-86,1596526137055 01022022-f18f-0100-002f-3126a6809b6f,51757,60583,-90,1596526119377 b5b182c7-eab1-4988-aa99-b5c1517008d9,1,64562,-90,1596526138461 01022022-f28f-0100-009d-01b5cb5d18d5,55472,36485,-92,1596526103857 fda50693-a4e2-4fb1-afcf-c6eb07647825,10196,38623,-90,1596526139527 fda50693-a4e2-4fb1-afcf-c6eb07647825,10196,38624,-88,1596526112713 b5b182c7-eab1-4988-aa99-b5c1517008d9,1,58424,-100,1596526138448 b5b182c7-eab1-4988-aa99-b5c1517008d9,1,49215,-95,1596526114497 db983ea6-33c3-4eb3-8c58-bb61b2c880cf,17786,65011,-94,1596526109177 01022022-f78f-0200-0078-78e3908e7418,56578,22549,-77,1596526144060
1596526144468 0c807199-0767-4dd5-9d63-0acd75c0183f,1230,45471,-97,1596526094392 0102202b-678f-0000-00b1-59d5712691b7,63321,21484,-100,1596526098675 0102200b-888f-0100-00af-c8b4da2132ba,59962,40426,-94,1596526144468 0102202b-678f-0000-00a2-47b50de6a018,26495,50521,-95,1596526114281 b5b182c7-eab1-4988-aa99-b5c1517008d9,1,32489,-90,1596526114186 b5b182c7-eab1-4988-aa99-b5c1517008d9,1,14882,-86,1596526137055 01022022-f18f-0100-002f-3126a6809b6f,51757,60583,-90,1596526119377 b5b182c7-eab1-4988-aa99-b5c1517008d9,1,64562,-90,1596526138461 01022022-f28f-0100-009d-01b5cb5d18d5,55472,36485,-92,1596526103857 fda50693-a4e2-4fb1-afcf-c6eb07647825,10196,38623,-90,1596526139527 fda50693-a4e2-4fb1-afcf-c6eb07647825,10196,38624,-88,1596526112713 b5b182c7-eab1-4988-aa99-b5c1517008d9,1,58424,-100,1596526138448 b5b182c7-eab1-4988-aa99-b5c1517008d9,1,49215,-95,1596526114497 db983ea6-33c3-4eb3-8c58-bb61b2c880cf,17786,65011,-94,1596526109177 01022022-f78f-0200-0078-78e3908e7418,56578,22549,-77,1596526144060
1596526148711 0c807199-0767-4dd5-9d63-0acd75c0183f,1230,45471,-97,1596526094392 0102202b-678f-0000-00b1-59d5712691b7,63321,21484,-100,1596526098675 0102200b-888f-0100-00af-c8b4da2132ba,59962,40426,-94,1596526144468 0102202b-678f-0000-00a2-47b50de6a018,26495,50521,-95,1596526114281 b5b182c7-eab1-4988-aa99-b5c1517008d9,1,32489,-90,1596526114186 b5b182c7-eab1-4988-aa99-b5c1517008d9,1,14882,-86,1596526137055 01022022-f18f-0100-002f-3126a6809b6f,51757,60583,-90,1596526119377 b5b182c7-eab1-4988-aa99-b5c1517008d9,1,64562,-90,1596526138461 01022022-f28f-0100-009d-01b5cb5d18d5,55472,36485,-92,1596526103857 fda50693-a4e2-4fb1-afcf-c6eb07647825,10196,38623,-90,1596526139527 fda50693-a4e2-4fb1-afcf-c6eb07647825,10196,38624,-88,1596526148711 b5b182c7-eab1-4988-aa99-b5c1517008d9,1,58424,-100,1596526138448 b5b182c7-eab1-4988-aa99-b5c1517008d9,1,49215,-95,1596526114497 db983ea6-33c3-4eb3-8c58-bb61b2c880cf,17786,65011,-94,1596526109177 01022022-f78f-0200-0078-78e3908e7418,56578,22549,-77,1596526144059
1596526148757 0c807199-0767-4dd5-9d63-0acd75c0183f,1230,45471,-97,1596526094392 0102202b-678f-0000-00b1-59d5712691b7,63321,21484,-100,1596526098675 0102200b-888f-0100-00af-c8b4da2132ba,59962,40426,-94,1596526148757 0102202b-678f-0000-00a2-47b50de6a018,26495,50521,-95,1596526114281 b5b182c7-eab1-4988-aa99-b5c1517008d9,1,32489,-90,1596526114186 b5b182c7-eab1-4988-aa99-b5c1517008d9,1,14882,-86,1596526137055 01022022-f18f-0100-002f-3126a6809b6f,51757,60583,-90,1596526119377 b5b182c7-eab1-4988-aa99-b5c1517008d9,1,64562,-90,1596526138461 01022022-f28f-0100-009d-01b5cb5d18d5,55472,36485,-92,1596526103857 fda50693-a4e2-4fb1-afcf-c6eb07647825,10196,38623,-90,1596526139526 fda50693-a4e2-4fb1-afcf-c6eb07647825,10196,38624,-88,1596526148710 b5b182c7-eab1-4988-aa99-b5c1517008d9,1,58424,-100,1596526138447 b5b182c7-eab1-4988-aa99-b5c1517008d9,1,49215,-95,1596526114497 db983ea6-33c3-4eb3-8c58-bb61b2c880cf,17786,65011,-94,1596526109177 01022022-f78f-0200-0078-78e3908e7418,56578,22549,-77,1596526144060
1596526149382 0c807199-0767-4dd5-9d63-0acd75c0183f,1230,45471,-97,1596526094391 0102202b-678f-0000-00b1-59d5712691b7,63321,21484,-100,1596526098674 0102200b-888f-0100-00af-c8b4da2132ba,59962,40426,-94,1596526148756 0102202b-678f-0000-00a2-47b50de6a018,26495,50521,-95,1596526114281 b5b182c7-eab1-4988-aa99-b5c1517008d9,1,32489,-90,1596526114186 b5b182c7-eab1-4988-aa99-b5c1517008d9,1,14882,-86,1596526137055 01022022-f18f-0100-002f-3126a6809b6f,51757,60583,-90,1596526119377 b5b182c7-eab1-4988-aa99-b5c1517008d9,1,64562,-90,1596526138461 01022022-f28f-0100-009d-01b5cb5d18d5,55472,36485,-92,1596526103857 fda50693-a4e2-4fb1-afcf-c6eb07647825,10196,38623,-90,1596526139527 fda50693-a4e2-4fb1-afcf-c6eb07647825,10196,38624,-88,1596526148711 b5b182c7-eab1-4988-aa99-b5c1517008d9,1,58424,-100,1596526138448 00331d68-ffc6-36fc-ad49-9919916829db,3678,56617,-72,1596526149382 b5b182c7-eab1-4988-aa99-b5c1517008d9,1,49215,-95,1596526114497 db983ea6-33c3-4eb3-8c58-bb61b2c880cf,17786,65011,-94,1596526109177 01022022-f78f-0200-0078-78e3908e7418,56578,22549,-77,1596526144060
1596526149456 0c807199-0767-4dd5-9d63-0acd75c0183f,1230,45471,-97,1596526094391 0102202b-678f-0000-00b1-59d5712691b7,63321,21484,-100,1596526098674 0102200b-888f-0100-00af-c8b4da2132ba,59962,40426,-94,1596526148757 0102202b-678f-0000-00a2-47b50de6a018,26495,50521,-95,1596526114281 b5b182c7-eab1-4988-aa99-b5c1517008d9,1,32489,-90,1596526114186 b5b182c7-eab1-4988-aa99-b5c1517008d9,1,14882,-86,1596526137055 01022022-f18f-0100-002f-3126a6809b6f,51757,60583,-90,1596526119377 b5b182c7-eab1-4988-aa99-b5c1517008d9,1,64562,-90,1596526138461 01022022-f28f-0100-009d-01b5cb5d18d5,55472,36485,-92,1596526103857 fda50693-a4e2-4fb1-afcf-c6eb07647825,10196,38623,-90,1596526139527 fda50693-a4e2-4fb1-afcf-c6eb07647825,10196,38624,-88,1596526148711 b5b182c7-eab1-4988-aa99-b5c1517008d9,1,58424,-100,1596526138448 00331d68-ffc6-36fc-ad49-9919916829db,3678,56617,-72,1596526149456 b5b182c7-eab1-4988-aa99-b5c1517008d9,1,49215,-95,1596526114497 db983ea6-33c3-4eb3-8c58-bb61b2c880cf,17786,65011,-94,1596526109177 01022022-f78f-0200-0078-78e3908e7418,56578,22549,-77,1596526144060
1596526149511 0c807199-0767-4dd5-9d63-0acd75c0183f,1230,45471,-97,1596526094392 0102202b-678f-0000-00b1-59d5712691b7,63321,21484,-100,1596526098675 0102200b-888f-0100-00af-c8b4da2132ba,59962,40426,-94,1596526149511 0102202b-678f-0000-00a2-47b50de6a018,26495,50521,-95,1596526114281 b5b182c7-eab1-4988-aa99-b5c1517008d9,1,32489,-90,1596526114186 b5b182c7-eab1-4988-aa99-b5c1517008d9,1,14882,-86,1596526137055 01022022-f18f-0100-002f-3126a6809b6f,51757,60583,-90,1596526119377 b5b182c7-eab1-4988-aa99-b5c1517008d9,1,64562,-90,1596526138461 01022022-f28f-0100-009d-01b5cb5d18d5,55472,36485,-92,1596526103857 fda50693-a4e2-4fb1-afcf-c6eb07647825,10196,38623,-90,1596526139527 fda50693-a4e2-4fb1-afcf-c6eb07647825,10196,38624,-88,1596526148710 b5b182c7-eab1-4988-aa99-b5c1517008d9,1,58424,-100,1596526138447 00331d68-ffc6-36fc-ad49-9919916829db,3678,56617,-72,1596526149455 b5b182c7-eab1-4988-aa99-b5c1517008d9,1,49215,-95,1596526114497 db983ea6-33c3-4eb3-8c58-bb61b2c880cf,17786,65011,-94,1596526109177 01022022-f78f-0200-0078-78e3908e7418,56578,22549,-77,1596526144060
1596526149532 0c807199-0767-4dd5-9d63-0acd75c0183f,1230,45471,-97,1596526094391 0102202b-678f-0000-00b1-59d5712691b7,63321,21484,-100,1596526098674 0102200b-888f-0100-00af-c8b4da2132ba,59962,40426,-94,1596526149511 0102202b-678f-0000-00a2-47b50de6a018,26495,50521,-95,1596526114281 b5b182c7-eab1-4988-aa99-b5c1517008d9,1,32489,-90,1596526114186 b5b182c7-eab1-4988-aa99-b5c1517008d9,1,14882,-86,1596526137055 01022022-f18f-0100-002f-3126a6809b6f,51757,60583,-90,1596526119377 b5b182c7-eab1-4988-aa99-b5c1517008d9,1,64562,-90,1596526138461 01022022-f28f-0100-009d-01b5cb5d18d5,55472,36485,-92,1596526103857 fda50693-a4e2-4fb1-afcf-c6eb07647825,10196,38623,-90,1596526149532 fda50693-a4e2-4fb1-afcf-c6eb07647825,10196,38624,-88,1596526148711 b5b182c7-eab1-4988-aa99-b5c1517008d9,1,58424,-100,1596526138448 00331d68-ffc6-36fc-ad49-9919916829db,3678,56617,-72,1596526149456 b5b182c7-eab1-4988-aa99-b5c1517008d9,1,49215,-95,1596526114497 db983ea6-33c3-4eb3-8c58-bb61b2c880cf,17786,65011,-94,1596526109177 01022022-f78f-0200-0078-78e3908e7418,56578,22549,-77,1596526144060
1596526153823 0c807199-0767-4dd5-9d63-0acd75c0183f,1230,45471,-97,1596526094392 0102202b-678f-0000-00b1-59d5712691b7,63321,21484,-100,1596526098675 0102200b-888f-0100-00af-c8b4da2132ba,59962,40426,-94,1596526149511 0102202b-678f-0000-00a2-47b50de6a018,26495,50521,-95,1596526114280 b5b182c7-eab1-4988-aa99-b5c1517008d9,1,32489,-90,1596526114185 b5b182c7-eab1-4988-aa99-b5c1517008d9,1,14882,-86,1596526137055 01022022-f18f-0100-002f-3126a6809b6f,51757,60583,-90,1596526119377 b5b182c7-eab1-4988-aa99-b5c1517008d9,1,64562,-90,1596526138461 01022022-f28f-0100-009d-01b5cb5d18d5,55472,36485,-92,1596526103857 01022022-f78f-0200-008e-f2c308bcb380,63896,25223,-73,1596526153823 fda50693-a4e2-4fb1-afcf-c6eb07647825,10196,38623,-90,1596526149532 fda50693-a4e2-4fb1-afcf-c6eb07647825,10196,38624,-88,1596526148711 b5b182c7-eab1-4988-aa99-b5c1517008d9,1,58424,-100,1596526138448 00331d68-ffc6-36fc-ad49-9919916829db,3678,56617,-72,1596526149456 b5b182c7-eab1-4988-aa99-b5c1517008d9,1,49215,-95,1596526114496 db983ea6-33c3-4eb3-8c58-bb61b2c880cf,17786,65011,-94,1596526109177 01022022-f78f-0200-0078-78e3908e7418,56578,22549,-77,1596526144060
1596526154165 0c807199-0767-4dd5-9d63-0acd75c0183f,1230,45471,-97,1596526094392 0102202b-678f-0000-00b1-59d5712691b7,63321,21484,-100,1596526098675 0102200b-888f-0100-00af-c8b4da2132ba,59962,40426,-94,1596526154165 0102202b-678f-0000-00a2-47b50de6a018,26495,50521,-95,1596526114281 b5b182c7-eab1-4988-aa99-b5c1517008d9,1,32489,-90,1596526114185 b5b182c7-eab1-4988-aa99-b5c1517008d9,1,14882,-86,1596526137055 01022022-f18f-0100-002f-3126a6809b6f,51757,60583,-90,1596526119377 b5b182c7-eab1-4988-aa99-b5c1517008d9,1,64562,-90,1596526138461 01022022-f28f-0100-009d-01b5cb5d18d5,55472,36485,-92,1596526103857 01022022-f78f-0200-008e-f2c308bcb380,63896,25223,-73,1596526153823 fda50693-a4e2-4fb1-afcf-c6eb07647825,10196,38623,-90,1596526149532 fda50693-a4e2-4fb1-afcf-c6eb07647825,10196,38624,-88,1596526148711 b5b182c7-eab1-4988-aa99-b5c1517008d9,1,58424,-100,1596526138448 00331d68-ffc6-36fc-ad49-9919916829db,3678,56617,-72,1596526149456 b5b182c7-eab1-4988-aa99-b5c1517008d9,1,49215,-95,1596526114497 db983ea6-33c3-4eb3-8c58-bb61b2c880cf,17786,65011,-94,1596526109177 01022022-f78f-0200-0078-78e3908e7418,56578,22549,-77,1596526144060
1596526158946 0c807199-0767-4dd5-9d63-0acd75c0183f,1230,45471,-97,1596526094392 0102202b-678f-0000-00b1-59d5712691b7,63321,21484,-100,1596526098675 0102200b-888f-0100-00af-c8b4da2132ba,59962,40426,-94,1596526154165 0102202b-678f-0000-00a2-47b50de6a018,26495,50521,-95,1596526114281 b5b182c7-eab1-4988-aa99-b5c1517008d9,1,32489,-90,1596526114186 b5b182c7-eab1-4988-aa99-b5c1517008d9,1,14882,-86,1596526137055 01022022-f18f-0100-002f-3126a6809b6f,51757,60583,-90,1596526119377 b5b182c7-eab1-4988-aa99-b5c1517008d9,1,64562,-90,1596526138461 01022022-f28f-0100-009d-01b5cb5d18d5,55472,36485,-92,1596526103857 01022022-f78f-0200-008e-f2c308bcb380,63896,25223,-73,1596526153823 fda50693-a4e2-4fb1-afcf-c6eb07647825,10196,38623,-90,1596526149532 fda50693-a4e2-4fb1-afcf-c6eb07647825,10196,38624,-88,1596526148711 b5b182c7-eab1-4988-aa99-b5c1517008d9,1,58424,-100,1596526138447 00331d68-ffc6-36fc-ad49-9919916829db,3678,56617,-72,1596526149455 b5b182c7-eab1-4988-aa99-b5c1517008d9,1,49215,-95,1596526114497 0102200b-888f-0100-0008-1d7243a642d0,21610,53832,-93,1596526158946 db983ea6-33c3-4eb3-8c58-bb61b2c880cf,17786,65011,-94,1596526109177 01022022-f78f-0200-0078-78e3908e7418,56578,22549,-77,1596526144060
1596526159048 0c807199-0767-4dd5-9d63-0acd75c0183f,1230,45471,-97,1596526094391 0102202b-678f-0000-00b1-59d5712691b7,63321,21484,-100,1596526098674 0102200b-888f-0100-00af-c8b4da2132ba,59962,40426,-94,1596526154165 0102202b-678f-0000-00a2-47b50de6a018,26495,50521,-95,1596526114281 b5b182c7-eab1-4988-aa99-b5c1517008d9,1,32489,-90,1596526114186 b5b182c7-eab1-4988-aa99-b5c1517008d9,1,14882,-86,1596526137055 01022022-f18f-0100-002f-3126a6809b6f,51757,60583,-90,1596526119377 b5b182c7-eab1-4988-aa99-b5c1517008d9,1,64562,-90,1596526138461 01022022-f28f-0100-009d-01b5cb5d18d5,55472,36485,-92,1596526103857 01022022-f78f-0200-008e-f2c308bcb380,63896,25223,-73,1596526159048 fda50693-a4e2-4fb1-afcf-c6eb07647825,10196,38623,-90,1596526149532 fda50693-a4e2-4fb1-afcf-c6eb07647825,10196,38624,-88,1596526148711 b5b182c7-eab1-4988-aa99-b5c1517008d9,1,58424,-100,1596526138448 00331d68-ffc6-36fc-ad49-9919916829db,3678,56617,-72,1596526149456 b5b182c7-eab1-4988-aa99-b5c1517008d9,1,49215,-95,1596526114497 0102200b-888f-0100-0008-1d7243a642d0,21610,53832,-93,1596526158946 db983ea6-33c3-4eb3-8c58-bb61b2c880cf,17786,65011,-94,1596526109177 01022022-f78f-0200-0078-78e3908e7418,56578,22549,-77,1596526144060
1596526159233 0c807199-0767-4dd5-9d63-0acd75c0183f,1230,45471,-97,1596526094392 0102202b-678f-0000-00b1-59d5712691b7,63321,21484,-100,1596526098675 0102200b-888f-0100-00af-c8b4da2132ba,59962,40426,-94,1596526154165 0102202b-678f-0000-00a2-47b50de6a018,26495,50521,-95,1596526114281 b5b182c7-eab1-4988-aa99-b5c1517008d9,1,32489,-90,1596526114186 b5b182c7-eab1-4988-aa99-b5c1517008d9,1,14882,-86,1596526137055 01022022-f18f-0100-002f-3126a6809b6f,51757,60583,-90,1596526119377 b5b182c7-eab1-4988-aa99-b5c1517008d9,1,64562,-90,1596526138461 01022022-f28f-0100-009d-01b5cb5d18d5,55472,36485,-92,1596526103857 01022022-f78f-0200-008e-f2c308bcb380,63896,25223,-73,1596526159234 fda50693-a4e2-4fb1-afcf-c6eb07647825,10196,38623,-90,1596526149532 fda50693-a4e2-4fb1-afcf-c6eb07647825,10196,38624,-88,1596526148711 b5b182c7-eab1-4988-aa99-b5c1517008d9,1,58424,-100,1596526138448 00331d68-ffc6-36fc-ad49-9919916829db,3678,56617,-72,1596526149456 b5b182c7-eab1-4988-aa99-b5c1517008d9,1,49215,-95,1596526114497 0102200b-888f-0100-0008-1d7243a642d0,21610,53832,-93,1596526158946 db983ea6-33c3-4eb3-8c58-bb61b2c880cf,17786,65011,-94,1596526109177 01022022-f78f-0200-0078-78e3908e7418,56578,22549,-77,1596526144060
1596526159316 0c807199-0767-4dd5-9d63-0acd75c0183f,1230,45471,-97,1596526094392 0102202b-678f-0000-00b1-59d5712691b7,63321,21484,-100,1596526098675 0102200b-888f-0100-00af-c8b4da2132ba,59962,40426,-94,1596526154165 0102202b-678f-0000-00a2-47b50de6a018,26495,50521,-95,1596526114281 b5b182c7-eab1-4988-aa99-b5c1517008d9,1,32489,-90,1596526114186 b5b182c7-eab1-4988-aa99-b5c1517008d9,1,14882,-86,1596526137055 01022022-f18f-0100-002f-3126a6809b6f,51757,60583,-90,1596526119376 b5b182c7-eab1-4988-aa99-b5c1517008d9,1,64562,-90,1596526138460 01022022-f28f-0100-009d-01b5cb5d18d5,55472,36485,-92,1596526103857 01022022-f78f-0200-008e-f2c308bcb380,63896,25223,-73,1596526159234 fda50693-a4e2-4fb1-afcf-c6eb07647825,10196,38623,-90,1596526149532 fda50693-a4e2-4fb1-afcf-c6eb07647825,10196,38624,-88,1596526148711 b5b182c7-eab1-4988-aa99-b5c1517008d9,1,58424,-100,1596526138448 00331d68-ffc6-36fc-ad49-9919916829db,3678,56617,-72,1596526149456 b5b182c7-eab1-4988-aa99-b5c1517008d9,1,49215,-95,1596526114497 0102200b-888f-0100-0008-1d7243a642d0,21610,53832,-93,1596526159316 db983ea6-33c3-4eb3-8c58-bb61b2c880cf,17786,65011,-94,1596526109177 01022022-f78f-0200-0078-78e3908e7418,56578,22549,-77,1596526144060
1596526161366 0c807199-0767-4dd5-9d63-0acd75c0183f,1230,45471,-97,1596526094392 0102202b-678f-0000-00b1-59d5712691b7,63321,21484,-100,1596526098675 0102200b-888f-0100-00af-c8b4da2132ba,59962,40426,-94,1596526154165 0102202b-678f-0000-00a2-47b50de6a018,26495,50521,-95,1596526114281 b5b182c7-eab1-4988-aa99-b5c1517008d9,1,32489,-90,1596526114186 b5b182c7-eab1-4988-aa99-b5c1517008d9,1,14882,-86,1596526137055 01022022-f18f-0100-002f-3126a6809b6f,51757,60583,-90,1596526119377 b5b182c7-eab1-4988-aa99-b5c1517008d9,1,64562,-90,1596526138461 01022022-f28f-0100-009d-01b5cb5d18d5,55472,36485,-92,1596526103857 01022022-f78f-0200-008e-f2c308bcb380,63896,25223,-73,1596526159234 fda50693-a4e2-4fb1-afcf-c6eb07647825,10196,38623,-90,1596526149532 fda50693-a4e2-4fb1-afcf-c6eb07647825,10196,38624,-88,1596526148711 b5b182c7-eab1-4988-aa99-b5c1517008d9,1,58424,-100,1596526138448 00331d68-ffc6-36fc-ad49-9919916829db,3678,56617,-72,1596526149456 b5b182c7-eab1-4988-aa99-b5c1517008d9,1,49215,-95,1596526114497 0102200b-888f-0100-0008-1d7243a642d0,21610,53832,-93,1596526161367 db983ea6-33c3-4eb3-8c58-bb61b2c880cf,17786,65011,-94,1596526109177 01022022-f78f-0200-0078-78e3908e7418,56578,22549,-77,1596526144060
1596526169075 0c807199-0767-4dd5-9d63-0acd75c0183f,1230,45471,-97,1596526094392 0102202b-678f-0000-00b1-59d5712691b7,63321,21484,-100,1596526098675 0102200b-888f-0100-00af-c8b4da2132ba,59962,40426,-94,1596526154165 0102202b-678f-0000-00a2-47b50de6a018,26495,50521,-95,1596526114281 b5b182c7-eab1-4988-aa99-b5c1517008d9,1,32489,-90,1596526114186 b5b182c7-eab1-4988-aa99-b5c1517008d9,1,14882,-86,1596526137055 01022022-f18f-0100-002f-3126a6809b6f,51757,60583,-90,1596526119377 b5b182c7-eab1-4988-aa99-b5c1517008d9,1,64562,-90,1596526138461 01022022-f28f-0100-009d-01b5cb5d18d5,55472,36485,-92,1596526103857 01022022-f78f-0200-008e-f2c308bcb380,63896,25223,-73,1596526169075 fda50693-a4e2-4fb1-afcf-c6eb07647825,10196,38623,-90,1596526149532 fda50693-a4e2-4fb1-afcf-c6eb07647825,10196,38624,-88,1596526148710 b5b182c7-eab1-4988-aa99-b5c1517008d9,1,58424,-100,1596526138447 00331d68-ffc6-36fc-ad49-9919916829db,3678,56617,-72,1596526149456 b5b182c7-eab1-4988-aa99-b5c1517008d9,1,49215,-95,1596526114497 0102200b-888f-0100-0008-1d7243a642d0,21610,53832,-93,1596526161367 db983ea6-33c3-4eb3-8c58-bb61b2c880cf,17786,65011,-94,1596526109177 01022022-f78f-0200-0078-78e3908e7418,56578,22549,-77,1596526144060
1596526169169 0c807199-0767-4dd5-9d63-0acd75c0183f,1230,45471,-97,1596526094392 0102202b-678f-0000-00b1-59d5712691b7,63321,21484,-100,1596526098675 0102200b-888f-0100-00af-c8b4da2132ba,59962,40426,-94,1596526154165 0102202b-678f-0000-00a2-47b50de6a018,26495,50521,-95,1596526114281 b5b182c7-eab1-4988-aa99-b5c1517008d9,1,32489,-90,1596526114186 b5b182c7-eab1-4988-aa99-b5c1517008d9,1,14882,-86,1596526137055 01022022-f18f-0100-002f-3126a6809b6f,51757,60583,-90,1596526119377 b5b182c7-eab1-4988-aa99-b5c1517008d9,1,64562,-90,1596526138461 01022022-f28f-0100-009d-01b5cb5d18d5,55472,36485,-92,1596526103857 01022022-f78f-0200-008e-f2c308bcb380,63896,25223,-73,1596526169075 fda50693-a4e2-4fb1-afcf-c6eb07647825,10196,38623,-90,1596526149532 fda50693-a4e2-4fb1-afcf-c6eb07647825,10196,38624,-88,1596526148711 b5b182c7-eab1-4988-aa99-b5c1517008d9,1,58424,-100,1596526138448 00331d68-ffc6-36fc-ad49-9919916829db,3678,56617,-72,1596526149456 b5b182c7-eab1-4988-aa99-b5c1517008d9,1,49215,-95,1596526114497 0102200b-888f-0100-0008-1d7243a642d0,21610,53832,-93,1596526169169 db983ea6-33c3-4eb3-8c58-bb61b2c880cf,17786,65011,-94,1596526109177 01022022-f78f-0200-0078-78e3908e7418,56578,22549,-77,1596526144060
1596526169365 0c807199-0767-4dd5-9d63-0acd75c0183f,1230,45471,-97,1596526094392 0102202b-678f-0000-00b1-59d5712691b7,63321,21484,-100,1596526098675 0102200b-888f-0100-00af-c8b4da2132ba,59962,40426,-94,1596526154165 0102202b-678f-0000-00a2-47b50de6a018,26495,50521,-95,1596526114281 b5b182c7-eab1-4988-aa99-b5c1517008d9,1,32489,-90,1596526114186 b5b182c7-eab1-4988-aa99-b5c1517008d9,1,14882,-86,1596526137055 01022022-f18f-0100-002f-3126a6809b6f,51757,60583,-90,1596526119377 b5b182c7-eab1-4988-aa99-b5c1517008d9,1,64562,-90,1596526138461 01022022-f28f-0100-009d-01b5cb5d18d5,55472,36485,-92,1596526103857 01022022-f78f-0200-008e-f2c308bcb380,63896,25223,-73,1596526169075 fda50693-a4e2-4fb1-afcf-c6eb07647825,10196,38623,-90,1596526149532 fda50693-a4e2-4fb1-afcf-c6eb07647825,10196,38624,-88,1596526148711 b5b182c7-eab1-4988-aa99-b5c1517008d9,1,58424,-100,1596526138448 00331d68-ffc6-36fc-ad49-9919916829db,3678,56617,-72,1596526149456 b5b182c7-eab1-4988-aa99-b5c1517008d9,1,49215,-95,1596526114497 0102200b-888f-0100-0008-1d7243a642d0,21610,53832,-93,1596526169365 db983ea6-33c3-4eb3-8c58-bb61b2c880cf,17786,65011,-94,1596526109177 01022022-f78f-0200-0078-78e3908e7418,56578,22549,-77,1596526144060
1596526174179 0c807199-0767-4dd5-9d63-0acd75c0183f,1230,45471,-97,1596526094392 0102202b-678f-0000-00b1-59d5712691b7,63321,21484,-100,1596526098675 0102200b-888f-0100-00af-c8b4da2132ba,59962,40426,-94,1596526154165 0102202b-678f-0000-00a2-47b50de6a018,26495,50521,-95,1596526114281 b5b182c7-eab1-4988-aa99-b5c1517008d9,1,32489,-90,1596526114186 b5b182c7-eab1-4988-aa99-b5c1517008d9,1,14882,-86,1596526137055 01022022-f18f-0100-002f-3126a6809b6f,51757,60583,-90,1596526119377 b5b182c7-eab1-4988-aa99-b5c1517008d9,1,64562,-90,1596526138461 01022022-f28f-0100-009d-01b5cb5d18d5,55472,36485,-92,1596526103857 01022022-f78f-0200-008e-f2c308bcb380,63896,25223,-73,1596526169074 fda50693-a4e2-4fb1-afcf-c6eb07647825,10196,38623,-90,1596526149531 fda50693-a4e2-4fb1-afcf-c6eb07647825,10196,38624,-88,1596526148711 b5b182c7-eab1-4988-aa99-b5c1517008d9,1,58424,-100,1596526138448 00331d68-ffc6-36fc-ad49-9919916829db,3678,56617,-72,1596526149456 b5b182c7-eab1-4988-aa99-b5c1517008d9,1,49215,-95,1596526114497 0102200b-888f-0100-0008-1d7243a642d0,21610,53832,-93,1596526174179 db983ea6-33c3-4eb3-8c58-bb61b2c880cf,17786,65011,-94,1596526109177 01022022-f78f-0200-0078-78e3908e7418,56578,22549,-77,1596526144060
1596526192094 0c807199-0767-4dd5-9d63-0acd75c0183f,1230,45471,-97,1596526094392 0102202b-678f-0000-00b1-59d5712691b7,63321,21484,-100,1596526098675 0102200b-888f-0100-00af-c8b4da2132ba,59962,40426,-94,1596526154165 0102202b-678f-0000-00a2-47b50de6a018,26495,50521,-95,1596526114281 b5b182c7-eab1-4988-aa99-b5c1517008d9,1,32489,-90,1596526114186 b5b182c7-eab1-4988-aa99-b5c1517008d9,1,14882,-86,1596526137055 01022022-f18f-0100-002f-3126a6809b6f,51757,60583,-90,1596526119377 b5b182c7-eab1-4988-aa99-b5c1517008d9,1,64562,-90,1596526138461 01022022-f28f-0100-009d-01b5cb5d18d5,55472,36485,-92,1596526103857 01022022-f78f-0200-008e-f2c308bcb380,63896,25223,-73,1596526169075 fda50693-a4e2-4fb1-afcf-c6eb07647825,10196,38623,-90,1596526149532 fda50693-a4e2-4fb1-afcf-c6eb07647825,10196,38624,-88,1596526148711 b5b182c7-eab1-4988-aa99-b5c1517008d9,1,58424,-100,1596526138448 00331d68-ffc6-36fc-ad49-9919916829db,3678,56617,-72,1596526149456 b5b182c7-eab1-4988-aa99-b5c1517008d9,1,49215,-95,1596526114497 0102200b-888f-0100-0008-1d7243a642d0,21610,53832,-93,1596526192094 db983ea6-33c3-4eb3-8c58-bb61b2c880cf,17786,65011,-94,1596526109177 01022022-f78f-0200-0078-78e3908e7418,56578,22549,-77,1596526144060
1596526193705 0c807199-0767-4dd5-9d63-0acd75c0183f,1230,45471,-97,1596526094392 0102202b-678f-0000-00b1-59d5712691b7,63321,21484,-100,1596526098675 0102200b-888f-0100-00af-c8b4da2132ba,59962,40426,-94,1596526154165 0102202b-678f-0000-00a2-47b50de6a018,26495,50521,-95,1596526114281 b5b182c7-eab1-4988-aa99-b5c1517008d9,1,32489,-90,1596526114186 b5b182c7-eab1-4988-aa99-b5c1517008d9,1,14882,-86,1596526137055 01022022-f18f-0100-002f-3126a6809b6f,51757,60583,-90,1596526119376 b5b182c7-eab1-4988-aa99-b5c1517008d9,1,64562,-90,1596526138460 01022022-f28f-0100-009d-01b5cb5d18d5,55472,36485,-92,1596526103856 01022022-f78f-0200-008e-f2c308bcb380,63896,25223,-73,1596526193705 fda50693-a4e2-4fb1-afcf-c6eb07647825,10196,38623,-90,1596526149532 fda50693-a4e2-4fb1-afcf-c6eb07647825,10196,38624,-88,1596526148711 b5b182c7-eab1-4988-aa99-b5c1517008d9,1,58424,-100,1596526138448 00331d68-ffc6-36fc-ad49-9919916829db,3678,56617,-72,1596526149456 b5b182c7-eab1-4988-aa99-b5c1517008d9,1,49215,-95,1596526114497 0102200b-888f-0100-0008-1d7243a642d0,21610,53832,-93,1596526192094 db983ea6-33c3-4eb3-8c58-bb61b2c880cf,17786,65011,-94,1596526109177 01022022-f78f-0200-0078-78e3908e7418,56578,22549,-77,1596526144060
1596526193764 0c807199-0767-4dd5-9d63-0acd75c0183f,1230,45471,-97,1596526094392 0102202b-678f-0000-00b1-59d5712691b7,63321,21484,-100,1596526098675 0102200b-888f-0100-00af-c8b4da2132ba,59962,40426,-94,1596526154165 0102202b-678f-0000-00a2-47b50de6a018,26495,50521,-95,1596526114281 b5b182c7-eab1-4988-aa99-b5c1517008d9,1,32489,-90,1596526114186 b5b182c7-eab1-4988-aa99-b5c1517008d9,1,14882,-86,1596526137055 01022022-f18f-0100-002f-3126a6809b6f,51757,60583,-90,1596526119377 b5b182c7-eab1-4988-aa99-b5c1517008d9,1,64562,-90,1596526138461 01022022-f28f-0100-009d-01b5cb5d18d5,55472,36485,-92,1596526103857 01022022-f78f-0200-008e-f2c308bcb380,63896,25223,-73,1596526193705 fda50693-a4e2-4fb1-afcf-c6eb07647825,10196,38623,-90,1596526149532 fda50693-a4e2-4fb1-afcf-c6eb07647825,10196,38624,-88,1596526148711 b5b182c7-eab1-4988-aa99-b5c1517008d9,1,58424,-100,1596526138448 00331d68-ffc6-36fc-ad49-9919916829db,3678,56617,-72,1596526149456 b5b182c7-eab1-4988-aa99-b5c1517008d9,1,49215,-95,1596526114497 0102200b-888f-0100-0008-1d7243a642d0,21610,53832,-93,1596526192093 00f7f70d-41fa-98ad-6fc5-7731bf420ce0,50224,28777,-89,1596526193764 db983ea6-33c3-4eb3-8c58-bb61b2c880cf,17786,65011,-94,1596526109177 01022022-f78f-0200-0078-78e3908e7418,56578,22549,-77,1596526144060
1596526193998 0c807199-0767-4dd5-9d63-0acd75c0183f,1230,45471,-97,1596526094392 0102202b-678f-0000-00b1-59d5712691b7,63321,21484,-100,1596526098674 0102200b-888f-0100-00af-c8b4da2132ba,59962,40426,-94,1596526154164 0102200b-898f-0100-00b5-89d9a51c7626,32623,12078,-96,1596526193997 0102202b-678f-0000-00a2-47b50de6a018,26495,50521,-95,1596526114281 b5b182c7-eab1-4988-aa99-b5c1517008d9,1,32489,-90,1596526114186 b5b182c7-eab1-4988-aa99-b5c1517008d9,1,14882,-86,1596526137055 01022022-f18f-0100-002f-3126a6809b6f,51757,60583,-90,1596526119377 b5b182c7-eab1-4988-aa99-b5c1517008d9,1,64562,-90,1596526138461 01022022-f28f-0100-009d-01b5cb5d18d5,55472,36485,-92,1596526103857 01022022-f78f-0200-008e-f2c308bcb380,63896,25223,-73,1596526193705 fda50693-a4e2-4fb1-afcf-c6eb07647825,10196,38623,-90,1596526149532 fda50693-a4e2-4fb1-afcf-c6eb07647825,10196,38624,-88,1596526148711 b5b182c7-eab1-4988-aa99-b5c1517008d9,1,58424,-100,1596526138448 00331d68-ffc6-36fc-ad49-9919916829db,3678,56617,-72,1596526149456 b5b182c7-eab1-4988-aa99-b5c1517008d9,1,49215,-95,1596526114496 0102200b-888f-0100-0008-1d7243a642d0,21610,53832,-93,1596526192094 00f7f70d-41fa-98ad-6fc5-7731bf420ce0,50224,28777,-89,1596526193764 db983ea6-33c3-4eb3-8c58-bb61b2c880cf,17786,65011,-94,1596526109177 01022022-f78f-0200-0078-78e3908e7418,56578,22549,-77,1596526144060
1596526194083 0c807199-0767-4dd5-9d63-0acd75c0183f,1230,45471,-97,1596526094392 0102202b-678f-0000-00b1-59d5712691b7,63321,21484,-100,1596526098675 0102200b-888f-0100-00af-c8b4da2132ba,59962,40426,-94,1596526154165 0102200b-898f-0100-00b5-89d9a51c7626,32623,12078,-96,1596526193998 0102202b-678f-0000-00a2-47b50de6a018,26495,50521,-95,1596526114281 b5b182c7-eab1-4988-aa99-b5c1517008d9,1,32489,-90,1596526114186 b5b182c7-eab1-4988-aa99-b5c1517008d9,1,14882,-86,1596526137055 01022022-f18f-0100-002f-3126a6809b6f,51757,60583,-90,1596526119377 b5b182c7-eab1-4988-aa99-b5c1517008d9,1,64562,-90,1596526138461 01022022-f28f-0100-009d-01b5cb5d18d5,55472,36485,-92,1596526103857 01022022-f78f-0200-008e-f2c308bcb380,63896,25223,-73,1596526194083 fda50693-a4e2-4fb1-afcf-c6eb07647825,10196,38623,-90,1596526149532 fda50693-a4e2-4fb1-afcf-c6eb07647825,10196,38624,-88,1596526148711 b5b182c7-eab1-4988-aa99-b5c1517008d9,1,58424,-100,1596526138448 00331d68-ffc6-36fc-ad49-9919916829db,3678,56617,-72,1596526149455 b5b182c7-eab1-4988-aa99-b5c1517008d9,1,49215,-95,1596526114496 0102200b-888f-0100-0008-1d7243a642d0,21610,53832,-93,1596526192094 00f7f70d-41fa-98ad-6fc5-7731bf420ce0,50224,28777,-89,1596526193764 db983ea6-33c3-4eb3-8c58-bb61b2c880cf,17786,65011,-94,1596526109177 01022022-f78f-0200-0078-78e3908e7418,56578,22549,-77,1596526144060
1596526194160 0c807199-0767-4dd5-9d63-0acd75c0183f,1230,45471,-97,1596526094392 0102202b-678f-0000-00b1-59d5712691b7,63321,21484,-100,1596526098675 0102200b-888f-0100-00af-c8b4da2132ba,59962,40426,-94,1596526154165 0102200b-898f-0100-00b5-89d9a51c7626,32623,12078,-96,1596526193998 0102202b-678f-0000-00a2-47b50de6a018,26495,50521,-95,1596526114281 b5b182c7-eab1-4988-aa99-b5c1517008d9,1,32489,-90,1596526114186 b5b182c7-eab1-4988-aa99-b5c1517008d9,1,14882,-86,1596526137055 01022022-f18f-0100-002f-3126a6809b6f,51757,60583,-90,1596526119377 b5b182c7-eab1-4988-aa99-b5c1517008d9,1,64562,-90,1596526138461 01022022-f28f-0100-009d-01b5cb5d18d5,55472,36485,-92,1596526103857 01022022-f78f-0200-008e-f2c308bcb380,63896,25223,-73,1596526194083 fda50693-a4e2-4fb1-afcf-c6eb07647825,10196,38623,-90,1596526149532 fda50693-a4e2-4fb1-afcf-c6eb07647825,10196,38624,-88,1596526148711 b5b182c7-eab1-4988-aa99-b5c1517008d9,1,58424,-100,1596526138448 00331d68-ffc6-36fc-ad49-9919916829db,3678,56617,-72,1596526149456 b5b182c7-eab1-4988-aa99-b5c1517008d9,1,49215,-95,1596526114497 0102200b-888f-0100-0008-1d7243a642d0,21610,53832,-93,1596526194160 00f7f70d-41fa-98ad-6fc5-7731bf420ce0,50224,28777,-89,1596526193764 db983ea6-33c3-4eb3-8c58-bb61b2c880cf,17786,65011,-94,1596526109177 01022022-f78f-0200-0078-78e3908e7418,56578,22549,-77,1596526144060
1596526194275 0c807199-0767-4dd5-9d63-0acd75c0183f,1230,45471,-97,1596526094392 0102202b-678f-0000-00b1-59d5712691b7,63321,21484,-100,1596526098675 0102200b-888f-0100-00af-c8b4da2132ba,59962,40426,-94,1596526154164 0102200b-898f-0100-00b5-89d9a51c7626,32623,12078,-96,1596526193997 0102202b-678f-0000-00a2-47b50de6a018,26495,50521,-95,1596526114280 b5b182c7-eab1-4988-aa99-b5c1517008d9,1,32489,-90,1596526114186 b5b182c7-eab1-4988-aa99-b5c1517008d9,1,14882,-86,1596526137055 01022022-f18f-0100-002f-3126a6809b6f,51757,60583,-90,1596526119377 b5b182c7-eab1-4988-aa99-b5c1517008d9,1,64562,-90,1596526138461 01022022-f28f-0100-009d-01b5cb5d18d5,55472,36485,-92,1596526103857 01022022-f78f-0200-008e-f2c308bcb380,63896,25223,-73,1596526194275 fda50693-a4e2-4fb1-afcf-c6eb07647825,10196,38623,-90,1596526149532 fda50693-a4e2-4fb1-afcf-c6eb07647825,10196,38624,-88,1596526148711 b5b182c7-eab1-4988-aa99-b5c1517008d9,1,58424,-100,1596526138448 00331d68-ffc6-36fc-ad49-9919916829db,3678,56617,-72,1596526149456 b5b182c7-eab1-4988-aa99-b5c1517008d9,1,49215,-95,1596526114497 0102200b-888f-0100-0008-1d7243a642d0,21610,53832,-93,1596526194160 00f7f70d-41fa-98ad-6fc5-7731bf420ce0,50224,28777,-89,1596526193764 db983ea6-33c3-4eb3-8c58-bb61b2c880cf,17786,65011,-94,1596526109176 01022022-f78f-0200-0078-78e3908e7418,56578,22549,-77,1596526144059
1596526194357 0c807199-0767-4dd5-9d63-0acd75c0183f,1230,45471,-97,1596526094392 0102202b-678f-0000-00b1-59d5712691b7,63321,21484,-100,1596526098675 0102200b-888f-0100-00af-c8b4da2132ba,59962,40426,-94,1596526154165 0102200b-898f-0100-00b5-89d9a51c7626,32623,12078,-96,1596526194357 0102202b-678f-0000-00a2-47b50de6a018,26495,50521,-95,1596526114281 b5b182c7-eab1-4988-aa99-b5c1517008d9,1,32489,-90,1596526114186 b5b182c7-eab1-4988-aa99-b5c1517008d9,1,14882,-86,1596526137055 01022022-f18f-0100-002f-3126a6809b6f,51757,60583,-90,1596526119377 b5b182c7-eab1-4988-aa99-b5c1517008d9,1,64562,-90,1596526138461 01022022-f28f-0100-009d-01b5cb5d18d5,55472,36485,-92,1596526103857 01022022-f78f-0200-008e-f2c308bcb380,63896,25223,-73,1596526194275 fda50693-a4e2-4fb1-afcf-c6eb07647825,10196,38623,-90,1596526149532 fda50693-a4e2-4fb1-afcf-c6eb07647825,10196,38624,-88,1596526148711 b5b182c7-eab1-4988-aa99-b5c1517008d9,1,58424,-100,1596526138448 00331d68-ffc6-36fc-ad49-9919916829db,3678,56617,-72,1596526149456 b5b182c7-eab1-4988-aa99-b5c1517008d9,1,49215,-95,1596526114497 0102200b-888f-0100-0008-1d7243a642d0,21610,53832,-93,1596526194160 00f7f70d-41fa-98ad-6fc5-7731bf420ce0,50224,28777,-89,1596526193764 db983ea6-33c3-4eb3-8c58-bb61b2c880cf,17786,65011,-94,1596526109177 01022022-f78f-0200-0078-78e3908e7418,56578,22549,-77,1596526144060
1596526194380 01022022-f08f-0100-0042-45997a2a1934,57448,9445,-97,1596526194380 0c807199-0767-4dd5-9d63-0acd75c0183f,1230,45471,-97,1596526094392 0102202b-678f-0000-00b1-59d5712691b7,63321,21484,-100,1596526098675 0102200b-888f-0100-00af-c8b4da2132ba,59962,40426,-94,1596526154165 0102200b-898f-0100-00b5-89d9a51c7626,32623,12078,-96,1596526194357 0102202b-678f-0000-00a2-47b50de6a018,26495,50521,-95,1596526114281 b5b182c7-eab1-4988-aa99-b5c1517008d9,1,32489,-90,1596526114186 b5b182c7-eab1-4988-aa99-b5c1517008d9,1,14882,-86,1596526137055 01022022-f18f-0100-002f-3126a6809b6f,51757,60583,-90,1596526119377 b5b182c7-eab1-4988-aa99-b5c1517008d9,1,64562,-90,1596526138461 01022022-f28f-0100-009d-01b5cb5d18d5,55472,36485,-92,1596526103857 01022022-f78f-0200-008e-f2c308bcb380,63896,25223,-73,1596526194275 fda50693-a4e2-4fb1-afcf-c6eb07647825,10196,38623,-90,1596526149532 fda50693-a4e2-4fb1-afcf-c6eb07647825,10196,38624,-88,1596526148711 b5b182c7-eab1-4988-aa99-b5c1517008d9,1,58424,-100,1596526138448 00331d68-ffc6-36fc-ad49-9919916829db,3678,56617,-72,1596526149456 b5b182c7-eab1-4988-aa99-b5c1517008d9,1,49215,-95,1596526114497 0102200b-888f-0100-0008-1d7243a642d0,21610,53832,-93,1596526194160 00f7f70d-41fa-98ad-6fc5-7731bf420ce0,50224,28777,-89,1596526193764 db983ea6-33c3-4eb3-8c58-bb61b2c880cf,17786,65011,-94,1596526109177 01022022-f78f-0200-0078-78e3908e7418,56578,22549,-77,1596526144060
1596526194531 01022022-f08f-0100-0042-45997a2a1934,57448,9445,-97,1596526194380 0c807199-0767-4dd5-9d63-0acd75c0183f,1230,45471,-97,1596526094392 0102202b-678f-0000-00b1-59d5712691b7,63321,21484,-100,1596526098675 0102200b-888f-0100-00af-c8b4da2132ba,59962,40426,-94,1596526154165 0102200b-898f-0100-00b5-89d9a51c7626,32623,12078,-96,1596526194357 0102202b-678f-0000-00a2-47b50de6a018,26495,50521,-95,1596526114281 b5b182c7-eab1-4988-aa99-b5c1517008d9,1,32489,-90,1596526114186 b5b182c7-eab1-4988-aa99-b5c1517008d9,1,14882,-86,1596526137055 01022022-f18f-0100-002f-3126a6809b6f,51757,60583,-90,1596526119377 b5b182c7-eab1-4988-aa99-b5c1517008d9,1,64562,-90,1596526138461 01022022-f28f-0100-009d-01b5cb5d18d5,55472,36485,-92,1596526103857 01022022-f78f-0200-008e-f2c308bcb380,63896,25223,-73,1596526194275 fda50693-a4e2-4fb1-afcf-c6eb07647825,10196,38623,-90,1596526149532 fda50693-a4e2-4fb1-afcf-c6eb07647825,10196,38624,-88,1596526148711 b5b182c7-eab1-4988-aa99-b5c1517008d9,1,58424,-100,1596526138448 00331d68-ffc6-36fc-ad49-9919916829db,3678,56617,-72,1596526149456 b5b182c7-eab1-4988-aa99-b5c1517008d9,1,49215,-95,1596526114497 0102200b-888f-0100-0008-1d7243a642d0,21610,53832,-93,1596526194530 00f7f70d-41fa-98ad-6fc5-7731bf420ce0,50224,28777,-89,1596526193764 db983ea6-33c3-4eb3-8c58-bb61b2c880cf,17786,65011,-94,1596526109177 01022022-f78f-0200-0078-78e3908e7418,56578,22549,-77,1596526144060
1596526194648 01022022-f08f-0100-0042-45997a2a1934,57448,9445,-97,1596526194379 0c807199-0767-4dd5-9d63-0acd75c0183f,1230,45471,-97,1596526094391 0102202b-678f-0000-00b1-59d5712691b7,63321,21484,-100,1596526098674 0102200b-888f-0100-00af-c8b4da2132ba,59962,40426,-94,1596526154165 0102200b-898f-0100-00b5-89d9a51c7626,32623,12078,-96,1596526194357 0102202b-678f-0000-00a2-47b50de6a018,26495,50521,-95,1596526114281 b5b182c7-eab1-4988-aa99-b5c1517008d9,1,32489,-90,1596526114186 b5b182c7-eab1-4988-aa99-b5c1517008d9,1,14882,-86,1596526137055 01022022-f18f-0100-002f-3126a6809b6f,51757,60583,-90,1596526119377 b5b182c7-eab1-4988-aa99-b5c1517008d9,1,64562,-90,1596526138461 01022022-f28f-0100-009d-01b5cb5d18d5,55472,36485,-92,1596526103857 01022022-f78f-0200-008e-f2c308bcb380,63896,25223,-73,1596526194648 fda50693-a4e2-4fb1-afcf-c6eb07647825,10196,38623,-90,1596526149532 fda50693-a4e2-4fb1-afcf-c6eb07647825,10196,38624,-88,1596526148711 b5b182c7-eab1-4988-aa99-b5c1517008d9,1,58424,-100,1596526138448 00331d68-ffc6-36fc-ad49-9919916829db,3678,56617,-72,1596526149456 b5b182c7-eab1-4988-aa99-b5c1517008d9,1,49215,-95,1596526114497 0102200b-888f-0100-0008-1d7243a642d0,21610,53832,-93,1596526194531 00f7f70d-41fa-98ad-6fc5-7731bf420ce0,50224,28777,-89,1596526193764 db983ea6-33c3-4eb3-8c58-bb61b2c880cf,17786,65011,-94,1596526109177 01022022-f78f-0200-0078-78e3908e7418,56578,22549,-77,1596526144060
