Started:Mtr_Klb_5572a8422e8a67cf_1235_55_1000_75_1596525598215
1596525658364 00f511b6-8686-858f-f972-fbabcbe97b64,45177,37462,-87,1596525658365
1596525658396 b5b182c7-eab1-4988-aa99-b5c1517008d9,1,2860,-94,1596525658396 00f511b6-8686-858f-f972-fbabcbe97b64,45177,37462,-87,1596525658365
1596525658433 b5b182c7-eab1-4988-aa99-b5c1517008d9,1,2860,-94,1596525658396 00f511b6-8686-858f-f972-fbabcbe97b64,45177,37462,-87,1596525658365 1cd7412e-a3b1-4084-a538-d07975e147f4,44342,10700,-84,1596525658433
1596525658528 00352ba6-6715-0f14-325a-5eb43ca01005,3352,51551,-72,1596525658528 b5b182c7-eab1-4988-aa99-b5c1517008d9,1,2860,-94,1596525658396 00f511b6-8686-858f-f972-fbabcbe97b64,45177,37462,-87,1596525658365 1cd7412e-a3b1-4084-a538-d07975e147f4,44342,10700,-84,1596525658433
1596525658596 00352ba6-6715-0f14-325a-5eb43ca01005,3352,51551,-72,1596525658596 b5b182c7-eab1-4988-aa99-b5c1517008d9,1,2860,-94,1596525658396 00f511b6-8686-858f-f972-fbabcbe97b64,45177,37462,-87,1596525658365 1cd7412e-a3b1-4084-a538-d07975e147f4,44342,10700,-84,1596525658433
1596525658667 00352ba6-6715-0f14-325a-5eb43ca01005,3352,51551,-72,1596525658667 b5b182c7-eab1-4988-aa99-b5c1517008d9,1,2860,-94,1596525658396 00f511b6-8686-858f-f972-fbabcbe97b64,45177,37462,-87,1596525658365 1cd7412e-a3b1-4084-a538-d07975e147f4,44342,10700,-84,1596525658433
1596525658679 00352ba6-6715-0f14-325a-5eb43ca01005,3352,51551,-72,1596525658679 b5b182c7-eab1-4988-aa99-b5c1517008d9,1,2860,-94,1596525658396 00f511b6-8686-858f-f972-fbabcbe97b64,45177,37462,-87,1596525658365 1cd7412e-a3b1-4084-a538-d07975e147f4,44342,10700,-84,1596525658433
1596525658796 00352ba6-6715-0f14-325a-5eb43ca01005,3352,51551,-72,1596525658679 b5b182c7-eab1-4988-aa99-b5c1517008d9,1,2860,-94,1596525658395 00f511b6-8686-858f-f972-fbabcbe97b64,45177,37462,-87,1596525658365 1cd7412e-a3b1-4084-a538-d07975e147f4,44342,10700,-84,1596525658433 0102202b-788f-0000-00dc-a08cf694ed80,51309,53295,-92,1596525658796
1596525658978 00352ba6-6715-0f14-325a-5eb43ca01005,3352,51551,-72,1596525658679 b5b182c7-eab1-4988-aa99-b5c1517008d9,1,2860,-94,1596525658396 00f511b6-8686-858f-f972-fbabcbe97b64,45177,37462,-87,1596525658365 1cd7412e-a3b1-4084-a538-d07975e147f4,44342,10700,-84,1596525658433 0102202b-788f-0000-00dc-a08cf694ed80,51309,53295,-92,1596525658977
1596525663460 00352ba6-6715-0f14-325a-5eb43ca01005,3352,51551,-72,1596525658679 b5b182c7-eab1-4988-aa99-b5c1517008d9,1,2860,-94,1596525658396 00f511b6-8686-858f-f972-fbabcbe97b64,45177,37462,-87,1596525658365 1cd7412e-a3b1-4084-a538-d07975e147f4,44342,10700,-84,1596525658433 0102202b-788f-0000-00dc-a08cf694ed80,51309,53295,-92,1596525663460
1596525664093 00352ba6-6715-0f14-325a-5eb43ca01005,3352,51551,-72,1596525658679 b5b182c7-eab1-4988-aa99-b5c1517008d9,1,2860,-94,1596525658396 8c1c6494-028a-4127-ab85-8f589a082daf,39654,44366,-90,1596525664093 00f511b6-8686-858f-f972-fbabcbe97b64,45177,37462,-87,1596525658365 1cd7412e-a3b1-4084-a538-d07975e147f4,44342,10700,-84,1596525658432 0102202b-788f-0000-00dc-a08cf694ed80,51309,53295,-92,1596525663460
1596525664168 00352ba6-6715-0f14-325a-5eb43ca01005,3352,51551,-72,1596525658679 b5b182c7-eab1-4988-aa99-b5c1517008d9,1,2860,-94,1596525658396 8c1c6494-028a-4127-ab85-8f589a082daf,39654,44366,-90,1596525664093 b5b182c7-eab1-4988-aa99-b5c1517008d9,1,45351,-93,1596525664168 00f511b6-8686-858f-f972-fbabcbe97b64,45177,37462,-87,1596525658365 1cd7412e-a3b1-4084-a538-d07975e147f4,44342,10700,-84,1596525658433 0102202b-788f-0000-00dc-a08cf694ed80,51309,53295,-92,1596525663460
1596525664192 00352ba6-6715-0f14-325a-5eb43ca01005,3352,51551,-72,1596525658678 b5b182c7-eab1-4988-aa99-b5c1517008d9,1,2860,-94,1596525658396 8c1c6494-028a-4127-ab85-8f589a082daf,39654,44366,-90,1596525664093 b5b182c7-eab1-4988-aa99-b5c1517008d9,1,45351,-93,1596525664168 00f511b6-8686-858f-f972-fbabcbe97b64,45177,37462,-87,1596525658365 1cd7412e-a3b1-4084-a538-d07975e147f4,44342,10700,-84,1596525658433 0102202b-788f-0000-00dc-a08cf694ed80,51309,53295,-92,1596525664192
1596525664416 b5b182c7-eab1-4988-aa99-b5c1517008d9,1,9515,-92,1596525664417 00352ba6-6715-0f14-325a-5eb43ca01005,3352,51551,-72,1596525658679 b5b182c7-eab1-4988-aa99-b5c1517008d9,1,2860,-94,1596525658396 8c1c6494-028a-4127-ab85-8f589a082daf,39654,44366,-90,1596525664092 b5b182c7-eab1-4988-aa99-b5c1517008d9,1,45351,-93,1596525664168 00f511b6-8686-858f-f972-fbabcbe97b64,45177,37462,-87,1596525658365 1cd7412e-a3b1-4084-a538-d07975e147f4,44342,10700,-84,1596525658433 0102202b-788f-0000-00dc-a08cf694ed80,51309,53295,-92,1596525664192
1596525664489 b5b182c7-eab1-4988-aa99-b5c1517008d9,1,9515,-92,1596525664417 00352ba6-6715-0f14-325a-5eb43ca01005,3352,51551,-72,1596525658679 b5b182c7-eab1-4988-aa99-b5c1517008d9,1,2860,-94,1596525658396 8c1c6494-028a-4127-ab85-8f589a082daf,39654,44366,-90,1596525664093 b5b182c7-eab1-4988-aa99-b5c1517008d9,1,45351,-93,1596525664488 00f511b6-8686-858f-f972-fbabcbe97b64,45177,37462,-87,1596525658365 1cd7412e-a3b1-4084-a538-d07975e147f4,44342,10700,-84,1596525658433 0102202b-788f-0000-00dc-a08cf694ed80,51309,53295,-92,1596525664192
1596525668588 b5b182c7-eab1-4988-aa99-b5c1517008d9,1,9515,-92,1596525664417 00352ba6-6715-0f14-325a-5eb43ca01005,3352,51551,-72,1596525658679 b5b182c7-eab1-4988-aa99-b5c1517008d9,1,2860,-94,1596525658396 8c1c6494-028a-4127-ab85-8f589a082daf,39654,44366,-90,1596525664093 b5b182c7-eab1-4988-aa99-b5c1517008d9,1,45351,-93,1596525668588 00f511b6-8686-858f-f972-fbabcbe97b64,45177,37462,-87,1596525658365 1cd7412e-a3b1-4084-a538-d07975e147f4,44342,10700,-84,1596525658433 0102202b-788f-0000-00dc-a08cf694ed80,51309,53295,-92,1596525664192
1596525668686 b5b182c7-eab1-4988-aa99-b5c1517008d9,1,9515,-92,1596525664417 00352ba6-6715-0f14-325a-5eb43ca01005,3352,51551,-72,1596525658679 b5b182c7-eab1-4988-aa99-b5c1517008d9,1,2860,-94,1596525658396 8c1c6494-028a-4127-ab85-8f589a082daf,39654,44366,-90,1596525664092 b5b182c7-eab1-4988-aa99-b5c1517008d9,1,45351,-93,1596525668588 00f511b6-8686-858f-f972-fbabcbe97b64,45177,37462,-87,1596525658365 1cd7412e-a3b1-4084-a538-d07975e147f4,44342,10700,-84,1596525658433 0102202b-788f-0000-00dc-a08cf694ed80,51309,53295,-92,1596525668686
1596525668695 b5b182c7-eab1-4988-aa99-b5c1517008d9,1,9515,-92,1596525664417 00352ba6-6715-0f14-325a-5eb43ca01005,3352,51551,-72,1596525658679 b5b182c7-eab1-4988-aa99-b5c1517008d9,1,2860,-94,1596525658395 8c1c6494-028a-4127-ab85-8f589a082daf,39654,44366,-90,1596525664093 b5b182c7-eab1-4988-aa99-b5c1517008d9,1,45351,-93,1596525668695 00f511b6-8686-858f-f972-fbabcbe97b64,45177,37462,-87,1596525658365 1cd7412e-a3b1-4084-a538-d07975e147f4,44342,10700,-84,1596525658433 0102202b-788f-0000-00dc-a08cf694ed80,51309,53295,-92,1596525668686
1596525668750 b5b182c7-eab1-4988-aa99-b5c1517008d9,1,9515,-92,1596525668750 00352ba6-6715-0f14-325a-5eb43ca01005,3352,51551,-72,1596525658679 b5b182c7-eab1-4988-aa99-b5c1517008d9,1,2860,-94,1596525658396 8c1c6494-028a-4127-ab85-8f589a082daf,39654,44366,-90,1596525664093 b5b182c7-eab1-4988-aa99-b5c1517008d9,1,45351,-93,1596525668695 00f511b6-8686-858f-f972-fbabcbe97b64,45177,37462,-87,1596525658365 1cd7412e-a3b1-4084-a538-d07975e147f4,44342,10700,-84,1596525658432 0102202b-788f-0000-00dc-a08cf694ed80,51309,53295,-92,1596525668686
1596525668855 b5b182c7-eab1-4988-aa99-b5c1517008d9,1,9515,-92,1596525668855 00352ba6-6715-0f14-325a-5eb43ca01005,3352,51551,-72,1596525658679 b5b182c7-eab1-4988-aa99-b5c1517008d9,1,2860,-94,1596525658396 8c1c6494-028a-4127-ab85-8f589a082daf,39654,44366,-90,1596525664093 b5b182c7-eab1-4988-aa99-b5c1517008d9,1,45351,-93,1596525668695 00f511b6-8686-858f-f972-fbabcbe97b64,45177,37462,-87,1596525658365 1cd7412e-a3b1-4084-a538-d07975e147f4,44342,10700,-84,1596525658433 0102202b-788f-0000-00dc-a08cf694ed80,51309,53295,-92,1596525668685
1596525668875 b5b182c7-eab1-4988-aa99-b5c1517008d9,1,9515,-92,1596525668855 00352ba6-6715-0f14-325a-5eb43ca01005,3352,51551,-72,1596525658679 b5b182c7-eab1-4988-aa99-b5c1517008d9,1,2860,-94,1596525658396 8c1c6494-028a-4127-ab85-8f589a082daf,39654,44366,-90,1596525664093 b5b182c7-eab1-4988-aa99-b5c1517008d9,1,45351,-93,1596525668695 00f511b6-8686-858f-f972-fbabcbe97b64,45177,37462,-87,1596525658364 1cd7412e-a3b1-4084-a538-d07975e147f4,44342,10700,-84,1596525658433 0102202b-788f-0000-00dc-a08cf694ed80,51309,53295,-92,1596525668875
1596525668946 b5b182c7-eab1-4988-aa99-b5c1517008d9,1,9515,-92,1596525668855 00352ba6-6715-0f14-325a-5eb43ca01005,3352,51551,-72,1596525658679 b5b182c7-eab1-4988-aa99-b5c1517008d9,1,2860,-94,1596525658396 8c1c6494-028a-4127-ab85-8f589a082daf,39654,44366,-90,1596525664093 b5b182c7-eab1-4988-aa99-b5c1517008d9,1,53567,-83,1596525668946 b5b182c7-eab1-4988-aa99-b5c1517008d9,1,45351,-93,1596525668695 00f511b6-8686-858f-f972-fbabcbe97b64,45177,37462,-87,1596525658365 1cd7412e-a3b1-4084-a538-d07975e147f4,44342,10700,-84,1596525658432 0102202b-788f-0000-00dc-a08cf694ed80,51309,53295,-92,1596525668875
1596525669003 b5b182c7-eab1-4988-aa99-b5c1517008d9,1,9515,-92,1596525668855 00352ba6-6715-0f14-325a-5eb43ca01005,3352,51551,-72,1596525658679 b5b182c7-eab1-4988-aa99-b5c1517008d9,1,2860,-94,1596525658396 8c1c6494-028a-4127-ab85-8f589a082daf,39654,44366,-90,1596525664093 b5b182c7-eab1-4988-aa99-b5c1517008d9,1,53567,-83,1596525668946 b5b182c7-eab1-4988-aa99-b5c1517008d9,1,45351,-93,1596525668695 00f511b6-8686-858f-f972-fbabcbe97b64,45177,37462,-87,1596525658365 b5b182c7-eab1-4988-aa99-b5c1517008d9,1,17230,-87,1596525669003 1cd7412e-a3b1-4084-a538-d07975e147f4,44342,10700,-84,1596525658432 0102202b-788f-0000-00dc-a08cf694ed80,51309,53295,-92,1596525668875
1596525669391 b5b182c7-eab1-4988-aa99-b5c1517008d9,1,9515,-92,1596525668855 00352ba6-6715-0f14-325a-5eb43ca01005,3352,51551,-72,1596525658679 b5b182c7-eab1-4988-aa99-b5c1517008d9,1,2860,-94,1596525658396 8c1c6494-028a-4127-ab85-8f589a082daf,39654,44366,-90,1596525664093 b5b182c7-eab1-4988-aa99-b5c1517008d9,1,53567,-83,1596525668946 b5b182c7-eab1-4988-aa99-b5c1517008d9,1,45351,-93,1596525668695 00f511b6-8686-858f-f972-fbabcbe97b64,45177,37462,-87,1596525658365 b5b182c7-eab1-4988-aa99-b5c1517008d9,1,17230,-87,1596525669002 1cd7412e-a3b1-4084-a538-d07975e147f4,44342,10700,-84,1596525658433 0102202b-788f-0000-00dc-a08cf694ed80,51309,53295,-92,1596525668875 ea43594a-1652-4c0a-a396-ae4877d105f0,18413,52943,-96,1596525669391
1596525681370 b5b182c7-eab1-4988-aa99-b5c1517008d9,1,9515,-92,1596525668855 00352ba6-6715-0f14-325a-5eb43ca01005,3352,51551,-72,1596525658679 b5b182c7-eab1-4988-aa99-b5c1517008d9,1,2860,-94,1596525658396 8c1c6494-028a-4127-ab85-8f589a082daf,39654,44366,-90,1596525664093 b5b182c7-eab1-4988-aa99-b5c1517008d9,1,53567,-83,1596525668946 b5b182c7-eab1-4988-aa99-b5c1517008d9,1,45351,-93,1596525668695 00f511b6-8686-858f-f972-fbabcbe97b64,45177,37462,-87,1596525658365 b5b182c7-eab1-4988-aa99-b5c1517008d9,1,17230,-87,1596525669003 1cd7412e-a3b1-4084-a538-d07975e147f4,44342,10700,-84,1596525658433 0102202b-788f-0000-00dc-a08cf694ed80,51309,53295,-92,1596525681371 ea43594a-1652-4c0a-a396-ae4877d105f0,18413,52943,-96,1596525669391
1596525694397 b5b182c7-eab1-4988-aa99-b5c1517008d9,1,9515,-92,1596525668855 00352ba6-6715-0f14-325a-5eb43ca01005,3352,51551,-72,1596525658679 b5b182c7-eab1-4988-aa99-b5c1517008d9,1,2860,-94,1596525658396 8c1c6494-028a-4127-ab85-8f589a082daf,39654,44366,-90,1596525664093 b5b182c7-eab1-4988-aa99-b5c1517008d9,1,53567,-83,1596525668946 b5b182c7-eab1-4988-aa99-b5c1517008d9,1,45351,-93,1596525668695 00f511b6-8686-858f-f972-fbabcbe97b64,45177,37462,-87,1596525694398 b5b182c7-eab1-4988-aa99-b5c1517008d9,1,17230,-87,1596525669003 1cd7412e-a3b1-4084-a538-d07975e147f4,44342,10700,-84,1596525658433 0102202b-788f-0000-00dc-a08cf694ed80,51309,53295,-92,1596525681370 ea43594a-1652-4c0a-a396-ae4877d105f0,18413,52943,-96,1596525669391
1596525704413 b5b182c7-eab1-4988-aa99-b5c1517008d9,1,9515,-92,1596525668855 00352ba6-6715-0f14-325a-5eb43ca01005,3352,51551,-72,1596525658679 b5b182c7-eab1-4988-aa99-b5c1517008d9,1,2860,-94,1596525658396 8c1c6494-028a-4127-ab85-8f589a082daf,39654,44366,-90,1596525664093 b5b182c7-eab1-4988-aa99-b5c1517008d9,1,53567,-83,1596525668946 b5b182c7-eab1-4988-aa99-b5c1517008d9,1,45351,-93,1596525668695 00f511b6-8686-858f-f972-fbabcbe97b64,45177,37462,-87,1596525704414 b5b182c7-eab1-4988-aa99-b5c1517008d9,1,17230,-87,1596525669003 1cd7412e-a3b1-4084-a538-d07975e147f4,44342,10700,-84,1596525658432 0102202b-788f-0000-00dc-a08cf694ed80,51309,53295,-92,1596525681371 ea43594a-1652-4c0a-a396-ae4877d105f0,18413,52943,-96,1596525669391
1596525713610 b5b182c7-eab1-4988-aa99-b5c1517008d9,1,9515,-92,1596525668855 00352ba6-6715-0f14-325a-5eb43ca01005,3352,51551,-72,1596525658678 b5b182c7-eab1-4988-aa99-b5c1517008d9,1,2860,-94,1596525658395 8c1c6494-028a-4127-ab85-8f589a082daf,39654,44366,-90,1596525664093 b5b182c7-eab1-4988-aa99-b5c1517008d9,1,53567,-83,1596525668946 b5b182c7-eab1-4988-aa99-b5c1517008d9,1,45351,-93,1596525668695 00f511b6-8686-858f-f972-fbabcbe97b64,45177,37462,-87,1596525704414 b5b182c7-eab1-4988-aa99-b5c1517008d9,1,17230,-87,1596525669003 1cd7412e-a3b1-4084-a538-d07975e147f4,44342,10700,-84,1596525658433 0102202b-788f-0000-00dc-a08cf694ed80,51309,53295,-92,1596525713610 ea43594a-1652-4c0a-a396-ae4877d105f0,18413,52943,-96,1596525669391
1596525713796 b5b182c7-eab1-4988-aa99-b5c1517008d9,1,9515,-92,1596525668855 00352ba6-6715-0f14-325a-5eb43ca01005,3352,51551,-72,1596525658679 b5b182c7-eab1-4988-aa99-b5c1517008d9,1,2860,-94,1596525658396 8c1c6494-028a-4127-ab85-8f589a082daf,39654,44366,-90,1596525664093 b5b182c7-eab1-4988-aa99-b5c1517008d9,1,53567,-83,1596525668946 b5b182c7-eab1-4988-aa99-b5c1517008d9,1,45351,-93,1596525668695 00f511b6-8686-858f-f972-fbabcbe97b64,45177,37462,-87,1596525704413 b5b182c7-eab1-4988-aa99-b5c1517008d9,1,17230,-87,1596525669002 1cd7412e-a3b1-4084-a538-d07975e147f4,44342,10700,-84,1596525658433 0102202b-788f-0000-00dc-a08cf694ed80,51309,53295,-92,1596525713796 ea43594a-1652-4c0a-a396-ae4877d105f0,18413,52943,-96,1596525669391
1596525714286 b5b182c7-eab1-4988-aa99-b5c1517008d9,1,9515,-92,1596525668855 00352ba6-6715-0f14-325a-5eb43ca01005,3352,51551,-72,1596525658678 b5b182c7-eab1-4988-aa99-b5c1517008d9,1,2860,-94,1596525658395 8c1c6494-028a-4127-ab85-8f589a082daf,39654,44366,-90,1596525664093 b5b182c7-eab1-4988-aa99-b5c1517008d9,1,53567,-83,1596525668946 b5b182c7-eab1-4988-aa99-b5c1517008d9,1,45351,-93,1596525668695 01022022-f78f-0100-0092-b317e4b2b704,41512,24822,-97,1596525714286 00f511b6-8686-858f-f972-fbabcbe97b64,45177,37462,-87,1596525704414 b5b182c7-eab1-4988-aa99-b5c1517008d9,1,17230,-87,1596525669003 1cd7412e-a3b1-4084-a538-d07975e147f4,44342,10700,-84,1596525658433 0102202b-788f-0000-00dc-a08cf694ed80,51309,53295,-92,1596525713796 ea43594a-1652-4c0a-a396-ae4877d105f0,18413,52943,-96,1596525669391
1596525718554 b5b182c7-eab1-4988-aa99-b5c1517008d9,1,9515,-92,1596525668854 00352ba6-6715-0f14-325a-5eb43ca01005,3352,51551,-72,1596525658679 b5b182c7-eab1-4988-aa99-b5c1517008d9,1,2860,-94,1596525658396 8c1c6494-028a-4127-ab85-8f589a082daf,39654,44366,-90,1596525664093 b5b182c7-eab1-4988-aa99-b5c1517008d9,1,53567,-83,1596525668946 b5b182c7-eab1-4988-aa99-b5c1517008d9,1,45351,-93,1596525668695 01022022-f78f-0100-0092-b317e4b2b704,41512,24822,-97,1596525718554 00f511b6-8686-858f-f972-fbabcbe97b64,45177,37462,-87,1596525704414 b5b182c7-eab1-4988-aa99-b5c1517008d9,1,17230,-87,1596525669003 1cd7412e-a3b1-4084-a538-d07975e147f4,44342,10700,-84,1596525658433 0102202b-788f-0000-00dc-a08cf694ed80,51309,53295,-92,1596525713796 ea43594a-1652-4c0a-a396-ae4877d105f0,18413,52943,-96,1596525669391
1596525718619 b5b182c7-eab1-4988-aa99-b5c1517008d9,1,9515,-92,1596525668855 00352ba6-6715-0f14-325a-5eb43ca01005,3352,51551,-72,1596525658679 b5b182c7-eab1-4988-aa99-b5c1517008d9,1,2860,-94,1596525658396 8c1c6494-028a-4127-ab85-8f589a082daf,39654,44366,-90,1596525664093 b5b182c7-eab1-4988-aa99-b5c1517008d9,1,53567,-83,1596525668946 b5b182c7-eab1-4988-aa99-b5c1517008d9,1,45351,-93,1596525668695 01022022-f78f-0100-0092-b317e4b2b704,41512,24822,-97,1596525718554 00f511b6-8686-858f-f972-fbabcbe97b64,45177,37462,-87,1596525704414 b5b182c7-eab1-4988-aa99-b5c1517008d9,1,17230,-87,1596525669003 1cd7412e-a3b1-4084-a538-d07975e147f4,44342,10700,-84,1596525658433 0102202b-788f-0000-00dc-a08cf694ed80,51309,53295,-92,1596525718619 ea43594a-1652-4c0a-a396-ae4877d105f0,18413,52943,-96,1596525669391
1596525718933 b5b182c7-eab1-4988-aa99-b5c1517008d9,1,9515,-92,1596525668855 00352ba6-6715-0f14-325a-5eb43ca01005,3352,51551,-72,1596525658679 b5b182c7-eab1-4988-aa99-b5c1517008d9,1,2860,-94,1596525658396 8c1c6494-028a-4127-ab85-8f589a082daf,39654,44366,-90,1596525664093 b5b182c7-eab1-4988-aa99-b5c1517008d9,1,53567,-83,1596525668946 b5b182c7-eab1-4988-aa99-b5c1517008d9,1,45351,-93,1596525668694 01022022-f78f-0100-0092-b317e4b2b704,41512,24822,-97,1596525718933 00f511b6-8686-858f-f972-fbabcbe97b64,45177,37462,-87,1596525704414 b5b182c7-eab1-4988-aa99-b5c1517008d9,1,17230,-87,1596525669003 1cd7412e-a3b1-4084-a538-d07975e147f4,44342,10700,-84,1596525658433 0102202b-788f-0000-00dc-a08cf694ed80,51309,53295,-92,1596525718619 ea43594a-1652-4c0a-a396-ae4877d105f0,18413,52943,-96,1596525669391
1596525718999 b5b182c7-eab1-4988-aa99-b5c1517008d9,1,9515,-92,1596525668855 00352ba6-6715-0f14-325a-5eb43ca01005,3352,51551,-72,1596525658679 b5b182c7-eab1-4988-aa99-b5c1517008d9,1,2860,-94,1596525658396 8c1c6494-028a-4127-ab85-8f589a082daf,39654,44366,-90,1596525664093 b5b182c7-eab1-4988-aa99-b5c1517008d9,1,53567,-83,1596525668946 b5b182c7-eab1-4988-aa99-b5c1517008d9,1,45351,-93,1596525668695 01022022-f78f-0100-0092-b317e4b2b704,41512,24822,-97,1596525718933 00f511b6-8686-858f-f972-fbabcbe97b64,45177,37462,-87,1596525704414 b5b182c7-eab1-4988-aa99-b5c1517008d9,1,17230,-87,1596525669003 1cd7412e-a3b1-4084-a538-d07975e147f4,44342,10700,-84,1596525658433 0102202b-788f-0000-00dc-a08cf694ed80,51309,53295,-92,1596525718999 ea43594a-1652-4c0a-a396-ae4877d105f0,18413,52943,-96,1596525669391
1596525719127 b5b182c7-eab1-4988-aa99-b5c1517008d9,1,9515,-92,1596525668855 00352ba6-6715-0f14-325a-5eb43ca01005,3352,51551,-72,1596525658679 b5b182c7-eab1-4988-aa99-b5c1517008d9,1,2860,-94,1596525658396 8c1c6494-028a-4127-ab85-8f589a082daf,39654,44366,-90,1596525664093 b5b182c7-eab1-4988-aa99-b5c1517008d9,1,53567,-83,1596525668946 b5b182c7-eab1-4988-aa99-b5c1517008d9,1,45351,-93,1596525668695 01022022-f78f-0100-0092-b317e4b2b704,41512,24822,-97,1596525719127 00f511b6-8686-858f-f972-fbabcbe97b64,45177,37462,-87,1596525704414 b5b182c7-eab1-4988-aa99-b5c1517008d9,1,17230,-87,1596525669003 1cd7412e-a3b1-4084-a538-d07975e147f4,44342,10700,-84,1596525658432 0102202b-788f-0000-00dc-a08cf694ed80,51309,53295,-92,1596525718998 ea43594a-1652-4c0a-a396-ae4877d105f0,18413,52943,-96,1596525669390
1596525719304 b5b182c7-eab1-4988-aa99-b5c1517008d9,1,9515,-92,1596525668855 00352ba6-6715-0f14-325a-5eb43ca01005,3352,51551,-72,1596525658679 b5b182c7-eab1-4988-aa99-b5c1517008d9,1,2860,-94,1596525658396 8c1c6494-028a-4127-ab85-8f589a082daf,39654,44366,-90,1596525664093 b5b182c7-eab1-4988-aa99-b5c1517008d9,1,53567,-83,1596525668946 b5b182c7-eab1-4988-aa99-b5c1517008d9,1,45351,-93,1596525668695 01022022-f78f-0100-0092-b317e4b2b704,41512,24822,-97,1596525719304 00f511b6-8686-858f-f972-fbabcbe97b64,45177,37462,-87,1596525704414 b5b182c7-eab1-4988-aa99-b5c1517008d9,1,17230,-87,1596525669003 1cd7412e-a3b1-4084-a538-d07975e147f4,44342,10700,-84,1596525658433 0102202b-788f-0000-00dc-a08cf694ed80,51309,53295,-92,1596525718999 ea43594a-1652-4c0a-a396-ae4877d105f0,18413,52943,-96,1596525669391
1596525723685 b5b182c7-eab1-4988-aa99-b5c1517008d9,1,45351,-93,1596525668695 01022022-f78f-0100-0092-b317e4b2b704,41512,24822,-97,1596525719304 00f511b6-8686-858f-f972-fbabcbe97b64,45177,37462,-87,1596525704414 1cd7412e-a3b1-4084-a538-d07975e147f4,44342,10700,-84,1596525658433 b5b182c7-eab1-4988-aa99-b5c1517008d9,1,9515,-92,1596525668855 00352ba6-6715-0f14-325a-5eb43ca01005,3352,51551,-72,1596525658679 b5b182c7-eab1-4988-aa99-b5c1517008d9,1,2860,-94,1596525658396 fda50693-a4e2-4fb1-afcf-c6eb07647825,10196,38624,-96,1596525723685 8c1c6494-028a-4127-ab85-8f589a082daf,39654,44366,-90,1596525664093 b5b182c7-eab1-4988-aa99-b5c1517008d9,1,53567,-83,1596525668946 b5b182c7-eab1-4988-aa99-b5c1517008d9,1,17230,-87,1596525669003 0102202b-788f-0000-00dc-a08cf694ed80,51309,53295,-92,1596525718999 ea43594a-1652-4c0a-a396-ae4877d105f0,18413,52943,-96,1596525669391
1596525724233 b5b182c7-eab1-4988-aa99-b5c1517008d9,1,45351,-93,1596525668695 01022022-f78f-0100-0092-b317e4b2b704,41512,24822,-97,1596525719304 00f511b6-8686-858f-f972-fbabcbe97b64,45177,37462,-87,1596525704414 1cd7412e-a3b1-4084-a538-d07975e147f4,44342,10700,-84,1596525658433 b5b182c7-eab1-4988-aa99-b5c1517008d9,1,9515,-92,1596525668855 00352ba6-6715-0f14-325a-5eb43ca01005,3352,51551,-72,1596525658679 b5b182c7-eab1-4988-aa99-b5c1517008d9,1,2860,-94,1596525658395 fda50693-a4e2-4fb1-afcf-c6eb07647825,10196,38624,-96,1596525723685 8c1c6494-028a-4127-ab85-8f589a082daf,39654,44366,-90,1596525664093 b5b182c7-eab1-4988-aa99-b5c1517008d9,1,53567,-83,1596525668946 b5b182c7-eab1-4988-aa99-b5c1517008d9,1,17230,-87,1596525669003 0102202b-788f-0000-00dc-a08cf694ed80,51309,53295,-92,1596525724233 ea43594a-1652-4c0a-a396-ae4877d105f0,18413,52943,-96,1596525669391
1596525724337 b5b182c7-eab1-4988-aa99-b5c1517008d9,1,45351,-93,1596525668695 01022022-f78f-0100-0092-b317e4b2b704,41512,24822,-97,1596525724337 00f511b6-8686-858f-f972-fbabcbe97b64,45177,37462,-87,1596525704414 1cd7412e-a3b1-4084-a538-d07975e147f4,44342,10700,-84,1596525658433 b5b182c7-eab1-4988-aa99-b5c1517008d9,1,9515,-92,1596525668855 00352ba6-6715-0f14-325a-5eb43ca01005,3352,51551,-72,1596525658679 b5b182c7-eab1-4988-aa99-b5c1517008d9,1,2860,-94,1596525658396 fda50693-a4e2-4fb1-afcf-c6eb07647825,10196,38624,-96,1596525723685 8c1c6494-028a-4127-ab85-8f589a082daf,39654,44366,-90,1596525664093 b5b182c7-eab1-4988-aa99-b5c1517008d9,1,53567,-83,1596525668946 b5b182c7-eab1-4988-aa99-b5c1517008d9,1,17230,-87,1596525669002 0102202b-788f-0000-00dc-a08cf694ed80,51309,53295,-92,1596525724232 ea43594a-1652-4c0a-a396-ae4877d105f0,18413,52943,-96,1596525669391
1596525728711 b5b182c7-eab1-4988-aa99-b5c1517008d9,1,45351,-93,1596525668695 01022022-f78f-0100-0092-b317e4b2b704,41512,24822,-97,1596525724337 00f511b6-8686-858f-f972-fbabcbe97b64,45177,37462,-87,1596525704414 1cd7412e-a3b1-4084-a538-d07975e147f4,44342,10700,-84,1596525658433 b5b182c7-eab1-4988-aa99-b5c1517008d9,1,9515,-92,1596525668855 00352ba6-6715-0f14-325a-5eb43ca01005,3352,51551,-72,1596525658679 b5b182c7-eab1-4988-aa99-b5c1517008d9,1,2860,-94,1596525658396 fda50693-a4e2-4fb1-afcf-c6eb07647825,10196,38624,-96,1596525723685 8c1c6494-028a-4127-ab85-8f589a082daf,39654,44366,-90,1596525664093 b5b182c7-eab1-4988-aa99-b5c1517008d9,1,53567,-83,1596525668946 b5b182c7-eab1-4988-aa99-b5c1517008d9,1,17230,-87,1596525669002 0102202b-788f-0000-00dc-a08cf694ed80,51309,53295,-92,1596525728710 ea43594a-1652-4c0a-a396-ae4877d105f0,18413,52943,-96,1596525669391
1596525734036 b5b182c7-eab1-4988-aa99-b5c1517008d9,1,45351,-93,1596525668695 01022022-f78f-0100-0092-b317e4b2b704,41512,24822,-97,1596525734036 00f511b6-8686-858f-f972-fbabcbe97b64,45177,37462,-87,1596525704414 1cd7412e-a3b1-4084-a538-d07975e147f4,44342,10700,-84,1596525658433 b5b182c7-eab1-4988-aa99-b5c1517008d9,1,9515,-92,1596525668855 00352ba6-6715-0f14-325a-5eb43ca01005,3352,51551,-72,1596525658679 b5b182c7-eab1-4988-aa99-b5c1517008d9,1,2860,-94,1596525658396 fda50693-a4e2-4fb1-afcf-c6eb07647825,10196,38624,-96,1596525723684 8c1c6494-028a-4127-ab85-8f589a082daf,39654,44366,-90,1596525664093 b5b182c7-eab1-4988-aa99-b5c1517008d9,1,53567,-83,1596525668946 b5b182c7-eab1-4988-aa99-b5c1517008d9,1,17230,-87,1596525669003 0102202b-788f-0000-00dc-a08cf694ed80,51309,53295,-92,1596525728711 ea43594a-1652-4c0a-a396-ae4877d105f0,18413,52943,-96,1596525669391
1596525738946 b5b182c7-eab1-4988-aa99-b5c1517008d9,1,45351,-93,1596525668695 01022022-f78f-0100-0092-b317e4b2b704,41512,24822,-97,1596525734036 00f511b6-8686-858f-f972-fbabcbe97b64,45177,37462,-87,1596525704414 1cd7412e-a3b1-4084-a538-d07975e147f4,44342,10700,-84,1596525658433 b5b182c7-eab1-4988-aa99-b5c1517008d9,1,9515,-92,1596525668854 00352ba6-6715-0f14-325a-5eb43ca01005,3352,51551,-72,1596525658678 b5b182c7-eab1-4988-aa99-b5c1517008d9,1,2860,-94,1596525658395 fda50693-a4e2-4fb1-afcf-c6eb07647825,10196,38624,-96,1596525723685 8c1c6494-028a-4127-ab85-8f589a082daf,39654,44366,-90,1596525664093 b5b182c7-eab1-4988-aa99-b5c1517008d9,1,53567,-83,1596525668946 b5b182c7-eab1-4988-aa99-b5c1517008d9,1,17230,-87,1596525669003 0102202b-788f-0000-00dc-a08cf694ed80,51309,53295,-92,1596525738946 ea43594a-1652-4c0a-a396-ae4877d105f0,18413,52943,-96,1596525669391
1596525739055 b5b182c7-eab1-4988-aa99-b5c1517008d9,1,45351,-93,1596525668695 01022022-f78f-0100-0092-b317e4b2b704,41512,24822,-97,1596525739055 00f511b6-8686-858f-f972-fbabcbe97b64,45177,37462,-87,1596525704414 1cd7412e-a3b1-4084-a538-d07975e147f4,44342,10700,-84,1596525658433 b5b182c7-eab1-4988-aa99-b5c1517008d9,1,9515,-92,1596525668855 00352ba6-6715-0f14-325a-5eb43ca01005,3352,51551,-72,1596525658679 b5b182c7-eab1-4988-aa99-b5c1517008d9,1,2860,-94,1596525658396 fda50693-a4e2-4fb1-afcf-c6eb07647825,10196,38624,-96,1596525723685 8c1c6494-028a-4127-ab85-8f589a082daf,39654,44366,-90,1596525664092 b5b182c7-eab1-4988-aa99-b5c1517008d9,1,53567,-83,1596525668946 b5b182c7-eab1-4988-aa99-b5c1517008d9,1,17230,-87,1596525669003 0102202b-788f-0000-00dc-a08cf694ed80,51309,53295,-92,1596525738946 ea43594a-1652-4c0a-a396-ae4877d105f0,18413,52943,-96,1596525669391
1596525744066 b5b182c7-eab1-4988-aa99-b5c1517008d9,1,45351,-93,1596525668695 01022022-f78f-0100-0092-b317e4b2b704,41512,24822,-97,1596525744067 00f511b6-8686-858f-f972-fbabcbe97b64,45177,37462,-87,1596525704414 1cd7412e-a3b1-4084-a538-d07975e147f4,44342,10700,-84,1596525658433 b5b182c7-eab1-4988-aa99-b5c1517008d9,1,9515,-92,1596525668855 00352ba6-6715-0f14-325a-5eb43ca01005,3352,51551,-72,1596525658679 b5b182c7-eab1-4988-aa99-b5c1517008d9,1,2860,-94,1596525658396 fda50693-a4e2-4fb1-afcf-c6eb07647825,10196,38624,-96,1596525723685 8c1c6494-028a-4127-ab85-8f589a082daf,39654,44366,-90,1596525664093 b5b182c7-eab1-4988-aa99-b5c1517008d9,1,53567,-83,1596525668946 b5b182c7-eab1-4988-aa99-b5c1517008d9,1,17230,-87,1596525669003 0102202b-788f-0000-00dc-a08cf694ed80,51309,53295,-92,1596525738946 ea43594a-1652-4c0a-a396-ae4877d105f0,18413,52943,-96,1596525669391
1596525744518 b5b182c7-eab1-4988-aa99-b5c1517008d9,1,45351,-93,1596525668695 01022022-f78f-0100-0092-b317e4b2b704,41512,24822,-97,1596525744067 00f511b6-8686-858f-f972-fbabcbe97b64,45177,37462,-87,1596525704414 1cd7412e-a3b1-4084-a538-d07975e147f4,44342,10700,-84,1596525658432 b5b182c7-eab1-4988-aa99-b5c1517008d9,1,9515,-92,1596525668854 00352ba6-6715-0f14-325a-5eb43ca01005,3352,51551,-72,1596525658678 b5b182c7-eab1-4988-aa99-b5c1517008d9,1,2860,-94,1596525658396 fda50693-a4e2-4fb1-afcf-c6eb07647825,10196,38624,-96,1596525723685 8c1c6494-028a-4127-ab85-8f589a082daf,39654,44366,-90,1596525664093 b5b182c7-eab1-4988-aa99-b5c1517008d9,1,53567,-83,1596525668946 b5b182c7-eab1-4988-aa99-b5c1517008d9,1,17230,-87,1596525669003 0102202b-788f-0000-00dc-a08cf694ed80,51309,53295,-92,1596525744518 ea43594a-1652-4c0a-a396-ae4877d105f0,18413,52943,-96,1596525669391
1596525754310 0102200b-548f-0000-0024-b4250ebf3fa3,56460,8296,-88,1596525754310 b5b182c7-eab1-4988-aa99-b5c1517008d9,1,45351,-93,1596525668695 01022022-f78f-0100-0092-b317e4b2b704,41512,24822,-97,1596525744067 00f511b6-8686-858f-f972-fbabcbe97b64,45177,37462,-87,1596525704414 1cd7412e-a3b1-4084-a538-d07975e147f4,44342,10700,-84,1596525658433 b5b182c7-eab1-4988-aa99-b5c1517008d9,1,9515,-92,1596525668855 00352ba6-6715-0f14-325a-5eb43ca01005,3352,51551,-72,1596525658679 b5b182c7-eab1-4988-aa99-b5c1517008d9,1,2860,-94,1596525658396 fda50693-a4e2-4fb1-afcf-c6eb07647825,10196,38624,-96,1596525723685 8c1c6494-028a-4127-ab85-8f589a082daf,39654,44366,-90,1596525664093 b5b182c7-eab1-4988-aa99-b5c1517008d9,1,53567,-83,1596525668946 b5b182c7-eab1-4988-aa99-b5c1517008d9,1,17230,-87,1596525669003 0102202b-788f-0000-00dc-a08cf694ed80,51309,53295,-92,1596525744518 ea43594a-1652-4c0a-a396-ae4877d105f0,18413,52943,-96,1596525669391
1596525754477 0102200b-548f-0000-0024-b4250ebf3fa3,56460,8296,-88,1596525754310 b5b182c7-eab1-4988-aa99-b5c1517008d9,1,45351,-93,1596525668694 01022022-f78f-0100-0092-b317e4b2b704,41512,24822,-97,1596525744066 00f511b6-8686-858f-f972-fbabcbe97b64,45177,37462,-87,1596525704414 1cd7412e-a3b1-4084-a538-d07975e147f4,44342,10700,-84,1596525658433 b5b182c7-eab1-4988-aa99-b5c1517008d9,1,9515,-92,1596525668855 00352ba6-6715-0f14-325a-5eb43ca01005,3352,51551,-72,1596525658679 0102202b-788f-0000-00ba-7d8ae44764c8,6441,55499,-78,1596525754477 b5b182c7-eab1-4988-aa99-b5c1517008d9,1,2860,-94,1596525658396 fda50693-a4e2-4fb1-afcf-c6eb07647825,10196,38624,-96,1596525723685 8c1c6494-028a-4127-ab85-8f589a082daf,39654,44366,-90,1596525664093 b5b182c7-eab1-4988-aa99-b5c1517008d9,1,53567,-83,1596525668946 b5b182c7-eab1-4988-aa99-b5c1517008d9,1,17230,-87,1596525669003 0102202b-788f-0000-00dc-a08cf694ed80,51309,53295,-92,1596525744518 ea43594a-1652-4c0a-a396-ae4877d105f0,18413,52943,-96,1596525669391
1596525759444 0102200b-548f-0000-0024-b4250ebf3fa3,56460,8296,-88,1596525754310 b5b182c7-eab1-4988-aa99-b5c1517008d9,1,45351,-93,1596525668695 01022022-f78f-0100-0092-b317e4b2b704,41512,24822,-97,1596525744067 00f511b6-8686-858f-f972-fbabcbe97b64,45177,37462,-87,1596525704414 01022022-f78f-0100-00d4-282544db6585,3351,2857,-92,1596525759443 1cd7412e-a3b1-4084-a538-d07975e147f4,44342,10700,-84,1596525658432 b5b182c7-eab1-4988-aa99-b5c1517008d9,1,9515,-92,1596525668855 00352ba6-6715-0f14-325a-5eb43ca01005,3352,51551,-72,1596525658679 0102202b-788f-0000-00ba-7d8ae44764c8,6441,55499,-78,1596525754477 b5b182c7-eab1-4988-aa99-b5c1517008d9,1,2860,-94,1596525658396 fda50693-a4e2-4fb1-afcf-c6eb07647825,10196,38624,-96,1596525723685 8c1c6494-028a-4127-ab85-8f589a082daf,39654,44366,-90,1596525664093 b5b182c7-eab1-4988-aa99-b5c1517008d9,1,53567,-83,1596525668946 b5b182c7-eab1-4988-aa99-b5c1517008d9,1,17230,-87,1596525669003 0102202b-788f-0000-00dc-a08cf694ed80,51309,53295,-92,1596525744518 ea43594a-1652-4c0a-a396-ae4877d105f0,18413,52943,-96,1596525669391
1596525759496 0102200b-548f-0000-0024-b4250ebf3fa3,56460,8296,-88,1596525754309 b5b182c7-eab1-4988-aa99-b5c1517008d9,1,45351,-93,1596525668694 01022022-f78f-0100-0092-b317e4b2b704,41512,24822,-97,1596525744067 00f511b6-8686-858f-f972-fbabcbe97b64,45177,37462,-87,1596525704414 01022022-f78f-0100-00d4-282544db6585,3351,2857,-92,1596525759444 1cd7412e-a3b1-4084-a538-d07975e147f4,44342,10700,-84,1596525658433 b5b182c7-eab1-4988-aa99-b5c1517008d9,1,9515,-92,1596525668855 00352ba6-6715-0f14-325a-5eb43ca01005,3352,51551,-72,1596525658679 0102202b-788f-0000-00ba-7d8ae44764c8,6441,55499,-78,1596525759496 b5b182c7-eab1-4988-aa99-b5c1517008d9,1,2860,-94,1596525658396 fda50693-a4e2-4fb1-afcf-c6eb07647825,10196,38624,-96,1596525723685 8c1c6494-028a-4127-ab85-8f589a082daf,39654,44366,-90,1596525664093 b5b182c7-eab1-4988-aa99-b5c1517008d9,1,53567,-83,1596525668946 b5b182c7-eab1-4988-aa99-b5c1517008d9,1,17230,-87,1596525669003 0102202b-788f-0000-00dc-a08cf694ed80,51309,53295,-92,1596525744518 ea43594a-1652-4c0a-a396-ae4877d105f0,18413,52943,-96,1596525669391
1596525759538 0102200b-548f-0000-0024-b4250ebf3fa3,56460,8296,-88,1596525759538 b5b182c7-eab1-4988-aa99-b5c1517008d9,1,45351,-93,1596525668695 01022022-f78f-0100-0092-b317e4b2b704,41512,24822,-97,1596525744066 00f511b6-8686-858f-f972-fbabcbe97b64,45177,37462,-87,1596525704413 01022022-f78f-0100-00d4-282544db6585,3351,2857,-92,1596525759443 1cd7412e-a3b1-4084-a538-d07975e147f4,44342,10700,-84,1596525658433 b5b182c7-eab1-4988-aa99-b5c1517008d9,1,9515,-92,1596525668855 00352ba6-6715-0f14-325a-5eb43ca01005,3352,51551,-72,1596525658679 0102202b-788f-0000-00ba-7d8ae44764c8,6441,55499,-78,1596525759496 b5b182c7-eab1-4988-aa99-b5c1517008d9,1,2860,-94,1596525658396 fda50693-a4e2-4fb1-afcf-c6eb07647825,10196,38624,-96,1596525723685 8c1c6494-028a-4127-ab85-8f589a082daf,39654,44366,-90,1596525664093 b5b182c7-eab1-4988-aa99-b5c1517008d9,1,53567,-83,1596525668946 b5b182c7-eab1-4988-aa99-b5c1517008d9,1,17230,-87,1596525669003 0102202b-788f-0000-00dc-a08cf694ed80,51309,53295,-92,1596525744518 ea43594a-1652-4c0a-a396-ae4877d105f0,18413,52943,-96,1596525669391
1596525763381 0102200b-548f-0000-0024-b4250ebf3fa3,56460,8296,-88,1596525759538 b5b182c7-eab1-4988-aa99-b5c1517008d9,1,45351,-93,1596525668695 01022022-f78f-0100-0092-b317e4b2b704,41512,24822,-97,1596525744067 00f511b6-8686-858f-f972-fbabcbe97b64,45177,37462,-87,1596525704414 01022022-f78f-0100-00d4-282544db6585,3351,2857,-92,1596525759444 1cd7412e-a3b1-4084-a538-d07975e147f4,44342,10700,-84,1596525658433 b5b182c7-eab1-4988-aa99-b5c1517008d9,1,9515,-92,1596525668855 00352ba6-6715-0f14-325a-5eb43ca01005,3352,51551,-72,1596525658679 0102202b-788f-0000-00ba-7d8ae44764c8,6441,55499,-78,1596525759495 b5b182c7-eab1-4988-aa99-b5c1517008d9,1,2860,-94,1596525658395 fda50693-a4e2-4fb1-afcf-c6eb07647825,10196,38624,-96,1596525723684 8c1c6494-028a-4127-ab85-8f589a082daf,39654,44366,-90,1596525664093 b5b182c7-eab1-4988-aa99-b5c1517008d9,1,53567,-83,1596525668946 b5b182c7-eab1-4988-aa99-b5c1517008d9,1,17230,-87,1596525669003 0013e4f6-bd3d-316e-3d1e-345942b3e4be,64824,18235,-75,1596525763380 0102202b-788f-0000-00dc-a08cf694ed80,51309,53295,-92,1596525744518 ea43594a-1652-4c0a-a396-ae4877d105f0,18413,52943,-96,1596525669391
1596525769182 0102200b-548f-0000-0024-b4250ebf3fa3,56460,8296,-88,1596525759538 b5b182c7-eab1-4988-aa99-b5c1517008d9,1,45351,-93,1596525668695 01022022-f78f-0100-0092-b317e4b2b704,41512,24822,-97,1596525744067 00f511b6-8686-858f-f972-fbabcbe97b64,45177,37462,-87,1596525704414 01022022-f78f-0100-00d4-282544db6585,3351,2857,-92,1596525769182 1cd7412e-a3b1-4084-a538-d07975e147f4,44342,10700,-84,1596525658433 b5b182c7-eab1-4988-aa99-b5c1517008d9,1,9515,-92,1596525668855 00352ba6-6715-0f14-325a-5eb43ca01005,3352,51551,-72,1596525658679 0102202b-788f-0000-00ba-7d8ae44764c8,6441,55499,-78,1596525759496 b5b182c7-eab1-4988-aa99-b5c1517008d9,1,2860,-94,1596525658396 fda50693-a4e2-4fb1-afcf-c6eb07647825,10196,38624,-96,1596525723685 8c1c6494-028a-4127-ab85-8f589a082daf,39654,44366,-90,1596525664093 b5b182c7-eab1-4988-aa99-b5c1517008d9,1,53567,-83,1596525668946 b5b182c7-eab1-4988-aa99-b5c1517008d9,1,17230,-87,1596525669003 0013e4f6-bd3d-316e-3d1e-345942b3e4be,64824,18235,-75,1596525763381 0102202b-788f-0000-00dc-a08cf694ed80,51309,53295,-92,1596525744518 ea43594a-1652-4c0a-a396-ae4877d105f0,18413,52943,-96,1596525669391
1596525769195 0102200b-548f-0000-0024-b4250ebf3fa3,56460,8296,-88,1596525759538 b5b182c7-eab1-4988-aa99-b5c1517008d9,1,45351,-93,1596525668695 01022022-f78f-0100-0092-b317e4b2b704,41512,24822,-97,1596525744067 00f511b6-8686-858f-f972-fbabcbe97b64,45177,37462,-87,1596525704414 01022022-f78f-0100-00d4-282544db6585,3351,2857,-92,1596525769181 1cd7412e-a3b1-4084-a538-d07975e147f4,44342,10700,-84,1596525658432 b5b182c7-eab1-4988-aa99-b5c1517008d9,1,9515,-92,1596525668854 00352ba6-6715-0f14-325a-5eb43ca01005,3352,51551,-72,1596525658679 0102202b-788f-0000-00ba-7d8ae44764c8,6441,55499,-78,1596525769195 b5b182c7-eab1-4988-aa99-b5c1517008d9,1,2860,-94,1596525658396 fda50693-a4e2-4fb1-afcf-c6eb07647825,10196,38624,-96,1596525723685 8c1c6494-028a-4127-ab85-8f589a082daf,39654,44366,-90,1596525664093 b5b182c7-eab1-4988-aa99-b5c1517008d9,1,53567,-83,1596525668946 b5b182c7-eab1-4988-aa99-b5c1517008d9,1,17230,-87,1596525669003 0013e4f6-bd3d-316e-3d1e-345942b3e4be,64824,18235,-75,1596525763381 0102202b-788f-0000-00dc-a08cf694ed80,51309,53295,-92,1596525744518 ea43594a-1652-4c0a-a396-ae4877d105f0,18413,52943,-96,1596525669391
1596525769370 0102200b-548f-0000-0024-b4250ebf3fa3,56460,8296,-88,1596525759538 b5b182c7-eab1-4988-aa99-b5c1517008d9,1,45351,-93,1596525668695 01022022-f78f-0100-0092-b317e4b2b704,41512,24822,-97,1596525744067 00f511b6-8686-858f-f972-fbabcbe97b64,45177,37462,-87,1596525704414 01022022-f78f-0100-00d4-282544db6585,3351,2857,-92,1596525769182 1cd7412e-a3b1-4084-a538-d07975e147f4,44342,10700,-84,1596525658433 b5b182c7-eab1-4988-aa99-b5c1517008d9,1,9515,-92,1596525668855 00352ba6-6715-0f14-325a-5eb43ca01005,3352,51551,-72,1596525658679 0102202b-788f-0000-00ba-7d8ae44764c8,6441,55499,-78,1596525769370 b5b182c7-eab1-4988-aa99-b5c1517008d9,1,2860,-94,1596525658396 fda50693-a4e2-4fb1-afcf-c6eb07647825,10196,38624,-96,1596525723685 8c1c6494-028a-4127-ab85-8f589a082daf,39654,44366,-90,1596525664093 b5b182c7-eab1-4988-aa99-b5c1517008d9,1,53567,-83,1596525668946 b5b182c7-eab1-4988-aa99-b5c1517008d9,1,17230,-87,1596525669003 0013e4f6-bd3d-316e-3d1e-345942b3e4be,64824,18235,-75,1596525763381 0102202b-788f-0000-00dc-a08cf694ed80,51309,53295,-92,1596525744518 ea43594a-1652-4c0a-a396-ae4877d105f0,18413,52943,-96,1596525669391
1596525778664 0102200b-548f-0000-0024-b4250ebf3fa3,56460,8296,-88,1596525759538 01022022-f78f-0100-00fa-df77e8031326,11355,53649,-85,1596525778664 b5b182c7-eab1-4988-aa99-b5c1517008d9,1,45351,-93,1596525668695 01022022-f78f-0100-0092-b317e4b2b704,41512,24822,-97,1596525744067 00f511b6-8686-858f-f972-fbabcbe97b64,45177,37462,-87,1596525704414 01022022-f78f-0100-00d4-282544db6585,3351,2857,-92,1596525769182 1cd7412e-a3b1-4084-a538-d07975e147f4,44342,10700,-84,1596525658432 b5b182c7-eab1-4988-aa99-b5c1517008d9,1,9515,-92,1596525668854 00352ba6-6715-0f14-325a-5eb43ca01005,3352,51551,-72,1596525658678 0102202b-788f-0000-00ba-7d8ae44764c8,6441,55499,-78,1596525769370 b5b182c7-eab1-4988-aa99-b5c1517008d9,1,2860,-94,1596525658396 fda50693-a4e2-4fb1-afcf-c6eb07647825,10196,38624,-96,1596525723685 8c1c6494-028a-4127-ab85-8f589a082daf,39654,44366,-90,1596525664093 b5b182c7-eab1-4988-aa99-b5c1517008d9,1,53567,-83,1596525668946 b5b182c7-eab1-4988-aa99-b5c1517008d9,1,17230,-87,1596525669003 0013e4f6-bd3d-316e-3d1e-345942b3e4be,64824,18235,-75,1596525763381 0102202b-788f-0000-00dc-a08cf694ed80,51309,53295,-92,1596525744518 ea43594a-1652-4c0a-a396-ae4877d105f0,18413,52943,-96,1596525669391
1596525778936 004affea-1a7c-6a0c-5c2e-16040a27b51b,50574,44600,-77,1596525778936 0102200b-548f-0000-0024-b4250ebf3fa3,56460,8296,-88,1596525759538 01022022-f78f-0100-00fa-df77e8031326,11355,53649,-85,1596525778663 b5b182c7-eab1-4988-aa99-b5c1517008d9,1,45351,-93,1596525668694 01022022-f78f-0100-0092-b317e4b2b704,41512,24822,-97,1596525744066 00f511b6-8686-858f-f972-fbabcbe97b64,45177,37462,-87,1596525704413 01022022-f78f-0100-00d4-282544db6585,3351,2857,-92,1596525769182 1cd7412e-a3b1-4084-a538-d07975e147f4,44342,10700,-84,1596525658433 b5b182c7-eab1-4988-aa99-b5c1517008d9,1,9515,-92,1596525668855 00352ba6-6715-0f14-325a-5eb43ca01005,3352,51551,-72,1596525658679 0102202b-788f-0000-00ba-7d8ae44764c8,6441,55499,-78,1596525769370 b5b182c7-eab1-4988-aa99-b5c1517008d9,1,2860,-94,1596525658396 fda50693-a4e2-4fb1-afcf-c6eb07647825,10196,38624,-96,1596525723685 8c1c6494-028a-4127-ab85-8f589a082daf,39654,44366,-90,1596525664093 b5b182c7-eab1-4988-aa99-b5c1517008d9,1,53567,-83,1596525668946 b5b182c7-eab1-4988-aa99-b5c1517008d9,1,17230,-87,1596525669003 0013e4f6-bd3d-316e-3d1e-345942b3e4be,64824,18235,-75,1596525763381 0102202b-788f-0000-00dc-a08cf694ed80,51309,53295,-92,1596525744518 ea43594a-1652-4c0a-a396-ae4877d105f0,18413,52943,-96,1596525669391
1596525779040 004affea-1a7c-6a0c-5c2e-16040a27b51b,50574,44600,-77,1596525778936 0102200b-548f-0000-0024-b4250ebf3fa3,56460,8296,-88,1596525759538 01022022-f78f-0100-00fa-df77e8031326,11355,53649,-85,1596525779040 b5b182c7-eab1-4988-aa99-b5c1517008d9,1,45351,-93,1596525668695 01022022-f78f-0100-0092-b317e4b2b704,41512,24822,-97,1596525744067 00f511b6-8686-858f-f972-fbabcbe97b64,45177,37462,-87,1596525704414 01022022-f78f-0100-00d4-282544db6585,3351,2857,-92,1596525769182 1cd7412e-a3b1-4084-a538-d07975e147f4,44342,10700,-84,1596525658433 b5b182c7-eab1-4988-aa99-b5c1517008d9,1,9515,-92,1596525668855 00352ba6-6715-0f14-325a-5eb43ca01005,3352,51551,-72,1596525658679 0102202b-788f-0000-00ba-7d8ae44764c8,6441,55499,-78,1596525769370 b5b182c7-eab1-4988-aa99-b5c1517008d9,1,2860,-94,1596525658395 fda50693-a4e2-4fb1-afcf-c6eb07647825,10196,38624,-96,1596525723684 8c1c6494-028a-4127-ab85-8f589a082daf,39654,44366,-90,1596525664092 b5b182c7-eab1-4988-aa99-b5c1517008d9,1,53567,-83,1596525668946 b5b182c7-eab1-4988-aa99-b5c1517008d9,1,17230,-87,1596525669003 0013e4f6-bd3d-316e-3d1e-345942b3e4be,64824,18235,-75,1596525763381 0102202b-788f-0000-00dc-a08cf694ed80,51309,53295,-92,1596525744518 ea43594a-1652-4c0a-a396-ae4877d105f0,18413,52943,-96,1596525669391
1596525784292 004affea-1a7c-6a0c-5c2e-16040a27b51b,50574,44600,-77,1596525778936 0102200b-548f-0000-0024-b4250ebf3fa3,56460,8296,-88,1596525759538 01022022-f78f-0100-00fa-df77e8031326,11355,53649,-85,1596525779040 b5b182c7-eab1-4988-aa99-b5c1517008d9,1,45351,-93,1596525668695 01022022-f78f-0100-0092-b317e4b2b704,41512,24822,-97,1596525744067 00f511b6-8686-858f-f972-fbabcbe97b64,45177,37462,-87,1596525704414 01022022-f78f-0100-00d4-282544db6585,3351,2857,-92,1596525769182 1cd7412e-a3b1-4084-a538-d07975e147f4,44342,10700,-84,1596525658433 b5b182c7-eab1-4988-aa99-b5c1517008d9,1,9515,-92,1596525668855 00352ba6-6715-0f14-325a-5eb43ca01005,3352,51551,-72,1596525658679 0102202b-788f-0000-00ba-7d8ae44764c8,6441,55499,-78,1596525784292 b5b182c7-eab1-4988-aa99-b5c1517008d9,1,2860,-94,1596525658395 fda50693-a4e2-4fb1-afcf-c6eb07647825,10196,38624,-96,1596525723684 8c1c6494-028a-4127-ab85-8f589a082daf,39654,44366,-90,1596525664093 b5b182c7-eab1-4988-aa99-b5c1517008d9,1,53567,-83,1596525668946 b5b182c7-eab1-4988-aa99-b5c1517008d9,1,17230,-87,1596525669003 0013e4f6-bd3d-316e-3d1e-345942b3e4be,64824,18235,-75,1596525763381 0102202b-788f-0000-00dc-a08cf694ed80,51309,53295,-92,1596525744518 ea43594a-1652-4c0a-a396-ae4877d105f0,18413,52943,-96,1596525669391
1596525784381 004affea-1a7c-6a0c-5c2e-16040a27b51b,50574,44600,-77,1596525778936 0102200b-548f-0000-0024-b4250ebf3fa3,56460,8296,-88,1596525759538 01022022-f78f-0100-00fa-df77e8031326,11355,53649,-85,1596525779040 b5b182c7-eab1-4988-aa99-b5c1517008d9,1,45351,-93,1596525668695 01022022-f78f-0100-0092-b317e4b2b704,41512,24822,-97,1596525744067 00f511b6-8686-858f-f972-fbabcbe97b64,45177,37462,-87,1596525704414 01022022-f78f-0100-00d4-282544db6585,3351,2857,-92,1596525769182 1cd7412e-a3b1-4084-a538-d07975e147f4,44342,10700,-84,1596525658433 b5b182c7-eab1-4988-aa99-b5c1517008d9,1,9515,-92,1596525668855 0102200b-548f-0000-00e4-54557b3163f6,60038,44893,-94,1596525784381 00352ba6-6715-0f14-325a-5eb43ca01005,3352,51551,-72,1596525658679 0102202b-788f-0000-00ba-7d8ae44764c8,6441,55499,-78,1596525784292 b5b182c7-eab1-4988-aa99-b5c1517008d9,1,2860,-94,1596525658396 fda50693-a4e2-4fb1-afcf-c6eb07647825,10196,38624,-96,1596525723685 8c1c6494-028a-4127-ab85-8f589a082daf,39654,44366,-90,1596525664093 b5b182c7-eab1-4988-aa99-b5c1517008d9,1,53567,-83,1596525668946 b5b182c7-eab1-4988-aa99-b5c1517008d9,1,17230,-87,1596525669003 0013e4f6-bd3d-316e-3d1e-345942b3e4be,64824,18235,-75,1596525763381 0102202b-788f-0000-00dc-a08cf694ed80,51309,53295,-92,1596525744518 ea43594a-1652-4c0a-a396-ae4877d105f0,18413,52943,-96,1596525669391
1596525789399 004affea-1a7c-6a0c-5c2e-16040a27b51b,50574,44600,-77,1596525778935 0102200b-548f-0000-0024-b4250ebf3fa3,56460,8296,-88,1596525759537 01022022-f78f-0100-00fa-df77e8031326,11355,53649,-85,1596525779040 b5b182c7-eab1-4988-aa99-b5c1517008d9,1,45351,-93,1596525668695 01022022-f78f-0100-0092-b317e4b2b704,41512,24822,-97,1596525744067 00f511b6-8686-858f-f972-fbabcbe97b64,45177,37462,-87,1596525704414 01022022-f78f-0100-00d4-282544db6585,3351,2857,-92,1596525769182 1cd7412e-a3b1-4084-a538-d07975e147f4,44342,10700,-84,1596525658433 b5b182c7-eab1-4988-aa99-b5c1517008d9,1,9515,-92,1596525668855 0102200b-548f-0000-00e4-54557b3163f6,60038,44893,-94,1596525784381 00352ba6-6715-0f14-325a-5eb43ca01005,3352,51551,-72,1596525658679 0102202b-788f-0000-00ba-7d8ae44764c8,6441,55499,-78,1596525784292 b5b182c7-eab1-4988-aa99-b5c1517008d9,1,2860,-94,1596525658396 fda50693-a4e2-4fb1-afcf-c6eb07647825,10196,38624,-96,1596525723685 8c1c6494-028a-4127-ab85-8f589a082daf,39654,44366,-90,1596525664093 b5b182c7-eab1-4988-aa99-b5c1517008d9,1,53567,-83,1596525668946 b5b182c7-eab1-4988-aa99-b5c1517008d9,1,17230,-87,1596525669003 0013e4f6-bd3d-316e-3d1e-345942b3e4be,64824,18235,-75,1596525789399 0102202b-788f-0000-00dc-a08cf694ed80,51309,53295,-92,1596525744518 ea43594a-1652-4c0a-a396-ae4877d105f0,18413,52943,-96,1596525669391
1596525794325 004affea-1a7c-6a0c-5c2e-16040a27b51b,50574,44600,-77,1596525778936 0102200b-548f-0000-0024-b4250ebf3fa3,56460,8296,-88,1596525759538 01022022-f78f-0100-00fa-df77e8031326,11355,53649,-85,1596525779040 b5b182c7-eab1-4988-aa99-b5c1517008d9,1,45351,-93,1596525668695 01022022-f78f-0100-0092-b317e4b2b704,41512,24822,-97,1596525744067 00f511b6-8686-858f-f972-fbabcbe97b64,45177,37462,-87,1596525704414 01022022-f78f-0100-00d4-282544db6585,3351,2857,-92,1596525769182 1cd7412e-a3b1-4084-a538-d07975e147f4,44342,10700,-84,1596525658433 b5b182c7-eab1-4988-aa99-b5c1517008d9,1,9515,-92,1596525668855 0102200b-548f-0000-00e4-54557b3163f6,60038,44893,-94,1596525784381 00352ba6-6715-0f14-325a-5eb43ca01005,3352,51551,-72,1596525658679 0102202b-788f-0000-00ba-7d8ae44764c8,6441,55499,-78,1596525794325 b5b182c7-eab1-4988-aa99-b5c1517008d9,1,2860,-94,1596525658396 fda50693-a4e2-4fb1-afcf-c6eb07647825,10196,38624,-96,1596525723684 8c1c6494-028a-4127-ab85-8f589a082daf,39654,44366,-90,1596525664092 b5b182c7-eab1-4988-aa99-b5c1517008d9,1,53567,-83,1596525668946 b5b182c7-eab1-4988-aa99-b5c1517008d9,1,17230,-87,1596525669003 0013e4f6-bd3d-316e-3d1e-345942b3e4be,64824,18235,-75,1596525789399 0102202b-788f-0000-00dc-a08cf694ed80,51309,53295,-92,1596525744518 ea43594a-1652-4c0a-a396-ae4877d105f0,18413,52943,-96,1596525669391
