Started:Mtr_Klb_5572a8422e8a67cf_595_95_280_100_1596526309847
1596526339503 b5b182c7-eab1-4988-aa99-b5c1517008d9,1,4621,-83,1596526339504
1596526341861 b5b182c7-eab1-4988-aa99-b5c1517008d9,1,4621,-83,1596526339504 0102202b-658f-0200-00c3-696646ac3459,55723,6010,-100,1596526341861
1596526344456 b5b182c7-eab1-4988-aa99-b5c1517008d9,1,4621,-83,1596526339504 0102202b-658f-0200-00c3-696646ac3459,55723,6010,-100,1596526341861 01022022-f08f-0100-007c-ebf6f4a5c5a5,17166,31396,-94,1596526344456
1596526353703 b5b182c7-eab1-4988-aa99-b5c1517008d9,1,4621,-83,1596526339504 0102202b-658f-0200-00c3-696646ac3459,55723,6010,-100,1596526341861 01022022-f08f-0100-007c-ebf6f4a5c5a5,17166,31396,-94,1596526344456 8c1c6494-028a-4127-ab85-8f589a082daf,19240,26357,-94,1596526353703
1596526353789 b5b182c7-eab1-4988-aa99-b5c1517008d9,1,4621,-83,1596526339504 0102202b-658f-0200-00c3-696646ac3459,55723,6010,-100,1596526341861 01022022-f08f-0100-007c-ebf6f4a5c5a5,17166,31396,-94,1596526344456 b5b182c7-eab1-4988-aa99-b5c1517008d9,1,62127,-73,1596526353789 8c1c6494-028a-4127-ab85-8f589a082daf,19240,26357,-94,1596526353703
1596526353805 b5b182c7-eab1-4988-aa99-b5c1517008d9,1,4621,-83,1596526339504 0102202b-658f-0200-00c3-696646ac3459,55723,6010,-100,1596526341861 01022022-f08f-0100-007c-ebf6f4a5c5a5,17166,31396,-94,1596526344456 b5b182c7-eab1-4988-aa99-b5c1517008d9,1,62127,-73,1596526353789 b5b182c7-eab1-4988-aa99-b5c1517008d9,1,62351,-99,1596526353805 8c1c6494-028a-4127-ab85-8f589a082daf,19240,26357,-94,1596526353703
1596526353944 b5b182c7-eab1-4988-aa99-b5c1517008d9,1,4621,-83,1596526339504 0102202b-658f-0200-00c3-696646ac3459,55723,6010,-100,1596526341861 01022022-f08f-0100-007c-ebf6f4a5c5a5,17166,31396,-94,1596526353944 b5b182c7-eab1-4988-aa99-b5c1517008d9,1,62127,-73,1596526353789 b5b182c7-eab1-4988-aa99-b5c1517008d9,1,62351,-99,1596526353805 8c1c6494-028a-4127-ab85-8f589a082daf,19240,26357,-94,1596526353703
1596526354127 b5b182c7-eab1-4988-aa99-b5c1517008d9,1,4621,-83,1596526339504 0102202b-658f-0200-00c3-696646ac3459,55723,6010,-100,1596526341861 b5b182c7-eab1-4988-aa99-b5c1517008d9,1,32524,-74,1596526354127 01022022-f08f-0100-007c-ebf6f4a5c5a5,17166,31396,-94,1596526353944 b5b182c7-eab1-4988-aa99-b5c1517008d9,1,62127,-73,1596526353789 b5b182c7-eab1-4988-aa99-b5c1517008d9,1,62351,-99,1596526353805 8c1c6494-028a-4127-ab85-8f589a082daf,19240,26357,-94,1596526353703
1596526358549 b5b182c7-eab1-4988-aa99-b5c1517008d9,1,4621,-83,1596526339504 0102202b-658f-0200-00c3-696646ac3459,55723,6010,-100,1596526341860 fda50693-a4e2-4fb1-afcf-c6eb07647825,10196,38623,-96,1596526358549 b5b182c7-eab1-4988-aa99-b5c1517008d9,1,32524,-74,1596526354127 01022022-f08f-0100-007c-ebf6f4a5c5a5,17166,31396,-94,1596526353944 b5b182c7-eab1-4988-aa99-b5c1517008d9,1,62127,-73,1596526353789 b5b182c7-eab1-4988-aa99-b5c1517008d9,1,62351,-99,1596526353805 8c1c6494-028a-4127-ab85-8f589a082daf,19240,26357,-94,1596526353703
1596526358665 b5b182c7-eab1-4988-aa99-b5c1517008d9,1,4621,-83,1596526339504 0102202b-658f-0200-00c3-696646ac3459,55723,6010,-100,1596526341861 fda50693-a4e2-4fb1-afcf-c6eb07647825,10196,38623,-96,1596526358549 b5b182c7-eab1-4988-aa99-b5c1517008d9,1,32524,-74,1596526358665 01022022-f08f-0100-007c-ebf6f4a5c5a5,17166,31396,-94,1596526353944 b5b182c7-eab1-4988-aa99-b5c1517008d9,1,62127,-73,1596526353789 b5b182c7-eab1-4988-aa99-b5c1517008d9,1,62351,-99,1596526353805 8c1c6494-028a-4127-ab85-8f589a082daf,19240,26357,-94,1596526353703
1596526358836 b5b182c7-eab1-4988-aa99-b5c1517008d9,1,4621,-83,1596526339504 0102202b-658f-0200-00c3-696646ac3459,55723,6010,-100,1596526341860 fda50693-a4e2-4fb1-afcf-c6eb07647825,10196,38623,-96,1596526358549 b5b182c7-eab1-4988-aa99-b5c1517008d9,1,32524,-74,1596526358665 01022022-f08f-0100-007c-ebf6f4a5c5a5,17166,31396,-94,1596526353944 b5b182c7-eab1-4988-aa99-b5c1517008d9,1,62127,-73,1596526358836 b5b182c7-eab1-4988-aa99-b5c1517008d9,1,62351,-99,1596526353805 8c1c6494-028a-4127-ab85-8f589a082daf,19240,26357,-94,1596526353703
1596526359754 b5b182c7-eab1-4988-aa99-b5c1517008d9,1,4621,-83,1596526339504 0102202b-658f-0200-00c3-696646ac3459,55723,6010,-100,1596526341861 fda50693-a4e2-4fb1-afcf-c6eb07647825,10196,38623,-96,1596526358549 b5b182c7-eab1-4988-aa99-b5c1517008d9,1,32524,-74,1596526358664 0c807199-0767-4dd5-9d63-0acd75c0183f,47549,17693,-80,1596526359755 01022022-f08f-0100-007c-ebf6f4a5c5a5,17166,31396,-94,1596526353944 b5b182c7-eab1-4988-aa99-b5c1517008d9,1,62127,-73,1596526358836 b5b182c7-eab1-4988-aa99-b5c1517008d9,1,62351,-99,1596526353805 8c1c6494-028a-4127-ab85-8f589a082daf,19240,26357,-94,1596526353703
1596526363613 b5b182c7-eab1-4988-aa99-b5c1517008d9,1,4621,-83,1596526339504 0102202b-658f-0200-00c3-696646ac3459,55723,6010,-100,1596526341861 fda50693-a4e2-4fb1-afcf-c6eb07647825,10196,38623,-96,1596526358548 b5b182c7-eab1-4988-aa99-b5c1517008d9,1,32524,-74,1596526358665 0c807199-0767-4dd5-9d63-0acd75c0183f,47549,17693,-80,1596526359755 01022022-f08f-0100-007c-ebf6f4a5c5a5,17166,31396,-94,1596526363613 b5b182c7-eab1-4988-aa99-b5c1517008d9,1,62127,-73,1596526358836 b5b182c7-eab1-4988-aa99-b5c1517008d9,1,62351,-99,1596526353805 8c1c6494-028a-4127-ab85-8f589a082daf,19240,26357,-94,1596526353703
1596526363889 b5b182c7-eab1-4988-aa99-b5c1517008d9,1,4621,-83,1596526339504 0102202b-658f-0200-00c3-696646ac3459,55723,6010,-100,1596526363888 fda50693-a4e2-4fb1-afcf-c6eb07647825,10196,38623,-96,1596526358549 b5b182c7-eab1-4988-aa99-b5c1517008d9,1,32524,-74,1596526358665 0c807199-0767-4dd5-9d63-0acd75c0183f,47549,17693,-80,1596526359755 01022022-f08f-0100-007c-ebf6f4a5c5a5,17166,31396,-94,1596526363613 b5b182c7-eab1-4988-aa99-b5c1517008d9,1,62127,-73,1596526358836 b5b182c7-eab1-4988-aa99-b5c1517008d9,1,62351,-99,1596526353805 8c1c6494-028a-4127-ab85-8f589a082daf,19240,26357,-94,1596526353702
1596526363913 b5b182c7-eab1-4988-aa99-b5c1517008d9,1,4621,-83,1596526339504 0102202b-658f-0200-00c3-696646ac3459,55723,6010,-100,1596526363889 fda50693-a4e2-4fb1-afcf-c6eb07647825,10196,38623,-96,1596526358549 b5b182c7-eab1-4988-aa99-b5c1517008d9,1,32524,-74,1596526358665 0c807199-0767-4dd5-9d63-0acd75c0183f,47549,17693,-80,1596526359755 01022022-f08f-0100-007c-ebf6f4a5c5a5,17166,31396,-94,1596526363613 b5b182c7-eab1-4988-aa99-b5c1517008d9,1,62127,-73,1596526363913 b5b182c7-eab1-4988-aa99-b5c1517008d9,1,62351,-99,1596526353805 8c1c6494-028a-4127-ab85-8f589a082daf,19240,26357,-94,1596526353703
1596526363993 b5b182c7-eab1-4988-aa99-b5c1517008d9,1,4621,-83,1596526339503 0102202b-658f-0200-00c3-696646ac3459,55723,6010,-100,1596526363889 fda50693-a4e2-4fb1-afcf-c6eb07647825,10196,38623,-96,1596526358549 b5b182c7-eab1-4988-aa99-b5c1517008d9,1,32524,-74,1596526358665 0c807199-0767-4dd5-9d63-0acd75c0183f,47549,17693,-80,1596526359755 01022022-f08f-0100-007c-ebf6f4a5c5a5,17166,31396,-94,1596526363993 b5b182c7-eab1-4988-aa99-b5c1517008d9,1,62127,-73,1596526363913 b5b182c7-eab1-4988-aa99-b5c1517008d9,1,62351,-99,1596526353804 8c1c6494-028a-4127-ab85-8f589a082daf,19240,26357,-94,1596526353703
1596526364174 b5b182c7-eab1-4988-aa99-b5c1517008d9,1,4621,-83,1596526339504 0102202b-658f-0200-00c3-696646ac3459,55723,6010,-100,1596526363889 fda50693-a4e2-4fb1-afcf-c6eb07647825,10196,38623,-96,1596526358549 b5b182c7-eab1-4988-aa99-b5c1517008d9,1,32524,-74,1596526358665 0c807199-0767-4dd5-9d63-0acd75c0183f,47549,17693,-80,1596526359755 01022022-f08f-0100-007c-ebf6f4a5c5a5,17166,31396,-94,1596526364174 b5b182c7-eab1-4988-aa99-b5c1517008d9,1,62127,-73,1596526363913 b5b182c7-eab1-4988-aa99-b5c1517008d9,1,62351,-99,1596526353805 8c1c6494-028a-4127-ab85-8f589a082daf,19240,26357,-94,1596526353703
1596526364219 b5b182c7-eab1-4988-aa99-b5c1517008d9,1,4621,-83,1596526339504 0102202b-658f-0200-00c3-696646ac3459,55723,6010,-100,1596526363889 fda50693-a4e2-4fb1-afcf-c6eb07647825,10196,38623,-96,1596526358549 b5b182c7-eab1-4988-aa99-b5c1517008d9,1,32524,-74,1596526364218 0c807199-0767-4dd5-9d63-0acd75c0183f,47549,17693,-80,1596526359754 01022022-f08f-0100-007c-ebf6f4a5c5a5,17166,31396,-94,1596526364174 b5b182c7-eab1-4988-aa99-b5c1517008d9,1,62127,-73,1596526363913 b5b182c7-eab1-4988-aa99-b5c1517008d9,1,62351,-99,1596526353805 8c1c6494-028a-4127-ab85-8f589a082daf,19240,26357,-94,1596526353703
1596526364358 b5b182c7-eab1-4988-aa99-b5c1517008d9,1,4621,-83,1596526339503 0102202b-658f-0200-00c3-696646ac3459,55723,6010,-100,1596526363889 fda50693-a4e2-4fb1-afcf-c6eb07647825,10196,38623,-96,1596526358549 b5b182c7-eab1-4988-aa99-b5c1517008d9,1,32524,-74,1596526364219 0c807199-0767-4dd5-9d63-0acd75c0183f,47549,17693,-80,1596526359755 01022022-f08f-0100-007c-ebf6f4a5c5a5,17166,31396,-94,1596526364358 b5b182c7-eab1-4988-aa99-b5c1517008d9,1,62127,-73,1596526363913 b5b182c7-eab1-4988-aa99-b5c1517008d9,1,62351,-99,1596526353805 8c1c6494-028a-4127-ab85-8f589a082daf,19240,26357,-94,1596526353702
1596526369053 b5b182c7-eab1-4988-aa99-b5c1517008d9,1,4621,-83,1596526339504 0102202b-658f-0200-00c3-696646ac3459,55723,6010,-100,1596526363888 fda50693-a4e2-4fb1-afcf-c6eb07647825,10196,38623,-96,1596526358549 b5b182c7-eab1-4988-aa99-b5c1517008d9,1,32524,-74,1596526364219 0c807199-0767-4dd5-9d63-0acd75c0183f,47549,17693,-80,1596526359755 1cd7412e-a3b1-4084-a538-d07975e147f4,567,20585,-93,1596526369053 01022022-f08f-0100-007c-ebf6f4a5c5a5,17166,31396,-94,1596526364358 b5b182c7-eab1-4988-aa99-b5c1517008d9,1,62127,-73,1596526363913 b5b182c7-eab1-4988-aa99-b5c1517008d9,1,62351,-99,1596526353805 8c1c6494-028a-4127-ab85-8f589a082daf,19240,26357,-94,1596526353703
1596526373940 b5b182c7-eab1-4988-aa99-b5c1517008d9,1,4621,-83,1596526339504 b5b182c7-eab1-4988-aa99-b5c1517008d9,1,40139,-85,1596526373940 0102202b-658f-0200-00c3-696646ac3459,55723,6010,-100,1596526363889 fda50693-a4e2-4fb1-afcf-c6eb07647825,10196,38623,-96,1596526358549 b5b182c7-eab1-4988-aa99-b5c1517008d9,1,32524,-74,1596526364219 0c807199-0767-4dd5-9d63-0acd75c0183f,47549,17693,-80,1596526359755 1cd7412e-a3b1-4084-a538-d07975e147f4,567,20585,-93,1596526369053 01022022-f08f-0100-007c-ebf6f4a5c5a5,17166,31396,-94,1596526364358 b5b182c7-eab1-4988-aa99-b5c1517008d9,1,62127,-73,1596526363913 b5b182c7-eab1-4988-aa99-b5c1517008d9,1,62351,-99,1596526353804 8c1c6494-028a-4127-ab85-8f589a082daf,19240,26357,-94,1596526353703
1596526379031 b5b182c7-eab1-4988-aa99-b5c1517008d9,1,4621,-83,1596526339503 b5b182c7-eab1-4988-aa99-b5c1517008d9,1,40139,-85,1596526373940 0102202b-658f-0200-00c3-696646ac3459,55723,6010,-100,1596526363889 fda50693-a4e2-4fb1-afcf-c6eb07647825,10196,38623,-96,1596526358549 b5b182c7-eab1-4988-aa99-b5c1517008d9,1,32524,-74,1596526364219 0c807199-0767-4dd5-9d63-0acd75c0183f,47549,17693,-80,1596526359755 1cd7412e-a3b1-4084-a538-d07975e147f4,567,20585,-93,1596526369053 01022022-f08f-0100-007c-ebf6f4a5c5a5,17166,31396,-94,1596526364358 b5b182c7-eab1-4988-aa99-b5c1517008d9,1,62127,-73,1596526379031 b5b182c7-eab1-4988-aa99-b5c1517008d9,1,62351,-99,1596526353804 8c1c6494-028a-4127-ab85-8f589a082daf,19240,26357,-94,1596526353703
1596526379493 b5b182c7-eab1-4988-aa99-b5c1517008d9,1,4621,-83,1596526339503 b5b182c7-eab1-4988-aa99-b5c1517008d9,1,40139,-85,1596526379492 0102202b-658f-0200-00c3-696646ac3459,55723,6010,-100,1596526363889 fda50693-a4e2-4fb1-afcf-c6eb07647825,10196,38623,-96,1596526358549 b5b182c7-eab1-4988-aa99-b5c1517008d9,1,32524,-74,1596526364219 0c807199-0767-4dd5-9d63-0acd75c0183f,47549,17693,-80,1596526359755 1cd7412e-a3b1-4084-a538-d07975e147f4,567,20585,-93,1596526369053 01022022-f08f-0100-007c-ebf6f4a5c5a5,17166,31396,-94,1596526364358 b5b182c7-eab1-4988-aa99-b5c1517008d9,1,62127,-73,1596526379031 b5b182c7-eab1-4988-aa99-b5c1517008d9,1,62351,-99,1596526353805 8c1c6494-028a-4127-ab85-8f589a082daf,19240,26357,-94,1596526353703
1596526384137 b5b182c7-eab1-4988-aa99-b5c1517008d9,1,4621,-83,1596526339504 b5b182c7-eab1-4988-aa99-b5c1517008d9,1,40139,-85,1596526379493 0102202b-658f-0200-00c3-696646ac3459,55723,6010,-100,1596526363889 fda50693-a4e2-4fb1-afcf-c6eb07647825,10196,38623,-96,1596526358549 b5b182c7-eab1-4988-aa99-b5c1517008d9,1,32524,-74,1596526364219 0c807199-0767-4dd5-9d63-0acd75c0183f,47549,17693,-80,1596526359755 1cd7412e-a3b1-4084-a538-d07975e147f4,567,20585,-93,1596526369053 01022022-f08f-0100-007c-ebf6f4a5c5a5,17166,31396,-94,1596526384137 b5b182c7-eab1-4988-aa99-b5c1517008d9,1,62127,-73,1596526379031 b5b182c7-eab1-4988-aa99-b5c1517008d9,1,62351,-99,1596526353805 8c1c6494-028a-4127-ab85-8f589a082daf,19240,26357,-94,1596526353703
1596526389510 b5b182c7-eab1-4988-aa99-b5c1517008d9,1,4621,-83,1596526339504 00de94fe-09d2-cc91-0ceb-ebd8bbd91005,24,12128,-81,1596526389510 b5b182c7-eab1-4988-aa99-b5c1517008d9,1,40139,-85,1596526379493 0102202b-658f-0200-00c3-696646ac3459,55723,6010,-100,1596526363889 fda50693-a4e2-4fb1-afcf-c6eb07647825,10196,38623,-96,1596526358549 b5b182c7-eab1-4988-aa99-b5c1517008d9,1,32524,-74,1596526364219 0c807199-0767-4dd5-9d63-0acd75c0183f,47549,17693,-80,1596526359755 1cd7412e-a3b1-4084-a538-d07975e147f4,567,20585,-93,1596526369053 01022022-f08f-0100-007c-ebf6f4a5c5a5,17166,31396,-94,1596526384136 b5b182c7-eab1-4988-aa99-b5c1517008d9,1,62127,-73,1596526379031 b5b182c7-eab1-4988-aa99-b5c1517008d9,1,62351,-99,1596526353805 8c1c6494-028a-4127-ab85-8f589a082daf,19240,26357,-94,1596526353703
1596526394540 00de94fe-09d2-cc91-0ceb-ebd8bbd91005,24,12128,-81,1596526389510 b5b182c7-eab1-4988-aa99-b5c1517008d9,1,40139,-85,1596526379493 0102202b-658f-0200-00c3-696646ac3459,55723,6010,-100,1596526363889 b5b182c7-eab1-4988-aa99-b5c1517008d9,1,32524,-74,1596526364219 b5b182c7-eab1-4988-aa99-b5c1517008d9,1,62127,-73,1596526379030 b5b182c7-eab1-4988-aa99-b5c1517008d9,1,62351,-99,1596526353805 b5b182c7-eab1-4988-aa99-b5c1517008d9,1,4621,-83,1596526339504 fda50693-a4e2-4fb1-afcf-c6eb07647825,10196,38623,-96,1596526358549 0c807199-0767-4dd5-9d63-0acd75c0183f,47549,17693,-80,1596526359755 1cd7412e-a3b1-4084-a538-d07975e147f4,567,20585,-93,1596526369053 01022022-f08f-0100-007c-ebf6f4a5c5a5,17166,31396,-94,1596526384137 8c1c6494-028a-4127-ab85-8f589a082daf,19240,26357,-94,1596526353703 b5b182c7-eab1-4988-aa99-b5c1517008d9,1,36790,-92,1596526394540
1596526403311 00de94fe-09d2-cc91-0ceb-ebd8bbd91005,24,12128,-81,1596526389510 b5b182c7-eab1-4988-aa99-b5c1517008d9,1,40139,-85,1596526379493 0102202b-658f-0200-00c3-696646ac3459,55723,6010,-100,1596526363889 b5b182c7-eab1-4988-aa99-b5c1517008d9,1,32524,-74,1596526364219 b5b182c7-eab1-4988-aa99-b5c1517008d9,1,62127,-73,1596526379031 b5b182c7-eab1-4988-aa99-b5c1517008d9,1,62351,-99,1596526353804 b5b182c7-eab1-4988-aa99-b5c1517008d9,1,4621,-83,1596526339503 fda50693-a4e2-4fb1-afcf-c6eb07647825,10196,38623,-96,1596526358549 01022022-f08f-0100-005e-32bb543ed2c3,24556,56505,-102,1596526403311 0c807199-0767-4dd5-9d63-0acd75c0183f,47549,17693,-80,1596526359755 1cd7412e-a3b1-4084-a538-d07975e147f4,567,20585,-93,1596526369053 01022022-f08f-0100-007c-ebf6f4a5c5a5,17166,31396,-94,1596526384137 8c1c6494-028a-4127-ab85-8f589a082daf,19240,26357,-94,1596526353703 b5b182c7-eab1-4988-aa99-b5c1517008d9,1,36790,-92,1596526394540
1596526403354 00de94fe-09d2-cc91-0ceb-ebd8bbd91005,24,12128,-81,1596526389510 b5b182c7-eab1-4988-aa99-b5c1517008d9,1,40139,-85,1596526379493 0102202b-658f-0200-00c3-696646ac3459,55723,6010,-100,1596526363889 b5b182c7-eab1-4988-aa99-b5c1517008d9,1,32524,-74,1596526364219 b5b182c7-eab1-4988-aa99-b5c1517008d9,1,40336,-90,1596526403354 b5b182c7-eab1-4988-aa99-b5c1517008d9,1,62127,-73,1596526379031 b5b182c7-eab1-4988-aa99-b5c1517008d9,1,62351,-99,1596526353805 b5b182c7-eab1-4988-aa99-b5c1517008d9,1,4621,-83,1596526339504 fda50693-a4e2-4fb1-afcf-c6eb07647825,10196,38623,-96,1596526358549 01022022-f08f-0100-005e-32bb543ed2c3,24556,56505,-102,1596526403311 0c807199-0767-4dd5-9d63-0acd75c0183f,47549,17693,-80,1596526359755 1cd7412e-a3b1-4084-a538-d07975e147f4,567,20585,-93,1596526369053 01022022-f08f-0100-007c-ebf6f4a5c5a5,17166,31396,-94,1596526384137 8c1c6494-028a-4127-ab85-8f589a082daf,19240,26357,-94,1596526353703 b5b182c7-eab1-4988-aa99-b5c1517008d9,1,36790,-92,1596526394539
1596526403442 00de94fe-09d2-cc91-0ceb-ebd8bbd91005,24,12128,-81,1596526389510 b5b182c7-eab1-4988-aa99-b5c1517008d9,1,40139,-85,1596526379493 0102202b-658f-0200-00c3-696646ac3459,55723,6010,-100,1596526363889 b5b182c7-eab1-4988-aa99-b5c1517008d9,1,32524,-74,1596526364219 b5b182c7-eab1-4988-aa99-b5c1517008d9,1,40336,-90,1596526403354 b5b182c7-eab1-4988-aa99-b5c1517008d9,1,62127,-73,1596526379031 b5b182c7-eab1-4988-aa99-b5c1517008d9,1,62351,-99,1596526353805 b5b182c7-eab1-4988-aa99-b5c1517008d9,1,4621,-83,1596526339504 fda50693-a4e2-4fb1-afcf-c6eb07647825,10196,38623,-96,1596526358549 01022022-f08f-0100-005e-32bb543ed2c3,24556,56505,-102,1596526403311 0c807199-0767-4dd5-9d63-0acd75c0183f,47549,17693,-80,1596526359755 1cd7412e-a3b1-4084-a538-d07975e147f4,567,20585,-93,1596526369053 01022022-f08f-0100-007c-ebf6f4a5c5a5,17166,31396,-94,1596526384137 8c1c6494-028a-4127-ab85-8f589a082daf,19240,26357,-94,1596526353702 b5b182c7-eab1-4988-aa99-b5c1517008d9,1,12429,-78,1596526403443 b5b182c7-eab1-4988-aa99-b5c1517008d9,1,36790,-92,1596526394540
1596526403460 00de94fe-09d2-cc91-0ceb-ebd8bbd91005,24,12128,-81,1596526389510 b5b182c7-eab1-4988-aa99-b5c1517008d9,1,40139,-85,1596526379493 0102200b-998f-0100-005f-077d89cdf330,25140,8038,-94,1596526403460 0102202b-658f-0200-00c3-696646ac3459,55723,6010,-100,1596526363889 b5b182c7-eab1-4988-aa99-b5c1517008d9,1,32524,-74,1596526364219 b5b182c7-eab1-4988-aa99-b5c1517008d9,1,40336,-90,1596526403354 b5b182c7-eab1-4988-aa99-b5c1517008d9,1,62127,-73,1596526379031 b5b182c7-eab1-4988-aa99-b5c1517008d9,1,62351,-99,1596526353805 b5b182c7-eab1-4988-aa99-b5c1517008d9,1,4621,-83,1596526339504 fda50693-a4e2-4fb1-afcf-c6eb07647825,10196,38623,-96,1596526358548 01022022-f08f-0100-005e-32bb543ed2c3,24556,56505,-102,1596526403311 0c807199-0767-4dd5-9d63-0acd75c0183f,47549,17693,-80,1596526359755 1cd7412e-a3b1-4084-a538-d07975e147f4,567,20585,-93,1596526369053 01022022-f08f-0100-007c-ebf6f4a5c5a5,17166,31396,-94,1596526384137 8c1c6494-028a-4127-ab85-8f589a082daf,19240,26357,-94,1596526353703 b5b182c7-eab1-4988-aa99-b5c1517008d9,1,12429,-78,1596526403443 b5b182c7-eab1-4988-aa99-b5c1517008d9,1,36790,-92,1596526394540
1596526403603 00de94fe-09d2-cc91-0ceb-ebd8bbd91005,24,12128,-81,1596526389510 b5b182c7-eab1-4988-aa99-b5c1517008d9,1,40139,-85,1596526379493 0102200b-998f-0100-005f-077d89cdf330,25140,8038,-94,1596526403460 0102202b-658f-0200-00c3-696646ac3459,55723,6010,-100,1596526363889 b5b182c7-eab1-4988-aa99-b5c1517008d9,1,32524,-74,1596526364219 b5b182c7-eab1-4988-aa99-b5c1517008d9,1,40336,-90,1596526403354 b5b182c7-eab1-4988-aa99-b5c1517008d9,1,48946,-98,1596526403603 b5b182c7-eab1-4988-aa99-b5c1517008d9,1,62127,-73,1596526379031 b5b182c7-eab1-4988-aa99-b5c1517008d9,1,62351,-99,1596526353804 b5b182c7-eab1-4988-aa99-b5c1517008d9,1,4621,-83,1596526339504 fda50693-a4e2-4fb1-afcf-c6eb07647825,10196,38623,-96,1596526358549 01022022-f08f-0100-005e-32bb543ed2c3,24556,56505,-102,1596526403310 0c807199-0767-4dd5-9d63-0acd75c0183f,47549,17693,-80,1596526359755 1cd7412e-a3b1-4084-a538-d07975e147f4,567,20585,-93,1596526369053 01022022-f08f-0100-007c-ebf6f4a5c5a5,17166,31396,-94,1596526384137 8c1c6494-028a-4127-ab85-8f589a082daf,19240,26357,-94,1596526353703 b5b182c7-eab1-4988-aa99-b5c1517008d9,1,12429,-78,1596526403442 b5b182c7-eab1-4988-aa99-b5c1517008d9,1,36790,-92,1596526394540
1596526403781 b5b182c7-eab1-4988-aa99-b5c1517008d9,1,32561,-103,1596526403782 00de94fe-09d2-cc91-0ceb-ebd8bbd91005,24,12128,-81,1596526389510 b5b182c7-eab1-4988-aa99-b5c1517008d9,1,40139,-85,1596526379493 0102200b-998f-0100-005f-077d89cdf330,25140,8038,-94,1596526403460 0102202b-658f-0200-00c3-696646ac3459,55723,6010,-100,1596526363889 b5b182c7-eab1-4988-aa99-b5c1517008d9,1,32524,-74,1596526364219 b5b182c7-eab1-4988-aa99-b5c1517008d9,1,40336,-90,1596526403354 b5b182c7-eab1-4988-aa99-b5c1517008d9,1,48946,-98,1596526403603 b5b182c7-eab1-4988-aa99-b5c1517008d9,1,62127,-73,1596526379031 b5b182c7-eab1-4988-aa99-b5c1517008d9,1,62351,-99,1596526353805 b5b182c7-eab1-4988-aa99-b5c1517008d9,1,4621,-83,1596526339503 fda50693-a4e2-4fb1-afcf-c6eb07647825,10196,38623,-96,1596526358549 01022022-f08f-0100-005e-32bb543ed2c3,24556,56505,-102,1596526403311 0c807199-0767-4dd5-9d63-0acd75c0183f,47549,17693,-80,1596526359755 1cd7412e-a3b1-4084-a538-d07975e147f4,567,20585,-93,1596526369053 01022022-f08f-0100-007c-ebf6f4a5c5a5,17166,31396,-94,1596526384137 8c1c6494-028a-4127-ab85-8f589a082daf,19240,26357,-94,1596526353703 b5b182c7-eab1-4988-aa99-b5c1517008d9,1,12429,-78,1596526403443 b5b182c7-eab1-4988-aa99-b5c1517008d9,1,36790,-92,1596526394540
1596526404017 b5b182c7-eab1-4988-aa99-b5c1517008d9,1,32561,-103,1596526403782 00de94fe-09d2-cc91-0ceb-ebd8bbd91005,24,12128,-81,1596526389510 b5b182c7-eab1-4988-aa99-b5c1517008d9,1,40139,-85,1596526379493 0102200b-998f-0100-005f-077d89cdf330,25140,8038,-94,1596526404017 0102202b-658f-0200-00c3-696646ac3459,55723,6010,-100,1596526363889 b5b182c7-eab1-4988-aa99-b5c1517008d9,1,32524,-74,1596526364219 b5b182c7-eab1-4988-aa99-b5c1517008d9,1,40336,-90,1596526403354 b5b182c7-eab1-4988-aa99-b5c1517008d9,1,48946,-98,1596526403602 b5b182c7-eab1-4988-aa99-b5c1517008d9,1,62127,-73,1596526379031 b5b182c7-eab1-4988-aa99-b5c1517008d9,1,62351,-99,1596526353805 b5b182c7-eab1-4988-aa99-b5c1517008d9,1,4621,-83,1596526339503 fda50693-a4e2-4fb1-afcf-c6eb07647825,10196,38623,-96,1596526358549 01022022-f08f-0100-005e-32bb543ed2c3,24556,56505,-102,1596526403311 0c807199-0767-4dd5-9d63-0acd75c0183f,47549,17693,-80,1596526359755 1cd7412e-a3b1-4084-a538-d07975e147f4,567,20585,-93,1596526369053 01022022-f08f-0100-007c-ebf6f4a5c5a5,17166,31396,-94,1596526384137 8c1c6494-028a-4127-ab85-8f589a082daf,19240,26357,-94,1596526353703 b5b182c7-eab1-4988-aa99-b5c1517008d9,1,12429,-78,1596526403443 b5b182c7-eab1-4988-aa99-b5c1517008d9,1,36790,-92,1596526394540
1596526404396 b5b182c7-eab1-4988-aa99-b5c1517008d9,1,32561,-103,1596526403782 00de94fe-09d2-cc91-0ceb-ebd8bbd91005,24,12128,-81,1596526389510 b5b182c7-eab1-4988-aa99-b5c1517008d9,1,40139,-85,1596526379493 0102200b-998f-0100-005f-077d89cdf330,25140,8038,-94,1596526404396 0102202b-658f-0200-00c3-696646ac3459,55723,6010,-100,1596526363889 b5b182c7-eab1-4988-aa99-b5c1517008d9,1,32524,-74,1596526364219 b5b182c7-eab1-4988-aa99-b5c1517008d9,1,40336,-90,1596526403354 b5b182c7-eab1-4988-aa99-b5c1517008d9,1,48946,-98,1596526403603 b5b182c7-eab1-4988-aa99-b5c1517008d9,1,62127,-73,1596526379031 b5b182c7-eab1-4988-aa99-b5c1517008d9,1,62351,-99,1596526353805 b5b182c7-eab1-4988-aa99-b5c1517008d9,1,4621,-83,1596526339504 fda50693-a4e2-4fb1-afcf-c6eb07647825,10196,38623,-96,1596526358549 01022022-f08f-0100-005e-32bb543ed2c3,24556,56505,-102,1596526403310 0c807199-0767-4dd5-9d63-0acd75c0183f,47549,17693,-80,1596526359755 1cd7412e-a3b1-4084-a538-d07975e147f4,567,20585,-93,1596526369053 01022022-f08f-0100-007c-ebf6f4a5c5a5,17166,31396,-94,1596526384137 8c1c6494-028a-4127-ab85-8f589a082daf,19240,26357,-94,1596526353703 b5b182c7-eab1-4988-aa99-b5c1517008d9,1,12429,-78,1596526403443 b5b182c7-eab1-4988-aa99-b5c1517008d9,1,36790,-92,1596526394540
1596526404400 b5b182c7-eab1-4988-aa99-b5c1517008d9,1,32561,-103,1596526404400 00de94fe-09d2-cc91-0ceb-ebd8bbd91005,24,12128,-81,1596526389510 b5b182c7-eab1-4988-aa99-b5c1517008d9,1,40139,-85,1596526379493 0102200b-998f-0100-005f-077d89cdf330,25140,8038,-94,1596526404396 0102202b-658f-0200-00c3-696646ac3459,55723,6010,-100,1596526363888 b5b182c7-eab1-4988-aa99-b5c1517008d9,1,32524,-74,1596526364218 b5b182c7-eab1-4988-aa99-b5c1517008d9,1,40336,-90,1596526403353 b5b182c7-eab1-4988-aa99-b5c1517008d9,1,48946,-98,1596526403603 b5b182c7-eab1-4988-aa99-b5c1517008d9,1,62127,-73,1596526379031 b5b182c7-eab1-4988-aa99-b5c1517008d9,1,62351,-99,1596526353805 b5b182c7-eab1-4988-aa99-b5c1517008d9,1,4621,-83,1596526339504 fda50693-a4e2-4fb1-afcf-c6eb07647825,10196,38623,-96,1596526358549 01022022-f08f-0100-005e-32bb543ed2c3,24556,56505,-102,1596526403311 0c807199-0767-4dd5-9d63-0acd75c0183f,47549,17693,-80,1596526359755 1cd7412e-a3b1-4084-a538-d07975e147f4,567,20585,-93,1596526369053 01022022-f08f-0100-007c-ebf6f4a5c5a5,17166,31396,-94,1596526384137 8c1c6494-028a-4127-ab85-8f589a082daf,19240,26357,-94,1596526353703 b5b182c7-eab1-4988-aa99-b5c1517008d9,1,12429,-78,1596526403443 b5b182c7-eab1-4988-aa99-b5c1517008d9,1,36790,-92,1596526394540
1596526404450 b5b182c7-eab1-4988-aa99-b5c1517008d9,1,32561,-103,1596526404400 00de94fe-09d2-cc91-0ceb-ebd8bbd91005,24,12128,-81,1596526389510 b5b182c7-eab1-4988-aa99-b5c1517008d9,1,40139,-85,1596526379493 0102200b-998f-0100-005f-077d89cdf330,25140,8038,-94,1596526404396 0102202b-658f-0200-00c3-696646ac3459,55723,6010,-100,1596526363889 b5b182c7-eab1-4988-aa99-b5c1517008d9,1,32524,-74,1596526364219 b5b182c7-eab1-4988-aa99-b5c1517008d9,1,40336,-90,1596526403354 b5b182c7-eab1-4988-aa99-b5c1517008d9,1,48946,-98,1596526403603 b5b182c7-eab1-4988-aa99-b5c1517008d9,1,62127,-73,1596526379031 b5b182c7-eab1-4988-aa99-b5c1517008d9,1,62351,-99,1596526353805 b5b182c7-eab1-4988-aa99-b5c1517008d9,1,4621,-83,1596526339504 fda50693-a4e2-4fb1-afcf-c6eb07647825,10196,38623,-96,1596526358549 01022022-f08f-0100-005e-32bb543ed2c3,24556,56505,-102,1596526403311 0c807199-0767-4dd5-9d63-0acd75c0183f,47549,17693,-80,1596526359755 1cd7412e-a3b1-4084-a538-d07975e147f4,567,20585,-93,1596526369053 01022022-f08f-0100-007c-ebf6f4a5c5a5,17166,31396,-94,1596526384137 8c1c6494-028a-4127-ab85-8f589a082daf,19240,26357,-94,1596526353703 b5b182c7-eab1-4988-aa99-b5c1517008d9,1,12429,-78,1596526404450 b5b182c7-eab1-4988-aa99-b5c1517008d9,1,36790,-92,1596526394540
1596526404501 b5b182c7-eab1-4988-aa99-b5c1517008d9,1,32561,-103,1596526404501 00de94fe-09d2-cc91-0ceb-ebd8bbd91005,24,12128,-81,1596526389510 b5b182c7-eab1-4988-aa99-b5c1517008d9,1,40139,-85,1596526379493 0102200b-998f-0100-005f-077d89cdf330,25140,8038,-94,1596526404396 0102202b-658f-0200-00c3-696646ac3459,55723,6010,-100,1596526363889 b5b182c7-eab1-4988-aa99-b5c1517008d9,1,32524,-74,1596526364219 b5b182c7-eab1-4988-aa99-b5c1517008d9,1,40336,-90,1596526403354 b5b182c7-eab1-4988-aa99-b5c1517008d9,1,48946,-98,1596526403603 b5b182c7-eab1-4988-aa99-b5c1517008d9,1,62127,-73,1596526379031 b5b182c7-eab1-4988-aa99-b5c1517008d9,1,62351,-99,1596526353805 b5b182c7-eab1-4988-aa99-b5c1517008d9,1,4621,-83,1596526339504 fda50693-a4e2-4fb1-afcf-c6eb07647825,10196,38623,-96,1596526358549 01022022-f08f-0100-005e-32bb543ed2c3,24556,56505,-102,1596526403310 0c807199-0767-4dd5-9d63-0acd75c0183f,47549,17693,-80,1596526359754 1cd7412e-a3b1-4084-a538-d07975e147f4,567,20585,-93,1596526369053 01022022-f08f-0100-007c-ebf6f4a5c5a5,17166,31396,-94,1596526384137 8c1c6494-028a-4127-ab85-8f589a082daf,19240,26357,-94,1596526353703 b5b182c7-eab1-4988-aa99-b5c1517008d9,1,12429,-78,1596526404450 b5b182c7-eab1-4988-aa99-b5c1517008d9,1,36790,-92,1596526394540
1596526405864 b5b182c7-eab1-4988-aa99-b5c1517008d9,1,32561,-103,1596526404501 00de94fe-09d2-cc91-0ceb-ebd8bbd91005,24,12128,-81,1596526389510 b5b182c7-eab1-4988-aa99-b5c1517008d9,1,40139,-85,1596526379493 0102200b-998f-0100-005f-077d89cdf330,25140,8038,-94,1596526404396 0102202b-658f-0200-00c3-696646ac3459,55723,6010,-100,1596526363889 b5b182c7-eab1-4988-aa99-b5c1517008d9,1,32524,-74,1596526364219 b5b182c7-eab1-4988-aa99-b5c1517008d9,1,40336,-90,1596526403354 b5b182c7-eab1-4988-aa99-b5c1517008d9,1,48946,-98,1596526403603 b5b182c7-eab1-4988-aa99-b5c1517008d9,1,62127,-73,1596526379031 b5b182c7-eab1-4988-aa99-b5c1517008d9,1,62351,-99,1596526353805 b5b182c7-eab1-4988-aa99-b5c1517008d9,1,7223,-94,1596526405864 b5b182c7-eab1-4988-aa99-b5c1517008d9,1,4621,-83,1596526339504 fda50693-a4e2-4fb1-afcf-c6eb07647825,10196,38623,-96,1596526358549 01022022-f08f-0100-005e-32bb543ed2c3,24556,56505,-102,1596526403311 0c807199-0767-4dd5-9d63-0acd75c0183f,47549,17693,-80,1596526359755 1cd7412e-a3b1-4084-a538-d07975e147f4,567,20585,-93,1596526369053 01022022-f08f-0100-007c-ebf6f4a5c5a5,17166,31396,-94,1596526384137 8c1c6494-028a-4127-ab85-8f589a082daf,19240,26357,-94,1596526353703 b5b182c7-eab1-4988-aa99-b5c1517008d9,1,12429,-78,1596526404450 b5b182c7-eab1-4988-aa99-b5c1517008d9,1,36790,-92,1596526394540
1596526408502 b5b182c7-eab1-4988-aa99-b5c1517008d9,1,32561,-103,1596526404501 00de94fe-09d2-cc91-0ceb-ebd8bbd91005,24,12128,-81,1596526389510 b5b182c7-eab1-4988-aa99-b5c1517008d9,1,40139,-85,1596526379493 0102200b-998f-0100-005f-077d89cdf330,25140,8038,-94,1596526404396 b5b182c7-eab1-4988-aa99-b5c1517008d9,1,12760,-88,1596526408502 0102202b-658f-0200-00c3-696646ac3459,55723,6010,-100,1596526363889 b5b182c7-eab1-4988-aa99-b5c1517008d9,1,32524,-74,1596526364219 b5b182c7-eab1-4988-aa99-b5c1517008d9,1,40336,-90,1596526403354 b5b182c7-eab1-4988-aa99-b5c1517008d9,1,48946,-98,1596526403603 b5b182c7-eab1-4988-aa99-b5c1517008d9,1,62127,-73,1596526379031 b5b182c7-eab1-4988-aa99-b5c1517008d9,1,62351,-99,1596526353805 b5b182c7-eab1-4988-aa99-b5c1517008d9,1,7223,-94,1596526405864 b5b182c7-eab1-4988-aa99-b5c1517008d9,1,4621,-83,1596526339504 fda50693-a4e2-4fb1-afcf-c6eb07647825,10196,38623,-96,1596526358549 01022022-f08f-0100-005e-32bb543ed2c3,24556,56505,-102,1596526403310 0c807199-0767-4dd5-9d63-0acd75c0183f,47549,17693,-80,1596526359754 1cd7412e-a3b1-4084-a538-d07975e147f4,567,20585,-93,1596526369052 01022022-f08f-0100-007c-ebf6f4a5c5a5,17166,31396,-94,1596526384137 8c1c6494-028a-4127-ab85-8f589a082daf,19240,26357,-94,1596526353703 b5b182c7-eab1-4988-aa99-b5c1517008d9,1,12429,-78,1596526404450 b5b182c7-eab1-4988-aa99-b5c1517008d9,1,36790,-92,1596526394540
1596526408668 b5b182c7-eab1-4988-aa99-b5c1517008d9,1,32561,-103,1596526404500 00de94fe-09d2-cc91-0ceb-ebd8bbd91005,24,12128,-81,1596526389509 b5b182c7-eab1-4988-aa99-b5c1517008d9,1,40139,-85,1596526379492 0102200b-998f-0100-005f-077d89cdf330,25140,8038,-94,1596526404396 b5b182c7-eab1-4988-aa99-b5c1517008d9,1,12760,-88,1596526408502 0102202b-658f-0200-00c3-696646ac3459,55723,6010,-100,1596526363889 b5b182c7-eab1-4988-aa99-b5c1517008d9,1,32524,-74,1596526364219 b5b182c7-eab1-4988-aa99-b5c1517008d9,1,40336,-90,1596526403354 b5b182c7-eab1-4988-aa99-b5c1517008d9,1,48946,-98,1596526403603 b5b182c7-eab1-4988-aa99-b5c1517008d9,1,62127,-73,1596526379031 b5b182c7-eab1-4988-aa99-b5c1517008d9,1,62351,-99,1596526353805 00a23011-f6cd-2cb0-af8a-85d0aeece946,11140,65027,-98,1596526408668 b5b182c7-eab1-4988-aa99-b5c1517008d9,1,7223,-94,1596526405864 b5b182c7-eab1-4988-aa99-b5c1517008d9,1,4621,-83,1596526339504 fda50693-a4e2-4fb1-afcf-c6eb07647825,10196,38623,-96,1596526358549 01022022-f08f-0100-005e-32bb543ed2c3,24556,56505,-102,1596526403311 0c807199-0767-4dd5-9d63-0acd75c0183f,47549,17693,-80,1596526359755 1cd7412e-a3b1-4084-a538-d07975e147f4,567,20585,-93,1596526369053 01022022-f08f-0100-007c-ebf6f4a5c5a5,17166,31396,-94,1596526384136 8c1c6494-028a-4127-ab85-8f589a082daf,19240,26357,-94,1596526353702 b5b182c7-eab1-4988-aa99-b5c1517008d9,1,12429,-78,1596526404450 b5b182c7-eab1-4988-aa99-b5c1517008d9,1,36790,-92,1596526394540
1596526408862 b5b182c7-eab1-4988-aa99-b5c1517008d9,1,32561,-103,1596526404501 00de94fe-09d2-cc91-0ceb-ebd8bbd91005,24,12128,-81,1596526389510 b5b182c7-eab1-4988-aa99-b5c1517008d9,1,40139,-85,1596526379493 0102200b-998f-0100-005f-077d89cdf330,25140,8038,-94,1596526408861 b5b182c7-eab1-4988-aa99-b5c1517008d9,1,12760,-88,1596526408501 0102202b-658f-0200-00c3-696646ac3459,55723,6010,-100,1596526363889 b5b182c7-eab1-4988-aa99-b5c1517008d9,1,32524,-74,1596526364219 b5b182c7-eab1-4988-aa99-b5c1517008d9,1,40336,-90,1596526403354 b5b182c7-eab1-4988-aa99-b5c1517008d9,1,48946,-98,1596526403603 b5b182c7-eab1-4988-aa99-b5c1517008d9,1,62127,-73,1596526379031 b5b182c7-eab1-4988-aa99-b5c1517008d9,1,62351,-99,1596526353805 00a23011-f6cd-2cb0-af8a-85d0aeece946,11140,65027,-98,1596526408668 b5b182c7-eab1-4988-aa99-b5c1517008d9,1,7223,-94,1596526405864 b5b182c7-eab1-4988-aa99-b5c1517008d9,1,4621,-83,1596526339504 fda50693-a4e2-4fb1-afcf-c6eb07647825,10196,38623,-96,1596526358549 01022022-f08f-0100-005e-32bb543ed2c3,24556,56505,-102,1596526403311 0c807199-0767-4dd5-9d63-0acd75c0183f,47549,17693,-80,1596526359755 1cd7412e-a3b1-4084-a538-d07975e147f4,567,20585,-93,1596526369053 01022022-f08f-0100-007c-ebf6f4a5c5a5,17166,31396,-94,1596526384137 8c1c6494-028a-4127-ab85-8f589a082daf,19240,26357,-94,1596526353703 b5b182c7-eab1-4988-aa99-b5c1517008d9,1,12429,-78,1596526404450 b5b182c7-eab1-4988-aa99-b5c1517008d9,1,36790,-92,1596526394540
1596526409277 b5b182c7-eab1-4988-aa99-b5c1517008d9,1,32561,-103,1596526404501 00de94fe-09d2-cc91-0ceb-ebd8bbd91005,24,12128,-81,1596526389510 b5b182c7-eab1-4988-aa99-b5c1517008d9,1,40139,-85,1596526379493 0102200b-998f-0100-005f-077d89cdf330,25140,8038,-94,1596526408862 b5b182c7-eab1-4988-aa99-b5c1517008d9,1,12760,-88,1596526408502 0102202b-658f-0200-00c3-696646ac3459,55723,6010,-100,1596526363889 b5b182c7-eab1-4988-aa99-b5c1517008d9,1,32524,-74,1596526364219 b5b182c7-eab1-4988-aa99-b5c1517008d9,1,40336,-90,1596526403354 b5b182c7-eab1-4988-aa99-b5c1517008d9,1,48946,-98,1596526403603 b5b182c7-eab1-4988-aa99-b5c1517008d9,1,62127,-73,1596526379031 b5b182c7-eab1-4988-aa99-b5c1517008d9,1,62351,-99,1596526409277 00a23011-f6cd-2cb0-af8a-85d0aeece946,11140,65027,-98,1596526408668 b5b182c7-eab1-4988-aa99-b5c1517008d9,1,7223,-94,1596526405864 b5b182c7-eab1-4988-aa99-b5c1517008d9,1,4621,-83,1596526339504 fda50693-a4e2-4fb1-afcf-c6eb07647825,10196,38623,-96,1596526358549 01022022-f08f-0100-005e-32bb543ed2c3,24556,56505,-102,1596526403311 0c807199-0767-4dd5-9d63-0acd75c0183f,47549,17693,-80,1596526359754 1cd7412e-a3b1-4084-a538-d07975e147f4,567,20585,-93,1596526369052 01022022-f08f-0100-007c-ebf6f4a5c5a5,17166,31396,-94,1596526384137 8c1c6494-028a-4127-ab85-8f589a082daf,19240,26357,-94,1596526353703 b5b182c7-eab1-4988-aa99-b5c1517008d9,1,12429,-78,1596526404450 b5b182c7-eab1-4988-aa99-b5c1517008d9,1,36790,-92,1596526394540
1596526412250 b5b182c7-eab1-4988-aa99-b5c1517008d9,1,32561,-103,1596526404501 00de94fe-09d2-cc91-0ceb-ebd8bbd91005,24,12128,-81,1596526389510 b5b182c7-eab1-4988-aa99-b5c1517008d9,1,40139,-85,1596526379493 0102200b-998f-0100-005f-077d89cdf330,25140,8038,-94,1596526408862 b5b182c7-eab1-4988-aa99-b5c1517008d9,1,12760,-88,1596526408501 0102202b-658f-0200-00c3-696646ac3459,55723,6010,-100,1596526363889 b5b182c7-eab1-4988-aa99-b5c1517008d9,1,32524,-74,1596526364219 b5b182c7-eab1-4988-aa99-b5c1517008d9,1,40336,-90,1596526403354 b5b182c7-eab1-4988-aa99-b5c1517008d9,1,48946,-98,1596526403603 b5b182c7-eab1-4988-aa99-b5c1517008d9,1,62127,-73,1596526379031 b5b182c7-eab1-4988-aa99-b5c1517008d9,1,62351,-99,1596526409277 00a23011-f6cd-2cb0-af8a-85d0aeece946,11140,65027,-98,1596526408668 b5b182c7-eab1-4988-aa99-b5c1517008d9,1,7223,-94,1596526405864 b5b182c7-eab1-4988-aa99-b5c1517008d9,1,4621,-83,1596526339504 fda50693-a4e2-4fb1-afcf-c6eb07647825,10196,38623,-96,1596526358549 01022022-f08f-0100-005e-32bb543ed2c3,24556,56505,-102,1596526403311 0c807199-0767-4dd5-9d63-0acd75c0183f,47549,17693,-80,1596526359755 1cd7412e-a3b1-4084-a538-d07975e147f4,567,20585,-93,1596526369053 01022022-f08f-0100-007c-ebf6f4a5c5a5,17166,31396,-94,1596526384137 b5b182c7-eab1-4988-aa99-b5c1517008d9,1,37593,-90,1596526412250 8c1c6494-028a-4127-ab85-8f589a082daf,19240,26357,-94,1596526353703 b5b182c7-eab1-4988-aa99-b5c1517008d9,1,12429,-78,1596526404450 b5b182c7-eab1-4988-aa99-b5c1517008d9,1,36790,-92,1596526394540
1596526413704 b5b182c7-eab1-4988-aa99-b5c1517008d9,1,32561,-103,1596526404500 00de94fe-09d2-cc91-0ceb-ebd8bbd91005,24,12128,-81,1596526389509 b5b182c7-eab1-4988-aa99-b5c1517008d9,1,40139,-85,1596526379493 0102200b-998f-0100-005f-077d89cdf330,25140,8038,-94,1596526408862 b5b182c7-eab1-4988-aa99-b5c1517008d9,1,12760,-88,1596526408502 0102202b-658f-0200-00c3-696646ac3459,55723,6010,-100,1596526363889 b5b182c7-eab1-4988-aa99-b5c1517008d9,1,32524,-74,1596526364219 b5b182c7-eab1-4988-aa99-b5c1517008d9,1,40336,-90,1596526403354 b5b182c7-eab1-4988-aa99-b5c1517008d9,1,48946,-98,1596526403603 b5b182c7-eab1-4988-aa99-b5c1517008d9,1,62127,-73,1596526379031 b5b182c7-eab1-4988-aa99-b5c1517008d9,1,62351,-99,1596526409277 00a23011-f6cd-2cb0-af8a-85d0aeece946,11140,65027,-98,1596526408668 b5b182c7-eab1-4988-aa99-b5c1517008d9,1,7223,-94,1596526405864 b5b182c7-eab1-4988-aa99-b5c1517008d9,1,4621,-83,1596526339504 fda50693-a4e2-4fb1-afcf-c6eb07647825,10196,38623,-96,1596526358549 01022022-f08f-0100-005e-32bb543ed2c3,24556,56505,-102,1596526403311 0c807199-0767-4dd5-9d63-0acd75c0183f,47549,17693,-80,1596526359755 1cd7412e-a3b1-4084-a538-d07975e147f4,567,20585,-93,1596526369053 01022022-f08f-0100-007c-ebf6f4a5c5a5,17166,31396,-94,1596526384137 b5b182c7-eab1-4988-aa99-b5c1517008d9,1,37593,-90,1596526412250 8c1c6494-028a-4127-ab85-8f589a082daf,19240,26357,-94,1596526353703 b5b182c7-eab1-4988-aa99-b5c1517008d9,1,12429,-78,1596526404450 b5b182c7-eab1-4988-aa99-b5c1517008d9,1,36790,-92,1596526413704
1596526413823 b5b182c7-eab1-4988-aa99-b5c1517008d9,1,32561,-103,1596526404501 00de94fe-09d2-cc91-0ceb-ebd8bbd91005,24,12128,-81,1596526389510 b5b182c7-eab1-4988-aa99-b5c1517008d9,1,40139,-85,1596526379493 0102200b-998f-0100-005f-077d89cdf330,25140,8038,-94,1596526408862 b5b182c7-eab1-4988-aa99-b5c1517008d9,1,12760,-88,1596526408502 0102202b-658f-0200-00c3-696646ac3459,55723,6010,-100,1596526363889 b5b182c7-eab1-4988-aa99-b5c1517008d9,1,32524,-74,1596526364219 b5b182c7-eab1-4988-aa99-b5c1517008d9,1,40336,-90,1596526403354 b5b182c7-eab1-4988-aa99-b5c1517008d9,1,48946,-98,1596526413823 b5b182c7-eab1-4988-aa99-b5c1517008d9,1,62127,-73,1596526379031 b5b182c7-eab1-4988-aa99-b5c1517008d9,1,62351,-99,1596526409277 00a23011-f6cd-2cb0-af8a-85d0aeece946,11140,65027,-98,1596526408668 b5b182c7-eab1-4988-aa99-b5c1517008d9,1,7223,-94,1596526405864 b5b182c7-eab1-4988-aa99-b5c1517008d9,1,4621,-83,1596526339504 fda50693-a4e2-4fb1-afcf-c6eb07647825,10196,38623,-96,1596526358549 01022022-f08f-0100-005e-32bb543ed2c3,24556,56505,-102,1596526403311 0c807199-0767-4dd5-9d63-0acd75c0183f,47549,17693,-80,1596526359755 1cd7412e-a3b1-4084-a538-d07975e147f4,567,20585,-93,1596526369053 01022022-f08f-0100-007c-ebf6f4a5c5a5,17166,31396,-94,1596526384137 b5b182c7-eab1-4988-aa99-b5c1517008d9,1,37593,-90,1596526412250 8c1c6494-028a-4127-ab85-8f589a082daf,19240,26357,-94,1596526353703 b5b182c7-eab1-4988-aa99-b5c1517008d9,1,12429,-78,1596526404450 b5b182c7-eab1-4988-aa99-b5c1517008d9,1,36790,-92,1596526413704
1596526414057 b5b182c7-eab1-4988-aa99-b5c1517008d9,1,32561,-103,1596526404501 00de94fe-09d2-cc91-0ceb-ebd8bbd91005,24,12128,-81,1596526389510 b5b182c7-eab1-4988-aa99-b5c1517008d9,1,40139,-85,1596526379493 0102200b-998f-0100-005f-077d89cdf330,25140,8038,-94,1596526408862 b5b182c7-eab1-4988-aa99-b5c1517008d9,1,12760,-88,1596526414058 0102202b-658f-0200-00c3-696646ac3459,55723,6010,-100,1596526363889 b5b182c7-eab1-4988-aa99-b5c1517008d9,1,32524,-74,1596526364219 b5b182c7-eab1-4988-aa99-b5c1517008d9,1,40336,-90,1596526403354 b5b182c7-eab1-4988-aa99-b5c1517008d9,1,48946,-98,1596526413823 b5b182c7-eab1-4988-aa99-b5c1517008d9,1,62127,-73,1596526379031 b5b182c7-eab1-4988-aa99-b5c1517008d9,1,62351,-99,1596526409277 00a23011-f6cd-2cb0-af8a-85d0aeece946,11140,65027,-98,1596526408668 b5b182c7-eab1-4988-aa99-b5c1517008d9,1,7223,-94,1596526405864 b5b182c7-eab1-4988-aa99-b5c1517008d9,1,4621,-83,1596526339504 fda50693-a4e2-4fb1-afcf-c6eb07647825,10196,38623,-96,1596526358549 01022022-f08f-0100-005e-32bb543ed2c3,24556,56505,-102,1596526403311 0c807199-0767-4dd5-9d63-0acd75c0183f,47549,17693,-80,1596526359754 1cd7412e-a3b1-4084-a538-d07975e147f4,567,20585,-93,1596526369053 01022022-f08f-0100-007c-ebf6f4a5c5a5,17166,31396,-94,1596526384137 b5b182c7-eab1-4988-aa99-b5c1517008d9,1,37593,-90,1596526412250 8c1c6494-028a-4127-ab85-8f589a082daf,19240,26357,-94,1596526353703 b5b182c7-eab1-4988-aa99-b5c1517008d9,1,12429,-78,1596526404450 b5b182c7-eab1-4988-aa99-b5c1517008d9,1,36790,-92,1596526413704
1596526414168 b5b182c7-eab1-4988-aa99-b5c1517008d9,1,32561,-103,1596526404501 00de94fe-09d2-cc91-0ceb-ebd8bbd91005,24,12128,-81,1596526389510 b5b182c7-eab1-4988-aa99-b5c1517008d9,1,40139,-85,1596526379493 0102200b-998f-0100-005f-077d89cdf330,25140,8038,-94,1596526408862 b5b182c7-eab1-4988-aa99-b5c1517008d9,1,12760,-88,1596526414057 0102202b-658f-0200-00c3-696646ac3459,55723,6010,-100,1596526363888 b5b182c7-eab1-4988-aa99-b5c1517008d9,1,32524,-74,1596526364218 b5b182c7-eab1-4988-aa99-b5c1517008d9,1,40336,-90,1596526403354 b5b182c7-eab1-4988-aa99-b5c1517008d9,1,48946,-98,1596526413823 b5b182c7-eab1-4988-aa99-b5c1517008d9,1,62127,-73,1596526379031 b5b182c7-eab1-4988-aa99-b5c1517008d9,1,62351,-99,1596526409277 00a23011-f6cd-2cb0-af8a-85d0aeece946,11140,65027,-98,1596526408668 b5b182c7-eab1-4988-aa99-b5c1517008d9,1,7223,-94,1596526405864 b5b182c7-eab1-4988-aa99-b5c1517008d9,1,4621,-83,1596526339504 0102200b-998f-0100-0096-4e9d0785311a,44586,60809,-89,1596526414168 fda50693-a4e2-4fb1-afcf-c6eb07647825,10196,38623,-96,1596526358549 01022022-f08f-0100-005e-32bb543ed2c3,24556,56505,-102,1596526403311 0c807199-0767-4dd5-9d63-0acd75c0183f,47549,17693,-80,1596526359755 1cd7412e-a3b1-4084-a538-d07975e147f4,567,20585,-93,1596526369053 01022022-f08f-0100-007c-ebf6f4a5c5a5,17166,31396,-94,1596526384137 b5b182c7-eab1-4988-aa99-b5c1517008d9,1,37593,-90,1596526412249 8c1c6494-028a-4127-ab85-8f589a082daf,19240,26357,-94,1596526353703 b5b182c7-eab1-4988-aa99-b5c1517008d9,1,12429,-78,1596526404450 b5b182c7-eab1-4988-aa99-b5c1517008d9,1,36790,-92,1596526413704
1596526414341 b5b182c7-eab1-4988-aa99-b5c1517008d9,1,32561,-103,1596526404501 00de94fe-09d2-cc91-0ceb-ebd8bbd91005,24,12128,-81,1596526389510 b5b182c7-eab1-4988-aa99-b5c1517008d9,1,40139,-85,1596526379493 0102200b-998f-0100-005f-077d89cdf330,25140,8038,-94,1596526408862 b5b182c7-eab1-4988-aa99-b5c1517008d9,1,12760,-88,1596526414058 0102202b-658f-0200-00c3-696646ac3459,55723,6010,-100,1596526363889 b5b182c7-eab1-4988-aa99-b5c1517008d9,1,32524,-74,1596526364219 b5b182c7-eab1-4988-aa99-b5c1517008d9,1,40336,-90,1596526403354 b5b182c7-eab1-4988-aa99-b5c1517008d9,1,48946,-98,1596526413823 b5b182c7-eab1-4988-aa99-b5c1517008d9,1,62127,-73,1596526379031 b5b182c7-eab1-4988-aa99-b5c1517008d9,1,62351,-99,1596526409277 00a23011-f6cd-2cb0-af8a-85d0aeece946,11140,65027,-98,1596526408668 b5b182c7-eab1-4988-aa99-b5c1517008d9,1,7223,-94,1596526405864 b5b182c7-eab1-4988-aa99-b5c1517008d9,1,4621,-83,1596526339504 0102200b-998f-0100-0096-4e9d0785311a,44586,60809,-89,1596526414341 fda50693-a4e2-4fb1-afcf-c6eb07647825,10196,38623,-96,1596526358549 01022022-f08f-0100-005e-32bb543ed2c3,24556,56505,-102,1596526403311 0c807199-0767-4dd5-9d63-0acd75c0183f,47549,17693,-80,1596526359755 1cd7412e-a3b1-4084-a538-d07975e147f4,567,20585,-93,1596526369053 01022022-f08f-0100-007c-ebf6f4a5c5a5,17166,31396,-94,1596526384137 b5b182c7-eab1-4988-aa99-b5c1517008d9,1,37593,-90,1596526412249 8c1c6494-028a-4127-ab85-8f589a082daf,19240,26357,-94,1596526353702 b5b182c7-eab1-4988-aa99-b5c1517008d9,1,12429,-78,1596526404450 b5b182c7-eab1-4988-aa99-b5c1517008d9,1,36790,-92,1596526413704
1596526414393 b5b182c7-eab1-4988-aa99-b5c1517008d9,1,32561,-103,1596526404500 00de94fe-09d2-cc91-0ceb-ebd8bbd91005,24,12128,-81,1596526389510 b5b182c7-eab1-4988-aa99-b5c1517008d9,1,12760,-88,1596526414058 0102202b-658f-0200-00c3-696646ac3459,55723,6010,-100,1596526363889 b5b182c7-eab1-4988-aa99-b5c1517008d9,1,32524,-74,1596526364219 b5b182c7-eab1-4988-aa99-b5c1517008d9,1,40336,-90,1596526403354 b5b182c7-eab1-4988-aa99-b5c1517008d9,1,62127,-73,1596526379031 b5b182c7-eab1-4988-aa99-b5c1517008d9,1,7223,-94,1596526405864 fda50693-a4e2-4fb1-afcf-c6eb07647825,10196,38623,-96,1596526358549 b5b182c7-eab1-4988-aa99-b5c1517008d9,1,6065,-94,1596526414393 0c807199-0767-4dd5-9d63-0acd75c0183f,47549,17693,-80,1596526359755 1cd7412e-a3b1-4084-a538-d07975e147f4,567,20585,-93,1596526369053 01022022-f08f-0100-007c-ebf6f4a5c5a5,17166,31396,-94,1596526384137 8c1c6494-028a-4127-ab85-8f589a082daf,19240,26357,-94,1596526353703 b5b182c7-eab1-4988-aa99-b5c1517008d9,1,40139,-85,1596526379492 0102200b-998f-0100-005f-077d89cdf330,25140,8038,-94,1596526408861 b5b182c7-eab1-4988-aa99-b5c1517008d9,1,48946,-98,1596526413823 b5b182c7-eab1-4988-aa99-b5c1517008d9,1,62351,-99,1596526409277 00a23011-f6cd-2cb0-af8a-85d0aeece946,11140,65027,-98,1596526408668 b5b182c7-eab1-4988-aa99-b5c1517008d9,1,4621,-83,1596526339504 0102200b-998f-0100-0096-4e9d0785311a,44586,60809,-89,1596526414341 01022022-f08f-0100-005e-32bb543ed2c3,24556,56505,-102,1596526403311 b5b182c7-eab1-4988-aa99-b5c1517008d9,1,37593,-90,1596526412250 b5b182c7-eab1-4988-aa99-b5c1517008d9,1,12429,-78,1596526404450 b5b182c7-eab1-4988-aa99-b5c1517008d9,1,36790,-92,1596526413704
