Started:Mtr_Klb_5572a8422e8a67cf_45_51_44_66_1596524572731
1596524643543 01022002-f58f-0100-00a1-09c9ee3ddb18,31345,54609,-82,1596524643543
1596524644371 01022002-f58f-0100-00a1-09c9ee3ddb18,31345,54609,-82,1596524643542 000c210c-54f0-c682-7f66-17a7d9641005,280,5687,-87,1596524644370
1596524648933 01022002-f58f-0100-00a1-09c9ee3ddb18,31345,54609,-82,1596524648932 000c210c-54f0-c682-7f66-17a7d9641005,280,5687,-87,1596524644371
1596524649124 01022002-f58f-0100-00a1-09c9ee3ddb18,31345,54609,-82,1596524649124 000c210c-54f0-c682-7f66-17a7d9641005,280,5687,-87,1596524644371
1596524649203 01022002-f58f-0100-00a1-09c9ee3ddb18,31345,54609,-82,1596524649124 00ac8a78-aac5-2129-8e7e-6b5f67eb692a,56151,3840,-95,1596524649203 000c210c-54f0-c682-7f66-17a7d9641005,280,5687,-87,1596524644371
1596524653569 01022002-f58f-0100-00a1-09c9ee3ddb18,31345,54609,-82,1596524653569 00ac8a78-aac5-2129-8e7e-6b5f67eb692a,56151,3840,-95,1596524649203 000c210c-54f0-c682-7f66-17a7d9641005,280,5687,-87,1596524644371
1596524654225 01022002-f58f-0100-00a1-09c9ee3ddb18,31345,54609,-82,1596524653569 0c807199-0767-4dd5-9d63-0acd75c0183f,52659,31726,-84,1596524654225 00ac8a78-aac5-2129-8e7e-6b5f67eb692a,56151,3840,-95,1596524649203 000c210c-54f0-c682-7f66-17a7d9641005,280,5687,-87,1596524644371
1596524654502 01022002-f58f-0100-00a1-09c9ee3ddb18,31345,54609,-82,1596524654502 0c807199-0767-4dd5-9d63-0acd75c0183f,52659,31726,-84,1596524654225 00ac8a78-aac5-2129-8e7e-6b5f67eb692a,56151,3840,-95,1596524649202 000c210c-54f0-c682-7f66-17a7d9641005,280,5687,-87,1596524644371
1596524658910 01022075-77b8-0a00-006e-5858d715185e,24133,64213,-91,1596524658910 01022002-f58f-0100-00a1-09c9ee3ddb18,31345,54609,-82,1596524654502 0c807199-0767-4dd5-9d63-0acd75c0183f,52659,31726,-84,1596524654225 00ac8a78-aac5-2129-8e7e-6b5f67eb692a,56151,3840,-95,1596524649203 000c210c-54f0-c682-7f66-17a7d9641005,280,5687,-87,1596524644371
1596524659164 01022075-77b8-0a00-006e-5858d715185e,24133,64213,-91,1596524658910 01022002-f58f-0100-00a1-09c9ee3ddb18,31345,54609,-82,1596524659164 0c807199-0767-4dd5-9d63-0acd75c0183f,52659,31726,-84,1596524654225 00ac8a78-aac5-2129-8e7e-6b5f67eb692a,56151,3840,-95,1596524649203 000c210c-54f0-c682-7f66-17a7d9641005,280,5687,-87,1596524644371
1596524659198 01022075-77b8-0a00-006e-5858d715185e,24133,64213,-91,1596524659199 01022002-f58f-0100-00a1-09c9ee3ddb18,31345,54609,-82,1596524659164 0c807199-0767-4dd5-9d63-0acd75c0183f,52659,31726,-84,1596524654225 00ac8a78-aac5-2129-8e7e-6b5f67eb692a,56151,3840,-95,1596524649203 000c210c-54f0-c682-7f66-17a7d9641005,280,5687,-87,1596524644371
1596524659228 01022075-77b8-0a00-006e-5858d715185e,24133,64213,-91,1596524659228 01022002-f58f-0100-00a1-09c9ee3ddb18,31345,54609,-82,1596524659164 0c807199-0767-4dd5-9d63-0acd75c0183f,52659,31726,-84,1596524654224 00ac8a78-aac5-2129-8e7e-6b5f67eb692a,56151,3840,-95,1596524649203 000c210c-54f0-c682-7f66-17a7d9641005,280,5687,-87,1596524644371
1596524659359 01022075-77b8-0a00-006e-5858d715185e,24133,64213,-91,1596524659228 01022002-f58f-0100-00a1-09c9ee3ddb18,31345,54609,-82,1596524659360 0c807199-0767-4dd5-9d63-0acd75c0183f,52659,31726,-84,1596524654225 00ac8a78-aac5-2129-8e7e-6b5f67eb692a,56151,3840,-95,1596524649203 000c210c-54f0-c682-7f66-17a7d9641005,280,5687,-87,1596524644371
1596524659367 01022075-77b8-0a00-006e-5858d715185e,24133,64213,-91,1596524659228 01022002-f58f-0100-00a1-09c9ee3ddb18,31345,54609,-82,1596524659360 0c807199-0767-4dd5-9d63-0acd75c0183f,52659,31726,-84,1596524654224 01022075-77b8-0a00-00d7-9509d7a625aa,27880,48520,-95,1596524659367 00ac8a78-aac5-2129-8e7e-6b5f67eb692a,56151,3840,-95,1596524649203 000c210c-54f0-c682-7f66-17a7d9641005,280,5687,-87,1596524644371
1596524659486 01022075-77b8-0a00-006e-5858d715185e,24133,64213,-91,1596524659228 01022002-f58f-0100-00a1-09c9ee3ddb18,31345,54609,-82,1596524659360 0c807199-0767-4dd5-9d63-0acd75c0183f,52659,31726,-84,1596524654225 01022075-77b8-0a00-00d7-9509d7a625aa,27880,48520,-95,1596524659486 00ac8a78-aac5-2129-8e7e-6b5f67eb692a,56151,3840,-95,1596524649203 000c210c-54f0-c682-7f66-17a7d9641005,280,5687,-87,1596524644370
1596524659912 01022075-77b8-0a00-006e-5858d715185e,24133,64213,-91,1596524659228 01022002-f58f-0100-00a1-09c9ee3ddb18,31345,54609,-82,1596524659912 0c807199-0767-4dd5-9d63-0acd75c0183f,52659,31726,-84,1596524654225 01022075-77b8-0a00-00d7-9509d7a625aa,27880,48520,-95,1596524659486 00ac8a78-aac5-2129-8e7e-6b5f67eb692a,56151,3840,-95,1596524649203 000c210c-54f0-c682-7f66-17a7d9641005,280,5687,-87,1596524644371
1596524661211 01022075-77b8-0a00-006e-5858d715185e,24133,64213,-91,1596524659228 01022002-f58f-0100-00a1-09c9ee3ddb18,31345,54609,-82,1596524659912 0c807199-0767-4dd5-9d63-0acd75c0183f,52659,31726,-84,1596524654225 01022075-77b8-0a00-00d7-9509d7a625aa,27880,48520,-95,1596524659486 00ac8a78-aac5-2129-8e7e-6b5f67eb692a,56151,3840,-95,1596524661211 000c210c-54f0-c682-7f66-17a7d9641005,280,5687,-87,1596524644370
1596524663998 01022075-77b8-0a00-006e-5858d715185e,24133,64213,-91,1596524659228 01022002-f58f-0100-00a1-09c9ee3ddb18,31345,54609,-82,1596524663998 0c807199-0767-4dd5-9d63-0acd75c0183f,52659,31726,-84,1596524654225 01022075-77b8-0a00-00d7-9509d7a625aa,27880,48520,-95,1596524659486 00ac8a78-aac5-2129-8e7e-6b5f67eb692a,56151,3840,-95,1596524661211 000c210c-54f0-c682-7f66-17a7d9641005,280,5687,-87,1596524644371
1596524664191 01022075-77b8-0a00-006e-5858d715185e,24133,64213,-91,1596524659228 01022002-f58f-0100-00a1-09c9ee3ddb18,31345,54609,-82,1596524664191 0c807199-0767-4dd5-9d63-0acd75c0183f,52659,31726,-84,1596524654225 01022075-77b8-0a00-00d7-9509d7a625aa,27880,48520,-95,1596524659486 00ac8a78-aac5-2129-8e7e-6b5f67eb692a,56151,3840,-95,1596524661211 000c210c-54f0-c682-7f66-17a7d9641005,280,5687,-87,1596524644370
1596524669047 01022075-77b8-0a00-006e-5858d715185e,24133,64213,-91,1596524659228 01022002-f58f-0100-00a1-09c9ee3ddb18,31345,54609,-82,1596524669047 0c807199-0767-4dd5-9d63-0acd75c0183f,52659,31726,-84,1596524654225 01022075-77b8-0a00-00d7-9509d7a625aa,27880,48520,-95,1596524659486 00ac8a78-aac5-2129-8e7e-6b5f67eb692a,56151,3840,-95,1596524661211 000c210c-54f0-c682-7f66-17a7d9641005,280,5687,-87,1596524644371
1596524669230 01022075-77b8-0a00-006e-5858d715185e,24133,64213,-91,1596524659228 01022002-f58f-0100-00a1-09c9ee3ddb18,31345,54609,-82,1596524669230 0c807199-0767-4dd5-9d63-0acd75c0183f,52659,31726,-84,1596524654225 01022075-77b8-0a00-00d7-9509d7a625aa,27880,48520,-95,1596524659486 00ac8a78-aac5-2129-8e7e-6b5f67eb692a,56151,3840,-95,1596524661210 000c210c-54f0-c682-7f66-17a7d9641005,280,5687,-87,1596524644371
1596524669418 01022075-77b8-0a00-006e-5858d715185e,24133,64213,-91,1596524659228 01022002-f58f-0100-00a1-09c9ee3ddb18,31345,54609,-82,1596524669418 0c807199-0767-4dd5-9d63-0acd75c0183f,52659,31726,-84,1596524654225 01022075-77b8-0a00-00d7-9509d7a625aa,27880,48520,-95,1596524659486 00ac8a78-aac5-2129-8e7e-6b5f67eb692a,56151,3840,-95,1596524661211 000c210c-54f0-c682-7f66-17a7d9641005,280,5687,-87,1596524644371
