Started:Mtr_Klb_5572a8422e8a67cf_1132_78_1030_55_1596525939471
1596525978394 01022021-888f-0100-00ca-7940c9315e55,27889,7137,-97,1596525978394
1596525978645 01022021-888f-0100-00ca-7940c9315e55,27889,7137,-97,1596525978394 0102202b-888f-0100-00b3-ce1745c93493,3095,15223,-73,1596525978645
1596525979339 01022021-888f-0100-00ca-7940c9315e55,27889,7137,-97,1596525978394 0102202b-888f-0100-00b3-ce1745c93493,3095,15223,-73,1596525978644 0102202b-778f-0000-00ed-8bd94197bca3,51635,30518,-88,1596525979339
1596525980905 01022021-888f-0100-00ca-7940c9315e55,27889,7137,-97,1596525978393 0102202b-888f-0100-00b3-ce1745c93493,3095,15223,-73,1596525980905 0102202b-778f-0000-00ed-8bd94197bca3,51635,30518,-88,1596525979339
1596525983455 01022021-888f-0100-00ca-7940c9315e55,27889,7137,-97,1596525978394 0102202b-888f-0100-00b3-ce1745c93493,3095,15223,-73,1596525980905 0102202b-778f-0000-00ed-8bd94197bca3,51635,30518,-88,1596525983455
1596525983718 01022021-888f-0100-00ca-7940c9315e55,27889,7137,-97,1596525978394 0102202b-888f-0100-00b3-ce1745c93493,3095,15223,-73,1596525983718 0102202b-778f-0000-00ed-8bd94197bca3,51635,30518,-88,1596525983455
1596525983827 01022021-888f-0100-00ca-7940c9315e55,27889,7137,-97,1596525978394 0102202b-888f-0100-00b3-ce1745c93493,3095,15223,-73,1596525983718 0102202b-778f-0000-00ed-8bd94197bca3,51635,30518,-88,1596525983827
1596525983836 01022021-888f-0100-00ca-7940c9315e55,27889,7137,-97,1596525978394 0102202b-888f-0100-00b3-ce1745c93493,3095,15223,-73,1596525983718 0102202b-778f-0000-00ed-8bd94197bca3,51635,30518,-88,1596525983827 0102202b-668f-0100-0074-237066325905,32350,53754,-75,1596525983837
1596525983958 01022021-888f-0100-00ca-7940c9315e55,27889,7137,-97,1596525983958 0102202b-888f-0100-00b3-ce1745c93493,3095,15223,-73,1596525983718 0102202b-778f-0000-00ed-8bd94197bca3,51635,30518,-88,1596525983827 0102202b-668f-0100-0074-237066325905,32350,53754,-75,1596525983837
1596525984014 01022021-888f-0100-00ca-7940c9315e55,27889,7137,-97,1596525983958 0102202b-888f-0100-00b3-ce1745c93493,3095,15223,-73,1596525983718 0102202b-778f-0000-00ed-8bd94197bca3,51635,30518,-88,1596525983827 0102202b-668f-0100-0074-237066325905,32350,53754,-75,1596525984015
1596525984198 01022021-888f-0100-00ca-7940c9315e55,27889,7137,-97,1596525983958 0102202b-888f-0100-00b3-ce1745c93493,3095,15223,-73,1596525983718 0102202b-778f-0000-00ed-8bd94197bca3,51635,30518,-88,1596525983827 0102202b-668f-0100-0074-237066325905,32350,53754,-75,1596525984198
1596525984339 01022021-888f-0100-00ca-7940c9315e55,27889,7137,-97,1596525984338 0102202b-888f-0100-00b3-ce1745c93493,3095,15223,-73,1596525983718 0102202b-778f-0000-00ed-8bd94197bca3,51635,30518,-88,1596525983827 0102202b-668f-0100-0074-237066325905,32350,53754,-75,1596525984198
1596525984384 01022021-888f-0100-00ca-7940c9315e55,27889,7137,-97,1596525984339 0102202b-888f-0100-00b3-ce1745c93493,3095,15223,-73,1596525983718 0102202b-778f-0000-00ed-8bd94197bca3,51635,30518,-88,1596525983827 0102202b-668f-0100-0074-237066325905,32350,53754,-75,1596525984384
1596525988673 01022021-888f-0100-00ca-7940c9315e55,27889,7137,-97,1596525984339 0102202b-888f-0100-00b3-ce1745c93493,3095,15223,-73,1596525983718 0102202b-778f-0000-00ed-8bd94197bca3,51635,30518,-88,1596525988673 0102202b-668f-0100-0074-237066325905,32350,53754,-75,1596525984383
1596525988777 01022021-888f-0100-00ca-7940c9315e55,27889,7137,-97,1596525984339 0102202b-888f-0100-00b3-ce1745c93493,3095,15223,-73,1596525983718 0102202b-778f-0000-00ed-8bd94197bca3,51635,30518,-88,1596525988673 0102202b-668f-0100-0074-237066325905,32350,53754,-75,1596525984384 0102202b-888f-0100-0024-28d4713ca66e,40998,6618,-84,1596525988776
1596525988961 01022021-888f-0100-00ca-7940c9315e55,27889,7137,-97,1596525984339 0102202b-888f-0100-00b3-ce1745c93493,3095,15223,-73,1596525983718 0102202b-778f-0000-00ed-8bd94197bca3,51635,30518,-88,1596525988673 0102202b-668f-0100-0074-237066325905,32350,53754,-75,1596525984384 0102202b-888f-0100-0024-28d4713ca66e,40998,6618,-84,1596525988961
1596525989418 01022021-888f-0100-00ca-7940c9315e55,27889,7137,-97,1596525984339 0102202b-888f-0100-00b3-ce1745c93493,3095,15223,-73,1596525983718 0102202b-778f-0000-00ed-8bd94197bca3,51635,30518,-88,1596525988673 0102202b-668f-0100-0074-237066325905,32350,53754,-75,1596525989418 0102202b-888f-0100-0024-28d4713ca66e,40998,6618,-84,1596525988961
1596525989530 01022021-888f-0100-00ca-7940c9315e55,27889,7137,-97,1596525989530 0102202b-888f-0100-00b3-ce1745c93493,3095,15223,-73,1596525983718 0102202b-778f-0000-00ed-8bd94197bca3,51635,30518,-88,1596525988673 0102202b-668f-0100-0074-237066325905,32350,53754,-75,1596525989418 0102202b-888f-0100-0024-28d4713ca66e,40998,6618,-84,1596525988961
1596525993806 01022021-888f-0100-00ca-7940c9315e55,27889,7137,-97,1596525989530 0102202b-888f-0100-00b3-ce1745c93493,3095,15223,-73,1596525983718 0102202b-778f-0000-00ed-8bd94197bca3,51635,30518,-88,1596525988673 0102202b-668f-0100-0074-237066325905,32350,53754,-75,1596525989418 0102202b-888f-0100-0024-28d4713ca66e,40998,6618,-84,1596525993806
1596525993988 01022021-888f-0100-00ca-7940c9315e55,27889,7137,-97,1596525989530 0102202b-888f-0100-00b3-ce1745c93493,3095,15223,-73,1596525983718 0102202b-778f-0000-00ed-8bd94197bca3,51635,30518,-88,1596525988672 0102202b-668f-0100-0074-237066325905,32350,53754,-75,1596525989418 0102202b-888f-0100-0024-28d4713ca66e,40998,6618,-84,1596525993806 00b05413-e8d3-f0f2-7968-4518c07da91d,263,33690,-87,1596525993988
1596525994360 01022021-888f-0100-00ca-7940c9315e55,27889,7137,-97,1596525994360 0102202b-888f-0100-00b3-ce1745c93493,3095,15223,-73,1596525983718 0102202b-778f-0000-00ed-8bd94197bca3,51635,30518,-88,1596525988673 0102202b-668f-0100-0074-237066325905,32350,53754,-75,1596525989417 0102202b-888f-0100-0024-28d4713ca66e,40998,6618,-84,1596525993806 00b05413-e8d3-f0f2-7968-4518c07da91d,263,33690,-87,1596525993988
1596525994371 01022021-888f-0100-00ca-7940c9315e55,27889,7137,-97,1596525994360 0102202b-888f-0100-00b3-ce1745c93493,3095,15223,-73,1596525983718 0102202b-778f-0000-00ed-8bd94197bca3,51635,30518,-88,1596525988672 0102202b-668f-0100-0074-237066325905,32350,53754,-75,1596525989418 0102202b-888f-0100-0024-28d4713ca66e,40998,6618,-84,1596525994371 00b05413-e8d3-f0f2-7968-4518c07da91d,263,33690,-87,1596525993988
