Started:Mtr_Klb_5572a8422e8a67cf_260_90_329_42_1596526745798
1596526824457 0102200b-888f-0100-00c4-69ea37fe4ae2,34729,5034,-91,1596526824458
1596526824497 b5b182c7-eab1-4988-aa99-b5c1517008d9,1,40336,-89,1596526824497 0102200b-888f-0100-00c4-69ea37fe4ae2,34729,5034,-91,1596526824457
1596526828234 0c807199-0767-4dd5-9d63-0acd75c0183f,6235,15709,-96,1596526828234 b5b182c7-eab1-4988-aa99-b5c1517008d9,1,40336,-89,1596526824497 0102200b-888f-0100-00c4-69ea37fe4ae2,34729,5034,-91,1596526824458
1596526829555 b5b182c7-eab1-4988-aa99-b5c1517008d9,1,64049,-92,1596526829555 0c807199-0767-4dd5-9d63-0acd75c0183f,6235,15709,-96,1596526828234 b5b182c7-eab1-4988-aa99-b5c1517008d9,1,40336,-89,1596526824497 0102200b-888f-0100-00c4-69ea37fe4ae2,34729,5034,-91,1596526824458
1596526833406 b5b182c7-eab1-4988-aa99-b5c1517008d9,1,64049,-92,1596526829555 0c807199-0767-4dd5-9d63-0acd75c0183f,6235,15709,-96,1596526828234 b5b182c7-eab1-4988-aa99-b5c1517008d9,1,40336,-89,1596526824497 0102200b-888f-0100-00c4-69ea37fe4ae2,34729,5034,-91,1596526824458 b5b182c7-eab1-4988-aa99-b5c1517008d9,1,48946,-95,1596526833406
1596526833451 b5b182c7-eab1-4988-aa99-b5c1517008d9,1,64049,-92,1596526829555 0c807199-0767-4dd5-9d63-0acd75c0183f,6235,15709,-96,1596526828234 b5b182c7-eab1-4988-aa99-b5c1517008d9,1,40336,-89,1596526824497 b5b182c7-eab1-4988-aa99-b5c1517008d9,1,41173,-77,1596526833451 0102200b-888f-0100-00c4-69ea37fe4ae2,34729,5034,-91,1596526824458 b5b182c7-eab1-4988-aa99-b5c1517008d9,1,48946,-95,1596526833406
1596526833562 b5b182c7-eab1-4988-aa99-b5c1517008d9,1,64049,-92,1596526829555 0c807199-0767-4dd5-9d63-0acd75c0183f,6235,15709,-96,1596526828234 b5b182c7-eab1-4988-aa99-b5c1517008d9,1,40336,-89,1596526824497 b5b182c7-eab1-4988-aa99-b5c1517008d9,1,41173,-77,1596526833451 0102200b-888f-0100-00c4-69ea37fe4ae2,34729,5034,-91,1596526824458 b5b182c7-eab1-4988-aa99-b5c1517008d9,1,48946,-95,1596526833406 0c807199-0767-4dd5-9d63-0acd75c0183f,6899,8337,-99,1596526833562
1596526833697 b5b182c7-eab1-4988-aa99-b5c1517008d9,1,64049,-92,1596526829555 0c807199-0767-4dd5-9d63-0acd75c0183f,6235,15709,-96,1596526828234 b5b182c7-eab1-4988-aa99-b5c1517008d9,1,40336,-89,1596526824497 b5b182c7-eab1-4988-aa99-b5c1517008d9,1,41173,-77,1596526833451 0102200b-888f-0100-00c4-69ea37fe4ae2,34729,5034,-91,1596526824458 b5b182c7-eab1-4988-aa99-b5c1517008d9,1,48946,-95,1596526833405 0c807199-0767-4dd5-9d63-0acd75c0183f,6899,8337,-99,1596526833562 b5b182c7-eab1-4988-aa99-b5c1517008d9,1,36790,-74,1596526833697
1596526833782 b5b182c7-eab1-4988-aa99-b5c1517008d9,1,64049,-92,1596526829555 0c807199-0767-4dd5-9d63-0acd75c0183f,6235,15709,-96,1596526828234 b5b182c7-eab1-4988-aa99-b5c1517008d9,1,40336,-89,1596526824497 b5b182c7-eab1-4988-aa99-b5c1517008d9,1,41173,-77,1596526833451 0102200b-888f-0100-00c4-69ea37fe4ae2,34729,5034,-91,1596526824458 b5b182c7-eab1-4988-aa99-b5c1517008d9,1,48946,-95,1596526833406 0c807199-0767-4dd5-9d63-0acd75c0183f,6899,8337,-99,1596526833562 b5b182c7-eab1-4988-aa99-b5c1517008d9,1,63622,-93,1596526833782 b5b182c7-eab1-4988-aa99-b5c1517008d9,1,36790,-74,1596526833697
1596526833846 b5b182c7-eab1-4988-aa99-b5c1517008d9,1,64049,-92,1596526829555 0c807199-0767-4dd5-9d63-0acd75c0183f,6235,15709,-96,1596526828234 b5b182c7-eab1-4988-aa99-b5c1517008d9,1,54185,-84,1596526833846 b5b182c7-eab1-4988-aa99-b5c1517008d9,1,40336,-89,1596526824497 b5b182c7-eab1-4988-aa99-b5c1517008d9,1,41173,-77,1596526833451 0102200b-888f-0100-00c4-69ea37fe4ae2,34729,5034,-91,1596526824458 b5b182c7-eab1-4988-aa99-b5c1517008d9,1,48946,-95,1596526833406 0c807199-0767-4dd5-9d63-0acd75c0183f,6899,8337,-99,1596526833562 b5b182c7-eab1-4988-aa99-b5c1517008d9,1,63622,-93,1596526833782 b5b182c7-eab1-4988-aa99-b5c1517008d9,1,36790,-74,1596526833697
1596526833961 b5b182c7-eab1-4988-aa99-b5c1517008d9,1,64049,-92,1596526829555 0c807199-0767-4dd5-9d63-0acd75c0183f,6235,15709,-96,1596526828233 b5b182c7-eab1-4988-aa99-b5c1517008d9,1,54185,-84,1596526833846 b5b182c7-eab1-4988-aa99-b5c1517008d9,1,6065,-84,1596526833961 b5b182c7-eab1-4988-aa99-b5c1517008d9,1,40336,-89,1596526824497 b5b182c7-eab1-4988-aa99-b5c1517008d9,1,41173,-77,1596526833451 0102200b-888f-0100-00c4-69ea37fe4ae2,34729,5034,-91,1596526824458 b5b182c7-eab1-4988-aa99-b5c1517008d9,1,48946,-95,1596526833406 0c807199-0767-4dd5-9d63-0acd75c0183f,6899,8337,-99,1596526833562 b5b182c7-eab1-4988-aa99-b5c1517008d9,1,63622,-93,1596526833782 b5b182c7-eab1-4988-aa99-b5c1517008d9,1,36790,-74,1596526833697
1596526833981 b5b182c7-eab1-4988-aa99-b5c1517008d9,1,64049,-92,1596526829555 0c807199-0767-4dd5-9d63-0acd75c0183f,6235,15709,-96,1596526828234 b5b182c7-eab1-4988-aa99-b5c1517008d9,1,54185,-84,1596526833846 b5b182c7-eab1-4988-aa99-b5c1517008d9,1,6065,-84,1596526833960 b5b182c7-eab1-4988-aa99-b5c1517008d9,1,40336,-89,1596526824497 b5b182c7-eab1-4988-aa99-b5c1517008d9,1,41173,-77,1596526833451 0102200b-888f-0100-00c4-69ea37fe4ae2,34729,5034,-91,1596526824458 b5b182c7-eab1-4988-aa99-b5c1517008d9,1,48946,-95,1596526833406 0c807199-0767-4dd5-9d63-0acd75c0183f,6899,8337,-99,1596526833562 b5b182c7-eab1-4988-aa99-b5c1517008d9,1,63622,-93,1596526833782 b5b182c7-eab1-4988-aa99-b5c1517008d9,1,7223,-75,1596526833980 b5b182c7-eab1-4988-aa99-b5c1517008d9,1,36790,-74,1596526833697
1596526834051 b5b182c7-eab1-4988-aa99-b5c1517008d9,1,64049,-92,1596526829555 0c807199-0767-4dd5-9d63-0acd75c0183f,6235,15709,-96,1596526828234 b5b182c7-eab1-4988-aa99-b5c1517008d9,1,54185,-84,1596526833846 b5b182c7-eab1-4988-aa99-b5c1517008d9,1,6065,-84,1596526833961 b5b182c7-eab1-4988-aa99-b5c1517008d9,1,40336,-89,1596526834051 b5b182c7-eab1-4988-aa99-b5c1517008d9,1,41173,-77,1596526833451 0102200b-888f-0100-00c4-69ea37fe4ae2,34729,5034,-91,1596526824458 b5b182c7-eab1-4988-aa99-b5c1517008d9,1,48946,-95,1596526833406 0c807199-0767-4dd5-9d63-0acd75c0183f,6899,8337,-99,1596526833561 b5b182c7-eab1-4988-aa99-b5c1517008d9,1,63622,-93,1596526833782 b5b182c7-eab1-4988-aa99-b5c1517008d9,1,7223,-75,1596526833981 b5b182c7-eab1-4988-aa99-b5c1517008d9,1,36790,-74,1596526833697
1596526834136 0c807199-0767-4dd5-9d63-0acd75c0183f,6235,15709,-96,1596526828234 b5b182c7-eab1-4988-aa99-b5c1517008d9,1,54185,-84,1596526833845 b5b182c7-eab1-4988-aa99-b5c1517008d9,1,40336,-89,1596526834051 b5b182c7-eab1-4988-aa99-b5c1517008d9,1,48946,-95,1596526833406 b5b182c7-eab1-4988-aa99-b5c1517008d9,1,62351,-84,1596526834136 b5b182c7-eab1-4988-aa99-b5c1517008d9,1,7223,-75,1596526833981 b5b182c7-eab1-4988-aa99-b5c1517008d9,1,64049,-92,1596526829555 b5b182c7-eab1-4988-aa99-b5c1517008d9,1,6065,-84,1596526833961 b5b182c7-eab1-4988-aa99-b5c1517008d9,1,41173,-77,1596526833451 0102200b-888f-0100-00c4-69ea37fe4ae2,34729,5034,-91,1596526824458 0c807199-0767-4dd5-9d63-0acd75c0183f,6899,8337,-99,1596526833562 b5b182c7-eab1-4988-aa99-b5c1517008d9,1,63622,-93,1596526833782 b5b182c7-eab1-4988-aa99-b5c1517008d9,1,36790,-74,1596526833697
1596526834158 0c807199-0767-4dd5-9d63-0acd75c0183f,6235,15709,-96,1596526828234 b5b182c7-eab1-4988-aa99-b5c1517008d9,1,54185,-84,1596526833846 b5b182c7-eab1-4988-aa99-b5c1517008d9,1,40336,-89,1596526834051 b5b182c7-eab1-4988-aa99-b5c1517008d9,1,48946,-95,1596526833406 b5b182c7-eab1-4988-aa99-b5c1517008d9,1,62351,-84,1596526834136 b5b182c7-eab1-4988-aa99-b5c1517008d9,1,7223,-75,1596526833980 b5b182c7-eab1-4988-aa99-b5c1517008d9,1,64049,-92,1596526834158 b5b182c7-eab1-4988-aa99-b5c1517008d9,1,6065,-84,1596526833961 b5b182c7-eab1-4988-aa99-b5c1517008d9,1,41173,-77,1596526833451 0102200b-888f-0100-00c4-69ea37fe4ae2,34729,5034,-91,1596526824458 0c807199-0767-4dd5-9d63-0acd75c0183f,6899,8337,-99,1596526833562 b5b182c7-eab1-4988-aa99-b5c1517008d9,1,63622,-93,1596526833782 b5b182c7-eab1-4988-aa99-b5c1517008d9,1,36790,-74,1596526833697
1596526834171 0c807199-0767-4dd5-9d63-0acd75c0183f,6235,15709,-96,1596526828234 b5b182c7-eab1-4988-aa99-b5c1517008d9,1,54185,-84,1596526833846 b5b182c7-eab1-4988-aa99-b5c1517008d9,1,40336,-89,1596526834051 b5b182c7-eab1-4988-aa99-b5c1517008d9,1,48946,-95,1596526833406 b5b182c7-eab1-4988-aa99-b5c1517008d9,1,62351,-84,1596526834136 ea43594a-1652-4c0a-a396-ae4877d105f0,64745,17995,-91,1596526834170 b5b182c7-eab1-4988-aa99-b5c1517008d9,1,7223,-75,1596526833981 b5b182c7-eab1-4988-aa99-b5c1517008d9,1,64049,-92,1596526834158 b5b182c7-eab1-4988-aa99-b5c1517008d9,1,6065,-84,1596526833961 b5b182c7-eab1-4988-aa99-b5c1517008d9,1,41173,-77,1596526833450 0102200b-888f-0100-00c4-69ea37fe4ae2,34729,5034,-91,1596526824458 0c807199-0767-4dd5-9d63-0acd75c0183f,6899,8337,-99,1596526833562 b5b182c7-eab1-4988-aa99-b5c1517008d9,1,63622,-93,1596526833782 b5b182c7-eab1-4988-aa99-b5c1517008d9,1,36790,-74,1596526833697
1596526834217 0c807199-0767-4dd5-9d63-0acd75c0183f,6235,15709,-96,1596526828234 b5b182c7-eab1-4988-aa99-b5c1517008d9,1,54185,-84,1596526833846 b5b182c7-eab1-4988-aa99-b5c1517008d9,1,40336,-89,1596526834050 b5b182c7-eab1-4988-aa99-b5c1517008d9,1,48946,-95,1596526833406 b5b182c7-eab1-4988-aa99-b5c1517008d9,1,62351,-84,1596526834136 ea43594a-1652-4c0a-a396-ae4877d105f0,64745,17995,-91,1596526834171 b5b182c7-eab1-4988-aa99-b5c1517008d9,1,7223,-75,1596526833981 b5b182c7-eab1-4988-aa99-b5c1517008d9,1,64049,-92,1596526834158 b5b182c7-eab1-4988-aa99-b5c1517008d9,1,6065,-84,1596526833961 b5b182c7-eab1-4988-aa99-b5c1517008d9,1,41173,-77,1596526833451 0102200b-888f-0100-00c4-69ea37fe4ae2,34729,5034,-91,1596526824458 0c807199-0767-4dd5-9d63-0acd75c0183f,6899,8337,-99,1596526833562 b5b182c7-eab1-4988-aa99-b5c1517008d9,1,37593,-90,1596526834217 b5b182c7-eab1-4988-aa99-b5c1517008d9,1,63622,-93,1596526833782 b5b182c7-eab1-4988-aa99-b5c1517008d9,1,36790,-74,1596526833696
1596526834248 0c807199-0767-4dd5-9d63-0acd75c0183f,6235,15709,-96,1596526828234 b5b182c7-eab1-4988-aa99-b5c1517008d9,1,54185,-84,1596526833846 b5b182c7-eab1-4988-aa99-b5c1517008d9,1,40336,-89,1596526834051 b5b182c7-eab1-4988-aa99-b5c1517008d9,1,48946,-95,1596526833406 b5b182c7-eab1-4988-aa99-b5c1517008d9,1,62351,-84,1596526834135 ea43594a-1652-4c0a-a396-ae4877d105f0,64745,17995,-91,1596526834171 b5b182c7-eab1-4988-aa99-b5c1517008d9,1,7223,-75,1596526833981 b5b182c7-eab1-4988-aa99-b5c1517008d9,1,64049,-92,1596526834248 b5b182c7-eab1-4988-aa99-b5c1517008d9,1,6065,-84,1596526833961 b5b182c7-eab1-4988-aa99-b5c1517008d9,1,41173,-77,1596526833451 0102200b-888f-0100-00c4-69ea37fe4ae2,34729,5034,-91,1596526824458 0c807199-0767-4dd5-9d63-0acd75c0183f,6899,8337,-99,1596526833562 b5b182c7-eab1-4988-aa99-b5c1517008d9,1,37593,-90,1596526834217 b5b182c7-eab1-4988-aa99-b5c1517008d9,1,63622,-93,1596526833782 b5b182c7-eab1-4988-aa99-b5c1517008d9,1,36790,-74,1596526833697
1596526834451 0c807199-0767-4dd5-9d63-0acd75c0183f,6235,15709,-96,1596526828234 b5b182c7-eab1-4988-aa99-b5c1517008d9,1,54185,-84,1596526833846 b5b182c7-eab1-4988-aa99-b5c1517008d9,1,12760,-86,1596526834451 b5b182c7-eab1-4988-aa99-b5c1517008d9,1,40336,-89,1596526834051 b5b182c7-eab1-4988-aa99-b5c1517008d9,1,48946,-95,1596526833406 b5b182c7-eab1-4988-aa99-b5c1517008d9,1,62351,-84,1596526834135 ea43594a-1652-4c0a-a396-ae4877d105f0,64745,17995,-91,1596526834171 b5b182c7-eab1-4988-aa99-b5c1517008d9,1,7223,-75,1596526833981 b5b182c7-eab1-4988-aa99-b5c1517008d9,1,64049,-92,1596526834248 b5b182c7-eab1-4988-aa99-b5c1517008d9,1,6065,-84,1596526833961 b5b182c7-eab1-4988-aa99-b5c1517008d9,1,41173,-77,1596526833451 0102200b-888f-0100-00c4-69ea37fe4ae2,34729,5034,-91,1596526824458 0c807199-0767-4dd5-9d63-0acd75c0183f,6899,8337,-99,1596526833562 b5b182c7-eab1-4988-aa99-b5c1517008d9,1,37593,-90,1596526834217 b5b182c7-eab1-4988-aa99-b5c1517008d9,1,63622,-93,1596526833782 b5b182c7-eab1-4988-aa99-b5c1517008d9,1,36790,-74,1596526833696
1596526834455 0c807199-0767-4dd5-9d63-0acd75c0183f,6235,15709,-96,1596526828234 b5b182c7-eab1-4988-aa99-b5c1517008d9,1,54185,-84,1596526833846 b5b182c7-eab1-4988-aa99-b5c1517008d9,1,12760,-86,1596526834451 b5b182c7-eab1-4988-aa99-b5c1517008d9,1,40336,-89,1596526834051 b5b182c7-eab1-4988-aa99-b5c1517008d9,1,48946,-95,1596526833406 b5b182c7-eab1-4988-aa99-b5c1517008d9,1,62351,-84,1596526834136 ea43594a-1652-4c0a-a396-ae4877d105f0,64745,17995,-91,1596526834171 b5b182c7-eab1-4988-aa99-b5c1517008d9,1,7223,-75,1596526833981 b5b182c7-eab1-4988-aa99-b5c1517008d9,1,64049,-92,1596526834456 b5b182c7-eab1-4988-aa99-b5c1517008d9,1,6065,-84,1596526833961 b5b182c7-eab1-4988-aa99-b5c1517008d9,1,41173,-77,1596526833451 0102200b-888f-0100-00c4-69ea37fe4ae2,34729,5034,-91,1596526824458 0c807199-0767-4dd5-9d63-0acd75c0183f,6899,8337,-99,1596526833562 b5b182c7-eab1-4988-aa99-b5c1517008d9,1,37593,-90,1596526834217 b5b182c7-eab1-4988-aa99-b5c1517008d9,1,63622,-93,1596526833782 b5b182c7-eab1-4988-aa99-b5c1517008d9,1,36790,-74,1596526833697
1596526838498 0c807199-0767-4dd5-9d63-0acd75c0183f,6235,15709,-96,1596526828234 b5b182c7-eab1-4988-aa99-b5c1517008d9,1,54185,-84,1596526833846 b5b182c7-eab1-4988-aa99-b5c1517008d9,1,12760,-86,1596526834451 b5b182c7-eab1-4988-aa99-b5c1517008d9,1,40336,-89,1596526834051 b5b182c7-eab1-4988-aa99-b5c1517008d9,1,48946,-95,1596526833406 b5b182c7-eab1-4988-aa99-b5c1517008d9,1,62351,-84,1596526834136 ea43594a-1652-4c0a-a396-ae4877d105f0,64745,17995,-91,1596526834171 b5b182c7-eab1-4988-aa99-b5c1517008d9,1,7223,-75,1596526838498 b5b182c7-eab1-4988-aa99-b5c1517008d9,1,64049,-92,1596526834456 b5b182c7-eab1-4988-aa99-b5c1517008d9,1,6065,-84,1596526833961 b5b182c7-eab1-4988-aa99-b5c1517008d9,1,41173,-77,1596526833451 0102200b-888f-0100-00c4-69ea37fe4ae2,34729,5034,-91,1596526824458 0c807199-0767-4dd5-9d63-0acd75c0183f,6899,8337,-99,1596526833562 b5b182c7-eab1-4988-aa99-b5c1517008d9,1,37593,-90,1596526834217 b5b182c7-eab1-4988-aa99-b5c1517008d9,1,63622,-93,1596526833782 b5b182c7-eab1-4988-aa99-b5c1517008d9,1,36790,-74,1596526833696
1596526838609 b5b182c7-eab1-4988-aa99-b5c1517008d9,1,32561,-92,1596526838610 0c807199-0767-4dd5-9d63-0acd75c0183f,6235,15709,-96,1596526828234 b5b182c7-eab1-4988-aa99-b5c1517008d9,1,54185,-84,1596526833846 b5b182c7-eab1-4988-aa99-b5c1517008d9,1,12760,-86,1596526834451 b5b182c7-eab1-4988-aa99-b5c1517008d9,1,40336,-89,1596526834051 b5b182c7-eab1-4988-aa99-b5c1517008d9,1,48946,-95,1596526833406 b5b182c7-eab1-4988-aa99-b5c1517008d9,1,62351,-84,1596526834136 ea43594a-1652-4c0a-a396-ae4877d105f0,64745,17995,-91,1596526834171 b5b182c7-eab1-4988-aa99-b5c1517008d9,1,7223,-75,1596526838498 b5b182c7-eab1-4988-aa99-b5c1517008d9,1,64049,-92,1596526834456 b5b182c7-eab1-4988-aa99-b5c1517008d9,1,6065,-84,1596526833961 b5b182c7-eab1-4988-aa99-b5c1517008d9,1,41173,-77,1596526833451 0102200b-888f-0100-00c4-69ea37fe4ae2,34729,5034,-91,1596526824458 0c807199-0767-4dd5-9d63-0acd75c0183f,6899,8337,-99,1596526833562 b5b182c7-eab1-4988-aa99-b5c1517008d9,1,37593,-90,1596526834217 b5b182c7-eab1-4988-aa99-b5c1517008d9,1,63622,-93,1596526833782 b5b182c7-eab1-4988-aa99-b5c1517008d9,1,36790,-74,1596526833697
1596526838695 b5b182c7-eab1-4988-aa99-b5c1517008d9,1,32561,-92,1596526838610 0c807199-0767-4dd5-9d63-0acd75c0183f,6235,15709,-96,1596526828234 b5b182c7-eab1-4988-aa99-b5c1517008d9,1,54185,-84,1596526833846 b5b182c7-eab1-4988-aa99-b5c1517008d9,1,12760,-86,1596526834451 b5b182c7-eab1-4988-aa99-b5c1517008d9,1,40336,-89,1596526834051 b5b182c7-eab1-4988-aa99-b5c1517008d9,1,48946,-95,1596526833406 b5b182c7-eab1-4988-aa99-b5c1517008d9,1,62351,-84,1596526834136 ea43594a-1652-4c0a-a396-ae4877d105f0,64745,17995,-91,1596526834171 b5b182c7-eab1-4988-aa99-b5c1517008d9,1,7223,-75,1596526838498 b5b182c7-eab1-4988-aa99-b5c1517008d9,1,64049,-92,1596526838696 b5b182c7-eab1-4988-aa99-b5c1517008d9,1,6065,-84,1596526833961 b5b182c7-eab1-4988-aa99-b5c1517008d9,1,41173,-77,1596526833451 0102200b-888f-0100-00c4-69ea37fe4ae2,34729,5034,-91,1596526824458 0c807199-0767-4dd5-9d63-0acd75c0183f,6899,8337,-99,1596526833562 b5b182c7-eab1-4988-aa99-b5c1517008d9,1,37593,-90,1596526834217 b5b182c7-eab1-4988-aa99-b5c1517008d9,1,63622,-93,1596526833782 b5b182c7-eab1-4988-aa99-b5c1517008d9,1,36790,-74,1596526833697
1596526838849 b5b182c7-eab1-4988-aa99-b5c1517008d9,1,32561,-92,1596526838849 0c807199-0767-4dd5-9d63-0acd75c0183f,6235,15709,-96,1596526828234 b5b182c7-eab1-4988-aa99-b5c1517008d9,1,54185,-84,1596526833846 b5b182c7-eab1-4988-aa99-b5c1517008d9,1,12760,-86,1596526834451 b5b182c7-eab1-4988-aa99-b5c1517008d9,1,40336,-89,1596526834051 b5b182c7-eab1-4988-aa99-b5c1517008d9,1,48946,-95,1596526833406 b5b182c7-eab1-4988-aa99-b5c1517008d9,1,62351,-84,1596526834135 ea43594a-1652-4c0a-a396-ae4877d105f0,64745,17995,-91,1596526834170 b5b182c7-eab1-4988-aa99-b5c1517008d9,1,7223,-75,1596526838498 b5b182c7-eab1-4988-aa99-b5c1517008d9,1,64049,-92,1596526838696 b5b182c7-eab1-4988-aa99-b5c1517008d9,1,6065,-84,1596526833961 b5b182c7-eab1-4988-aa99-b5c1517008d9,1,41173,-77,1596526833451 0102200b-888f-0100-00c4-69ea37fe4ae2,34729,5034,-91,1596526824458 0c807199-0767-4dd5-9d63-0acd75c0183f,6899,8337,-99,1596526833562 b5b182c7-eab1-4988-aa99-b5c1517008d9,1,37593,-90,1596526834217 b5b182c7-eab1-4988-aa99-b5c1517008d9,1,63622,-93,1596526833782 b5b182c7-eab1-4988-aa99-b5c1517008d9,1,36790,-74,1596526833697
1596526838903 b5b182c7-eab1-4988-aa99-b5c1517008d9,1,32561,-92,1596526838849 0c807199-0767-4dd5-9d63-0acd75c0183f,6235,15709,-96,1596526828234 b5b182c7-eab1-4988-aa99-b5c1517008d9,1,54185,-84,1596526833846 b5b182c7-eab1-4988-aa99-b5c1517008d9,1,12760,-86,1596526834450 b5b182c7-eab1-4988-aa99-b5c1517008d9,1,19381,-71,1596526838902 b5b182c7-eab1-4988-aa99-b5c1517008d9,1,40336,-89,1596526834051 b5b182c7-eab1-4988-aa99-b5c1517008d9,1,48946,-95,1596526833406 b5b182c7-eab1-4988-aa99-b5c1517008d9,1,62351,-84,1596526834136 ea43594a-1652-4c0a-a396-ae4877d105f0,64745,17995,-91,1596526834171 b5b182c7-eab1-4988-aa99-b5c1517008d9,1,7223,-75,1596526838498 b5b182c7-eab1-4988-aa99-b5c1517008d9,1,64049,-92,1596526838696 b5b182c7-eab1-4988-aa99-b5c1517008d9,1,6065,-84,1596526833961 b5b182c7-eab1-4988-aa99-b5c1517008d9,1,41173,-77,1596526833451 0102200b-888f-0100-00c4-69ea37fe4ae2,34729,5034,-91,1596526824458 0c807199-0767-4dd5-9d63-0acd75c0183f,6899,8337,-99,1596526833562 b5b182c7-eab1-4988-aa99-b5c1517008d9,1,37593,-90,1596526834217 b5b182c7-eab1-4988-aa99-b5c1517008d9,1,63622,-93,1596526833782 b5b182c7-eab1-4988-aa99-b5c1517008d9,1,36790,-74,1596526833697
1596526838909 b5b182c7-eab1-4988-aa99-b5c1517008d9,1,32561,-92,1596526838849 0c807199-0767-4dd5-9d63-0acd75c0183f,6235,15709,-96,1596526828234 b5b182c7-eab1-4988-aa99-b5c1517008d9,1,54185,-84,1596526838909 b5b182c7-eab1-4988-aa99-b5c1517008d9,1,12760,-86,1596526834451 b5b182c7-eab1-4988-aa99-b5c1517008d9,1,19381,-71,1596526838903 b5b182c7-eab1-4988-aa99-b5c1517008d9,1,40336,-89,1596526834051 b5b182c7-eab1-4988-aa99-b5c1517008d9,1,48946,-95,1596526833406 b5b182c7-eab1-4988-aa99-b5c1517008d9,1,62351,-84,1596526834136 ea43594a-1652-4c0a-a396-ae4877d105f0,64745,17995,-91,1596526834171 b5b182c7-eab1-4988-aa99-b5c1517008d9,1,7223,-75,1596526838498 b5b182c7-eab1-4988-aa99-b5c1517008d9,1,64049,-92,1596526838695 b5b182c7-eab1-4988-aa99-b5c1517008d9,1,6065,-84,1596526833961 b5b182c7-eab1-4988-aa99-b5c1517008d9,1,41173,-77,1596526833451 0102200b-888f-0100-00c4-69ea37fe4ae2,34729,5034,-91,1596526824458 0c807199-0767-4dd5-9d63-0acd75c0183f,6899,8337,-99,1596526833562 b5b182c7-eab1-4988-aa99-b5c1517008d9,1,37593,-90,1596526834217 b5b182c7-eab1-4988-aa99-b5c1517008d9,1,63622,-93,1596526833782 b5b182c7-eab1-4988-aa99-b5c1517008d9,1,36790,-74,1596526833697
1596526838928 b5b182c7-eab1-4988-aa99-b5c1517008d9,1,32561,-92,1596526838928 0c807199-0767-4dd5-9d63-0acd75c0183f,6235,15709,-96,1596526828234 b5b182c7-eab1-4988-aa99-b5c1517008d9,1,54185,-84,1596526838909 b5b182c7-eab1-4988-aa99-b5c1517008d9,1,12760,-86,1596526834451 b5b182c7-eab1-4988-aa99-b5c1517008d9,1,19381,-71,1596526838903 b5b182c7-eab1-4988-aa99-b5c1517008d9,1,40336,-89,1596526834051 b5b182c7-eab1-4988-aa99-b5c1517008d9,1,48946,-95,1596526833405 b5b182c7-eab1-4988-aa99-b5c1517008d9,1,62351,-84,1596526834135 ea43594a-1652-4c0a-a396-ae4877d105f0,64745,17995,-91,1596526834171 b5b182c7-eab1-4988-aa99-b5c1517008d9,1,7223,-75,1596526838498 b5b182c7-eab1-4988-aa99-b5c1517008d9,1,64049,-92,1596526838696 b5b182c7-eab1-4988-aa99-b5c1517008d9,1,6065,-84,1596526833961 b5b182c7-eab1-4988-aa99-b5c1517008d9,1,41173,-77,1596526833451 0102200b-888f-0100-00c4-69ea37fe4ae2,34729,5034,-91,1596526824458 0c807199-0767-4dd5-9d63-0acd75c0183f,6899,8337,-99,1596526833562 b5b182c7-eab1-4988-aa99-b5c1517008d9,1,37593,-90,1596526834217 b5b182c7-eab1-4988-aa99-b5c1517008d9,1,63622,-93,1596526833782 b5b182c7-eab1-4988-aa99-b5c1517008d9,1,36790,-74,1596526833697
1596526839095 b5b182c7-eab1-4988-aa99-b5c1517008d9,1,32561,-92,1596526838928 0c807199-0767-4dd5-9d63-0acd75c0183f,6235,15709,-96,1596526828234 b5b182c7-eab1-4988-aa99-b5c1517008d9,1,54185,-84,1596526838909 b5b182c7-eab1-4988-aa99-b5c1517008d9,1,12760,-86,1596526834451 b5b182c7-eab1-4988-aa99-b5c1517008d9,1,31184,-90,1596526839095 b5b182c7-eab1-4988-aa99-b5c1517008d9,1,19381,-71,1596526838903 b5b182c7-eab1-4988-aa99-b5c1517008d9,1,40336,-89,1596526834051 b5b182c7-eab1-4988-aa99-b5c1517008d9,1,48946,-95,1596526833405 b5b182c7-eab1-4988-aa99-b5c1517008d9,1,62351,-84,1596526834135 ea43594a-1652-4c0a-a396-ae4877d105f0,64745,17995,-91,1596526834171 b5b182c7-eab1-4988-aa99-b5c1517008d9,1,7223,-75,1596526838498 b5b182c7-eab1-4988-aa99-b5c1517008d9,1,64049,-92,1596526838696 b5b182c7-eab1-4988-aa99-b5c1517008d9,1,6065,-84,1596526833961 b5b182c7-eab1-4988-aa99-b5c1517008d9,1,41173,-77,1596526833451 0102200b-888f-0100-00c4-69ea37fe4ae2,34729,5034,-91,1596526824458 0c807199-0767-4dd5-9d63-0acd75c0183f,6899,8337,-99,1596526833562 b5b182c7-eab1-4988-aa99-b5c1517008d9,1,37593,-90,1596526834217 b5b182c7-eab1-4988-aa99-b5c1517008d9,1,63622,-93,1596526833782 b5b182c7-eab1-4988-aa99-b5c1517008d9,1,36790,-74,1596526833697
1596526839104 b5b182c7-eab1-4988-aa99-b5c1517008d9,1,32561,-92,1596526838928 0c807199-0767-4dd5-9d63-0acd75c0183f,6235,15709,-96,1596526828234 b5b182c7-eab1-4988-aa99-b5c1517008d9,1,54185,-84,1596526838909 b5b182c7-eab1-4988-aa99-b5c1517008d9,1,12760,-86,1596526834451 b5b182c7-eab1-4988-aa99-b5c1517008d9,1,31184,-90,1596526839095 b5b182c7-eab1-4988-aa99-b5c1517008d9,1,19381,-71,1596526838903 b5b182c7-eab1-4988-aa99-b5c1517008d9,1,40336,-89,1596526834051 b5b182c7-eab1-4988-aa99-b5c1517008d9,1,48946,-95,1596526833406 b5b182c7-eab1-4988-aa99-b5c1517008d9,1,62351,-84,1596526834136 ea43594a-1652-4c0a-a396-ae4877d105f0,64745,17995,-91,1596526834171 b5b182c7-eab1-4988-aa99-b5c1517008d9,1,7223,-75,1596526838498 b5b182c7-eab1-4988-aa99-b5c1517008d9,1,64049,-92,1596526839104 b5b182c7-eab1-4988-aa99-b5c1517008d9,1,6065,-84,1596526833961 b5b182c7-eab1-4988-aa99-b5c1517008d9,1,41173,-77,1596526833451 0102200b-888f-0100-00c4-69ea37fe4ae2,34729,5034,-91,1596526824458 0c807199-0767-4dd5-9d63-0acd75c0183f,6899,8337,-99,1596526833562 b5b182c7-eab1-4988-aa99-b5c1517008d9,1,37593,-90,1596526834217 b5b182c7-eab1-4988-aa99-b5c1517008d9,1,63622,-93,1596526833782 b5b182c7-eab1-4988-aa99-b5c1517008d9,1,36790,-74,1596526833697
1596526839134 b5b182c7-eab1-4988-aa99-b5c1517008d9,1,32561,-92,1596526839133 0c807199-0767-4dd5-9d63-0acd75c0183f,6235,15709,-96,1596526828233 b5b182c7-eab1-4988-aa99-b5c1517008d9,1,54185,-84,1596526838909 b5b182c7-eab1-4988-aa99-b5c1517008d9,1,12760,-86,1596526834451 b5b182c7-eab1-4988-aa99-b5c1517008d9,1,31184,-90,1596526839095 b5b182c7-eab1-4988-aa99-b5c1517008d9,1,19381,-71,1596526838903 b5b182c7-eab1-4988-aa99-b5c1517008d9,1,40336,-89,1596526834051 b5b182c7-eab1-4988-aa99-b5c1517008d9,1,48946,-95,1596526833406 b5b182c7-eab1-4988-aa99-b5c1517008d9,1,62351,-84,1596526834136 ea43594a-1652-4c0a-a396-ae4877d105f0,64745,17995,-91,1596526834171 b5b182c7-eab1-4988-aa99-b5c1517008d9,1,7223,-75,1596526838498 b5b182c7-eab1-4988-aa99-b5c1517008d9,1,64049,-92,1596526839104 b5b182c7-eab1-4988-aa99-b5c1517008d9,1,6065,-84,1596526833961 b5b182c7-eab1-4988-aa99-b5c1517008d9,1,41173,-77,1596526833451 0102200b-888f-0100-00c4-69ea37fe4ae2,34729,5034,-91,1596526824458 0c807199-0767-4dd5-9d63-0acd75c0183f,6899,8337,-99,1596526833562 b5b182c7-eab1-4988-aa99-b5c1517008d9,1,37593,-90,1596526834217 b5b182c7-eab1-4988-aa99-b5c1517008d9,1,63622,-93,1596526833782 b5b182c7-eab1-4988-aa99-b5c1517008d9,1,36790,-74,1596526833697
1596526839187 b5b182c7-eab1-4988-aa99-b5c1517008d9,1,32561,-92,1596526839134 0c807199-0767-4dd5-9d63-0acd75c0183f,6235,15709,-96,1596526828234 b5b182c7-eab1-4988-aa99-b5c1517008d9,1,54185,-84,1596526838909 b5b182c7-eab1-4988-aa99-b5c1517008d9,1,12760,-86,1596526834451 b5b182c7-eab1-4988-aa99-b5c1517008d9,1,31184,-90,1596526839095 b5b182c7-eab1-4988-aa99-b5c1517008d9,1,19381,-71,1596526838903 b5b182c7-eab1-4988-aa99-b5c1517008d9,1,40336,-89,1596526834051 b5b182c7-eab1-4988-aa99-b5c1517008d9,1,48946,-95,1596526833406 b5b182c7-eab1-4988-aa99-b5c1517008d9,1,62351,-84,1596526839187 ea43594a-1652-4c0a-a396-ae4877d105f0,64745,17995,-91,1596526834171 b5b182c7-eab1-4988-aa99-b5c1517008d9,1,7223,-75,1596526838498 b5b182c7-eab1-4988-aa99-b5c1517008d9,1,64049,-92,1596526839104 b5b182c7-eab1-4988-aa99-b5c1517008d9,1,6065,-84,1596526833961 b5b182c7-eab1-4988-aa99-b5c1517008d9,1,41173,-77,1596526833451 0102200b-888f-0100-00c4-69ea37fe4ae2,34729,5034,-91,1596526824458 0c807199-0767-4dd5-9d63-0acd75c0183f,6899,8337,-99,1596526833562 b5b182c7-eab1-4988-aa99-b5c1517008d9,1,37593,-90,1596526834217 b5b182c7-eab1-4988-aa99-b5c1517008d9,1,63622,-93,1596526833782 b5b182c7-eab1-4988-aa99-b5c1517008d9,1,36790,-74,1596526833697
1596526839244 b5b182c7-eab1-4988-aa99-b5c1517008d9,1,32561,-92,1596526839134 0c807199-0767-4dd5-9d63-0acd75c0183f,6235,15709,-96,1596526828234 b5b182c7-eab1-4988-aa99-b5c1517008d9,1,54185,-84,1596526838909 b5b182c7-eab1-4988-aa99-b5c1517008d9,1,12760,-86,1596526834451 b5b182c7-eab1-4988-aa99-b5c1517008d9,1,31184,-90,1596526839095 b5b182c7-eab1-4988-aa99-b5c1517008d9,1,19381,-71,1596526838903 b5b182c7-eab1-4988-aa99-b5c1517008d9,1,40336,-89,1596526834051 b5b182c7-eab1-4988-aa99-b5c1517008d9,1,48946,-95,1596526833406 b5b182c7-eab1-4988-aa99-b5c1517008d9,1,62351,-84,1596526839187 ea43594a-1652-4c0a-a396-ae4877d105f0,64745,17995,-91,1596526834171 b5b182c7-eab1-4988-aa99-b5c1517008d9,1,7223,-75,1596526838498 b5b182c7-eab1-4988-aa99-b5c1517008d9,1,64049,-92,1596526839104 b5b182c7-eab1-4988-aa99-b5c1517008d9,1,6065,-84,1596526833961 b5b182c7-eab1-4988-aa99-b5c1517008d9,1,41173,-77,1596526833451 0102200b-888f-0100-00c4-69ea37fe4ae2,34729,5034,-91,1596526824458 0c807199-0767-4dd5-9d63-0acd75c0183f,6899,8337,-99,1596526833562 b5b182c7-eab1-4988-aa99-b5c1517008d9,1,37593,-90,1596526839245 b5b182c7-eab1-4988-aa99-b5c1517008d9,1,63622,-93,1596526833782 b5b182c7-eab1-4988-aa99-b5c1517008d9,1,36790,-74,1596526833697
1596526839397 b5b182c7-eab1-4988-aa99-b5c1517008d9,1,32561,-92,1596526839133 0c807199-0767-4dd5-9d63-0acd75c0183f,6235,15709,-96,1596526828233 b5b182c7-eab1-4988-aa99-b5c1517008d9,1,54185,-84,1596526838908 b5b182c7-eab1-4988-aa99-b5c1517008d9,1,12760,-86,1596526834451 b5b182c7-eab1-4988-aa99-b5c1517008d9,1,31184,-90,1596526839095 b5b182c7-eab1-4988-aa99-b5c1517008d9,1,19381,-71,1596526838903 b5b182c7-eab1-4988-aa99-b5c1517008d9,1,40336,-89,1596526834051 b5b182c7-eab1-4988-aa99-b5c1517008d9,1,48946,-95,1596526833406 b5b182c7-eab1-4988-aa99-b5c1517008d9,1,62351,-84,1596526839187 ea43594a-1652-4c0a-a396-ae4877d105f0,64745,17995,-91,1596526834171 b5b182c7-eab1-4988-aa99-b5c1517008d9,1,7223,-75,1596526838498 b5b182c7-eab1-4988-aa99-b5c1517008d9,1,64049,-92,1596526839104 b5b182c7-eab1-4988-aa99-b5c1517008d9,1,6065,-84,1596526833961 8c1c6494-028a-4127-ab85-8f589a082daf,50071,18661,-95,1596526839397 b5b182c7-eab1-4988-aa99-b5c1517008d9,1,41173,-77,1596526833451 0102200b-888f-0100-00c4-69ea37fe4ae2,34729,5034,-91,1596526824458 0c807199-0767-4dd5-9d63-0acd75c0183f,6899,8337,-99,1596526833562 b5b182c7-eab1-4988-aa99-b5c1517008d9,1,37593,-90,1596526839245 b5b182c7-eab1-4988-aa99-b5c1517008d9,1,63622,-93,1596526833782 b5b182c7-eab1-4988-aa99-b5c1517008d9,1,36790,-74,1596526833697
1596526839402 b5b182c7-eab1-4988-aa99-b5c1517008d9,1,32561,-92,1596526839134 0c807199-0767-4dd5-9d63-0acd75c0183f,6235,15709,-96,1596526828234 b5b182c7-eab1-4988-aa99-b5c1517008d9,1,54185,-84,1596526838909 b5b182c7-eab1-4988-aa99-b5c1517008d9,1,12760,-86,1596526834451 b5b182c7-eab1-4988-aa99-b5c1517008d9,1,31184,-90,1596526839095 b5b182c7-eab1-4988-aa99-b5c1517008d9,1,19381,-71,1596526839402 b5b182c7-eab1-4988-aa99-b5c1517008d9,1,40336,-89,1596526834050 b5b182c7-eab1-4988-aa99-b5c1517008d9,1,48946,-95,1596526833405 b5b182c7-eab1-4988-aa99-b5c1517008d9,1,62351,-84,1596526839186 ea43594a-1652-4c0a-a396-ae4877d105f0,64745,17995,-91,1596526834170 b5b182c7-eab1-4988-aa99-b5c1517008d9,1,7223,-75,1596526838498 b5b182c7-eab1-4988-aa99-b5c1517008d9,1,64049,-92,1596526839104 b5b182c7-eab1-4988-aa99-b5c1517008d9,1,6065,-84,1596526833961 8c1c6494-028a-4127-ab85-8f589a082daf,50071,18661,-95,1596526839397 b5b182c7-eab1-4988-aa99-b5c1517008d9,1,41173,-77,1596526833451 0102200b-888f-0100-00c4-69ea37fe4ae2,34729,5034,-91,1596526824458 0c807199-0767-4dd5-9d63-0acd75c0183f,6899,8337,-99,1596526833562 b5b182c7-eab1-4988-aa99-b5c1517008d9,1,37593,-90,1596526839245 b5b182c7-eab1-4988-aa99-b5c1517008d9,1,63622,-93,1596526833782 b5b182c7-eab1-4988-aa99-b5c1517008d9,1,36790,-74,1596526833697
1596526839474 b5b182c7-eab1-4988-aa99-b5c1517008d9,1,32561,-92,1596526839134 0c807199-0767-4dd5-9d63-0acd75c0183f,6235,15709,-96,1596526828233 b5b182c7-eab1-4988-aa99-b5c1517008d9,1,54185,-84,1596526838908 b5b182c7-eab1-4988-aa99-b5c1517008d9,1,12760,-86,1596526839473 b5b182c7-eab1-4988-aa99-b5c1517008d9,1,31184,-90,1596526839094 b5b182c7-eab1-4988-aa99-b5c1517008d9,1,19381,-71,1596526839402 b5b182c7-eab1-4988-aa99-b5c1517008d9,1,40336,-89,1596526834051 b5b182c7-eab1-4988-aa99-b5c1517008d9,1,48946,-95,1596526833406 b5b182c7-eab1-4988-aa99-b5c1517008d9,1,62351,-84,1596526839187 ea43594a-1652-4c0a-a396-ae4877d105f0,64745,17995,-91,1596526834171 b5b182c7-eab1-4988-aa99-b5c1517008d9,1,7223,-75,1596526838498 b5b182c7-eab1-4988-aa99-b5c1517008d9,1,64049,-92,1596526839104 b5b182c7-eab1-4988-aa99-b5c1517008d9,1,6065,-84,1596526833961 8c1c6494-028a-4127-ab85-8f589a082daf,50071,18661,-95,1596526839397 b5b182c7-eab1-4988-aa99-b5c1517008d9,1,41173,-77,1596526833451 0102200b-888f-0100-00c4-69ea37fe4ae2,34729,5034,-91,1596526824458 0c807199-0767-4dd5-9d63-0acd75c0183f,6899,8337,-99,1596526833562 b5b182c7-eab1-4988-aa99-b5c1517008d9,1,37593,-90,1596526839245 b5b182c7-eab1-4988-aa99-b5c1517008d9,1,63622,-93,1596526833782 b5b182c7-eab1-4988-aa99-b5c1517008d9,1,36790,-74,1596526833697
1596526839503 b5b182c7-eab1-4988-aa99-b5c1517008d9,1,32561,-92,1596526839134 0c807199-0767-4dd5-9d63-0acd75c0183f,6235,15709,-96,1596526828234 b5b182c7-eab1-4988-aa99-b5c1517008d9,1,54185,-84,1596526838909 b5b182c7-eab1-4988-aa99-b5c1517008d9,1,12760,-86,1596526839474 b5b182c7-eab1-4988-aa99-b5c1517008d9,1,31184,-90,1596526839095 b5b182c7-eab1-4988-aa99-b5c1517008d9,1,19381,-71,1596526839402 b5b182c7-eab1-4988-aa99-b5c1517008d9,1,40336,-89,1596526834051 b5b182c7-eab1-4988-aa99-b5c1517008d9,1,48946,-95,1596526833406 b5b182c7-eab1-4988-aa99-b5c1517008d9,1,62351,-84,1596526839187 ea43594a-1652-4c0a-a396-ae4877d105f0,64745,17995,-91,1596526834171 b5b182c7-eab1-4988-aa99-b5c1517008d9,1,7223,-75,1596526838498 b5b182c7-eab1-4988-aa99-b5c1517008d9,1,64049,-92,1596526839104 b5b182c7-eab1-4988-aa99-b5c1517008d9,1,6065,-84,1596526839503 8c1c6494-028a-4127-ab85-8f589a082daf,50071,18661,-95,1596526839397 b5b182c7-eab1-4988-aa99-b5c1517008d9,1,41173,-77,1596526833451 0102200b-888f-0100-00c4-69ea37fe4ae2,34729,5034,-91,1596526824458 0c807199-0767-4dd5-9d63-0acd75c0183f,6899,8337,-99,1596526833562 b5b182c7-eab1-4988-aa99-b5c1517008d9,1,37593,-90,1596526839245 b5b182c7-eab1-4988-aa99-b5c1517008d9,1,63622,-93,1596526833781 b5b182c7-eab1-4988-aa99-b5c1517008d9,1,36790,-74,1596526833697
1596526843632 b5b182c7-eab1-4988-aa99-b5c1517008d9,1,32561,-92,1596526839134 0c807199-0767-4dd5-9d63-0acd75c0183f,6235,15709,-96,1596526828234 b5b182c7-eab1-4988-aa99-b5c1517008d9,1,54185,-84,1596526838909 b5b182c7-eab1-4988-aa99-b5c1517008d9,1,12760,-86,1596526839474 b5b182c7-eab1-4988-aa99-b5c1517008d9,1,31184,-90,1596526843632 b5b182c7-eab1-4988-aa99-b5c1517008d9,1,19381,-71,1596526839402 b5b182c7-eab1-4988-aa99-b5c1517008d9,1,40336,-89,1596526834051 b5b182c7-eab1-4988-aa99-b5c1517008d9,1,48946,-95,1596526833406 b5b182c7-eab1-4988-aa99-b5c1517008d9,1,62351,-84,1596526839187 ea43594a-1652-4c0a-a396-ae4877d105f0,64745,17995,-91,1596526834171 b5b182c7-eab1-4988-aa99-b5c1517008d9,1,7223,-75,1596526838498 b5b182c7-eab1-4988-aa99-b5c1517008d9,1,64049,-92,1596526839104 b5b182c7-eab1-4988-aa99-b5c1517008d9,1,6065,-84,1596526839503 8c1c6494-028a-4127-ab85-8f589a082daf,50071,18661,-95,1596526839397 b5b182c7-eab1-4988-aa99-b5c1517008d9,1,41173,-77,1596526833451 0102200b-888f-0100-00c4-69ea37fe4ae2,34729,5034,-91,1596526824458 0c807199-0767-4dd5-9d63-0acd75c0183f,6899,8337,-99,1596526833561 b5b182c7-eab1-4988-aa99-b5c1517008d9,1,37593,-90,1596526839244 b5b182c7-eab1-4988-aa99-b5c1517008d9,1,63622,-93,1596526833781 b5b182c7-eab1-4988-aa99-b5c1517008d9,1,36790,-74,1596526833697
1596526843652 b5b182c7-eab1-4988-aa99-b5c1517008d9,1,32561,-92,1596526839134 0c807199-0767-4dd5-9d63-0acd75c0183f,6235,15709,-96,1596526828234 b5b182c7-eab1-4988-aa99-b5c1517008d9,1,54185,-84,1596526838909 b5b182c7-eab1-4988-aa99-b5c1517008d9,1,12760,-86,1596526839474 b5b182c7-eab1-4988-aa99-b5c1517008d9,1,31184,-90,1596526843632 b5b182c7-eab1-4988-aa99-b5c1517008d9,1,19381,-71,1596526839402 b5b182c7-eab1-4988-aa99-b5c1517008d9,1,40336,-89,1596526843652 b5b182c7-eab1-4988-aa99-b5c1517008d9,1,48946,-95,1596526833405 b5b182c7-eab1-4988-aa99-b5c1517008d9,1,62351,-84,1596526839186 ea43594a-1652-4c0a-a396-ae4877d105f0,64745,17995,-91,1596526834170 b5b182c7-eab1-4988-aa99-b5c1517008d9,1,7223,-75,1596526838498 b5b182c7-eab1-4988-aa99-b5c1517008d9,1,64049,-92,1596526839104 b5b182c7-eab1-4988-aa99-b5c1517008d9,1,6065,-84,1596526839503 8c1c6494-028a-4127-ab85-8f589a082daf,50071,18661,-95,1596526839397 b5b182c7-eab1-4988-aa99-b5c1517008d9,1,41173,-77,1596526833451 0102200b-888f-0100-00c4-69ea37fe4ae2,34729,5034,-91,1596526824458 0c807199-0767-4dd5-9d63-0acd75c0183f,6899,8337,-99,1596526833562 b5b182c7-eab1-4988-aa99-b5c1517008d9,1,37593,-90,1596526839245 b5b182c7-eab1-4988-aa99-b5c1517008d9,1,63622,-93,1596526833782 b5b182c7-eab1-4988-aa99-b5c1517008d9,1,36790,-74,1596526833697
1596526843666 b5b182c7-eab1-4988-aa99-b5c1517008d9,1,32561,-92,1596526843666 0c807199-0767-4dd5-9d63-0acd75c0183f,6235,15709,-96,1596526828234 b5b182c7-eab1-4988-aa99-b5c1517008d9,1,54185,-84,1596526838909 b5b182c7-eab1-4988-aa99-b5c1517008d9,1,12760,-86,1596526839474 b5b182c7-eab1-4988-aa99-b5c1517008d9,1,31184,-90,1596526843632 b5b182c7-eab1-4988-aa99-b5c1517008d9,1,19381,-71,1596526839402 b5b182c7-eab1-4988-aa99-b5c1517008d9,1,40336,-89,1596526843652 b5b182c7-eab1-4988-aa99-b5c1517008d9,1,48946,-95,1596526833406 b5b182c7-eab1-4988-aa99-b5c1517008d9,1,62351,-84,1596526839187 ea43594a-1652-4c0a-a396-ae4877d105f0,64745,17995,-91,1596526834171 b5b182c7-eab1-4988-aa99-b5c1517008d9,1,7223,-75,1596526838498 b5b182c7-eab1-4988-aa99-b5c1517008d9,1,64049,-92,1596526839104 b5b182c7-eab1-4988-aa99-b5c1517008d9,1,6065,-84,1596526839503 8c1c6494-028a-4127-ab85-8f589a082daf,50071,18661,-95,1596526839397 b5b182c7-eab1-4988-aa99-b5c1517008d9,1,41173,-77,1596526833451 0102200b-888f-0100-00c4-69ea37fe4ae2,34729,5034,-91,1596526824457 0c807199-0767-4dd5-9d63-0acd75c0183f,6899,8337,-99,1596526833562 b5b182c7-eab1-4988-aa99-b5c1517008d9,1,37593,-90,1596526839245 b5b182c7-eab1-4988-aa99-b5c1517008d9,1,63622,-93,1596526833782 b5b182c7-eab1-4988-aa99-b5c1517008d9,1,36790,-74,1596526833697
1596526843864 b5b182c7-eab1-4988-aa99-b5c1517008d9,1,32561,-92,1596526843864 0c807199-0767-4dd5-9d63-0acd75c0183f,6235,15709,-96,1596526828234 b5b182c7-eab1-4988-aa99-b5c1517008d9,1,54185,-84,1596526838909 b5b182c7-eab1-4988-aa99-b5c1517008d9,1,12760,-86,1596526839474 b5b182c7-eab1-4988-aa99-b5c1517008d9,1,31184,-90,1596526843632 b5b182c7-eab1-4988-aa99-b5c1517008d9,1,19381,-71,1596526839402 b5b182c7-eab1-4988-aa99-b5c1517008d9,1,40336,-89,1596526843652 b5b182c7-eab1-4988-aa99-b5c1517008d9,1,48946,-95,1596526833406 b5b182c7-eab1-4988-aa99-b5c1517008d9,1,62351,-84,1596526839187 ea43594a-1652-4c0a-a396-ae4877d105f0,64745,17995,-91,1596526834171 b5b182c7-eab1-4988-aa99-b5c1517008d9,1,7223,-75,1596526838498 b5b182c7-eab1-4988-aa99-b5c1517008d9,1,64049,-92,1596526839104 b5b182c7-eab1-4988-aa99-b5c1517008d9,1,6065,-84,1596526839503 8c1c6494-028a-4127-ab85-8f589a082daf,50071,18661,-95,1596526839397 b5b182c7-eab1-4988-aa99-b5c1517008d9,1,41173,-77,1596526833451 0102200b-888f-0100-00c4-69ea37fe4ae2,34729,5034,-91,1596526824457 0c807199-0767-4dd5-9d63-0acd75c0183f,6899,8337,-99,1596526833561 b5b182c7-eab1-4988-aa99-b5c1517008d9,1,37593,-90,1596526839245 b5b182c7-eab1-4988-aa99-b5c1517008d9,1,63622,-93,1596526833782 b5b182c7-eab1-4988-aa99-b5c1517008d9,1,36790,-74,1596526833697
1596526843909 b5b182c7-eab1-4988-aa99-b5c1517008d9,1,32561,-92,1596526843864 0c807199-0767-4dd5-9d63-0acd75c0183f,6235,15709,-96,1596526828234 b5b182c7-eab1-4988-aa99-b5c1517008d9,1,54185,-84,1596526838909 b5b182c7-eab1-4988-aa99-b5c1517008d9,1,12760,-86,1596526839474 b5b182c7-eab1-4988-aa99-b5c1517008d9,1,31184,-90,1596526843632 b5b182c7-eab1-4988-aa99-b5c1517008d9,1,19381,-71,1596526839402 b5b182c7-eab1-4988-aa99-b5c1517008d9,1,40336,-89,1596526843652 b5b182c7-eab1-4988-aa99-b5c1517008d9,1,48946,-95,1596526833406 b5b182c7-eab1-4988-aa99-b5c1517008d9,1,62351,-84,1596526839187 ea43594a-1652-4c0a-a396-ae4877d105f0,64745,17995,-91,1596526834171 b5b182c7-eab1-4988-aa99-b5c1517008d9,1,7223,-75,1596526838498 b5b182c7-eab1-4988-aa99-b5c1517008d9,1,64049,-92,1596526839104 b5b182c7-eab1-4988-aa99-b5c1517008d9,1,6065,-84,1596526839503 8c1c6494-028a-4127-ab85-8f589a082daf,50071,18661,-95,1596526839397 43795068-794d-6564-6961-426561636f6e,1702,39048,-94,1596526843909 b5b182c7-eab1-4988-aa99-b5c1517008d9,1,41173,-77,1596526833451 0102200b-888f-0100-00c4-69ea37fe4ae2,34729,5034,-91,1596526824458 0c807199-0767-4dd5-9d63-0acd75c0183f,6899,8337,-99,1596526833561 b5b182c7-eab1-4988-aa99-b5c1517008d9,1,37593,-90,1596526839244 b5b182c7-eab1-4988-aa99-b5c1517008d9,1,63622,-93,1596526833782 b5b182c7-eab1-4988-aa99-b5c1517008d9,1,36790,-74,1596526833697
1596526843940 b5b182c7-eab1-4988-aa99-b5c1517008d9,1,32561,-92,1596526843864 0c807199-0767-4dd5-9d63-0acd75c0183f,6235,15709,-96,1596526828234 b5b182c7-eab1-4988-aa99-b5c1517008d9,1,54185,-84,1596526838909 b5b182c7-eab1-4988-aa99-b5c1517008d9,1,12760,-86,1596526839474 b5b182c7-eab1-4988-aa99-b5c1517008d9,1,31184,-90,1596526843632 b5b182c7-eab1-4988-aa99-b5c1517008d9,1,19381,-71,1596526839402 b5b182c7-eab1-4988-aa99-b5c1517008d9,1,40336,-89,1596526843652 b5b182c7-eab1-4988-aa99-b5c1517008d9,1,48946,-95,1596526833406 b5b182c7-eab1-4988-aa99-b5c1517008d9,1,62351,-84,1596526839186 b5b182c7-eab1-4988-aa99-b5c1517008d9,1,62127,-95,1596526843940 ea43594a-1652-4c0a-a396-ae4877d105f0,64745,17995,-91,1596526834171 b5b182c7-eab1-4988-aa99-b5c1517008d9,1,7223,-75,1596526838498 b5b182c7-eab1-4988-aa99-b5c1517008d9,1,64049,-92,1596526839104 b5b182c7-eab1-4988-aa99-b5c1517008d9,1,6065,-84,1596526839503 8c1c6494-028a-4127-ab85-8f589a082daf,50071,18661,-95,1596526839397 43795068-794d-6564-6961-426561636f6e,1702,39048,-94,1596526843909 b5b182c7-eab1-4988-aa99-b5c1517008d9,1,41173,-77,1596526833451 0102200b-888f-0100-00c4-69ea37fe4ae2,34729,5034,-91,1596526824458 0c807199-0767-4dd5-9d63-0acd75c0183f,6899,8337,-99,1596526833562 b5b182c7-eab1-4988-aa99-b5c1517008d9,1,37593,-90,1596526839245 b5b182c7-eab1-4988-aa99-b5c1517008d9,1,63622,-93,1596526833782 b5b182c7-eab1-4988-aa99-b5c1517008d9,1,36790,-74,1596526833697
1596526843945 b5b182c7-eab1-4988-aa99-b5c1517008d9,1,32561,-92,1596526843864 0c807199-0767-4dd5-9d63-0acd75c0183f,6235,15709,-96,1596526828234 b5b182c7-eab1-4988-aa99-b5c1517008d9,1,54185,-84,1596526838909 b5b182c7-eab1-4988-aa99-b5c1517008d9,1,12760,-86,1596526839474 b5b182c7-eab1-4988-aa99-b5c1517008d9,1,31184,-90,1596526843632 b5b182c7-eab1-4988-aa99-b5c1517008d9,1,19381,-71,1596526843945 b5b182c7-eab1-4988-aa99-b5c1517008d9,1,40336,-89,1596526843652 b5b182c7-eab1-4988-aa99-b5c1517008d9,1,48946,-95,1596526833406 b5b182c7-eab1-4988-aa99-b5c1517008d9,1,62351,-84,1596526839187 b5b182c7-eab1-4988-aa99-b5c1517008d9,1,62127,-95,1596526843940 ea43594a-1652-4c0a-a396-ae4877d105f0,64745,17995,-91,1596526834171 b5b182c7-eab1-4988-aa99-b5c1517008d9,1,7223,-75,1596526838498 b5b182c7-eab1-4988-aa99-b5c1517008d9,1,64049,-92,1596526839104 b5b182c7-eab1-4988-aa99-b5c1517008d9,1,6065,-84,1596526839503 8c1c6494-028a-4127-ab85-8f589a082daf,50071,18661,-95,1596526839397 43795068-794d-6564-6961-426561636f6e,1702,39048,-94,1596526843908 b5b182c7-eab1-4988-aa99-b5c1517008d9,1,41173,-77,1596526833450 0102200b-888f-0100-00c4-69ea37fe4ae2,34729,5034,-91,1596526824458 0c807199-0767-4dd5-9d63-0acd75c0183f,6899,8337,-99,1596526833562 b5b182c7-eab1-4988-aa99-b5c1517008d9,1,37593,-90,1596526839245 b5b182c7-eab1-4988-aa99-b5c1517008d9,1,63622,-93,1596526833782 b5b182c7-eab1-4988-aa99-b5c1517008d9,1,36790,-74,1596526833697
1596526844037 b5b182c7-eab1-4988-aa99-b5c1517008d9,1,32561,-92,1596526843864 0c807199-0767-4dd5-9d63-0acd75c0183f,6235,15709,-96,1596526828234 b5b182c7-eab1-4988-aa99-b5c1517008d9,1,54185,-84,1596526838909 b5b182c7-eab1-4988-aa99-b5c1517008d9,1,12760,-86,1596526844037 b5b182c7-eab1-4988-aa99-b5c1517008d9,1,31184,-90,1596526843632 b5b182c7-eab1-4988-aa99-b5c1517008d9,1,19381,-71,1596526843945 b5b182c7-eab1-4988-aa99-b5c1517008d9,1,40336,-89,1596526843652 b5b182c7-eab1-4988-aa99-b5c1517008d9,1,48946,-95,1596526833406 b5b182c7-eab1-4988-aa99-b5c1517008d9,1,62351,-84,1596526839187 b5b182c7-eab1-4988-aa99-b5c1517008d9,1,62127,-95,1596526843940 ea43594a-1652-4c0a-a396-ae4877d105f0,64745,17995,-91,1596526834171 b5b182c7-eab1-4988-aa99-b5c1517008d9,1,7223,-75,1596526838498 b5b182c7-eab1-4988-aa99-b5c1517008d9,1,64049,-92,1596526839104 b5b182c7-eab1-4988-aa99-b5c1517008d9,1,6065,-84,1596526839503 8c1c6494-028a-4127-ab85-8f589a082daf,50071,18661,-95,1596526839397 43795068-794d-6564-6961-426561636f6e,1702,39048,-94,1596526843909 b5b182c7-eab1-4988-aa99-b5c1517008d9,1,41173,-77,1596526833451 0102200b-888f-0100-00c4-69ea37fe4ae2,34729,5034,-91,1596526824458 0c807199-0767-4dd5-9d63-0acd75c0183f,6899,8337,-99,1596526833562 b5b182c7-eab1-4988-aa99-b5c1517008d9,1,37593,-90,1596526839245 b5b182c7-eab1-4988-aa99-b5c1517008d9,1,63622,-93,1596526833782 b5b182c7-eab1-4988-aa99-b5c1517008d9,1,36790,-74,1596526833697
1596526844055 b5b182c7-eab1-4988-aa99-b5c1517008d9,1,32561,-92,1596526843864 0c807199-0767-4dd5-9d63-0acd75c0183f,6235,15709,-96,1596526828234 b5b182c7-eab1-4988-aa99-b5c1517008d9,1,54185,-84,1596526838909 b5b182c7-eab1-4988-aa99-b5c1517008d9,1,12760,-86,1596526844037 b5b182c7-eab1-4988-aa99-b5c1517008d9,1,31184,-90,1596526843631 b5b182c7-eab1-4988-aa99-b5c1517008d9,1,19381,-71,1596526843945 b5b182c7-eab1-4988-aa99-b5c1517008d9,1,40336,-89,1596526843652 b5b182c7-eab1-4988-aa99-b5c1517008d9,1,48946,-95,1596526833406 b5b182c7-eab1-4988-aa99-b5c1517008d9,1,62351,-84,1596526839187 b5b182c7-eab1-4988-aa99-b5c1517008d9,1,62127,-95,1596526843940 ea43594a-1652-4c0a-a396-ae4877d105f0,64745,17995,-91,1596526834171 b5b182c7-eab1-4988-aa99-b5c1517008d9,1,7223,-75,1596526844055 b5b182c7-eab1-4988-aa99-b5c1517008d9,1,64049,-92,1596526839104 b5b182c7-eab1-4988-aa99-b5c1517008d9,1,6065,-84,1596526839503 8c1c6494-028a-4127-ab85-8f589a082daf,50071,18661,-95,1596526839397 43795068-794d-6564-6961-426561636f6e,1702,39048,-94,1596526843909 b5b182c7-eab1-4988-aa99-b5c1517008d9,1,41173,-77,1596526833451 0102200b-888f-0100-00c4-69ea37fe4ae2,34729,5034,-91,1596526824458 0c807199-0767-4dd5-9d63-0acd75c0183f,6899,8337,-99,1596526833562 b5b182c7-eab1-4988-aa99-b5c1517008d9,1,37593,-90,1596526839245 b5b182c7-eab1-4988-aa99-b5c1517008d9,1,63622,-93,1596526833782 b5b182c7-eab1-4988-aa99-b5c1517008d9,1,36790,-74,1596526833697
1596526844240 b5b182c7-eab1-4988-aa99-b5c1517008d9,1,32561,-92,1596526843864 0c807199-0767-4dd5-9d63-0acd75c0183f,6235,15709,-96,1596526828234 b5b182c7-eab1-4988-aa99-b5c1517008d9,1,54185,-84,1596526838909 b5b182c7-eab1-4988-aa99-b5c1517008d9,1,12760,-86,1596526844037 b5b182c7-eab1-4988-aa99-b5c1517008d9,1,31184,-90,1596526843632 b5b182c7-eab1-4988-aa99-b5c1517008d9,1,19381,-71,1596526843945 b5b182c7-eab1-4988-aa99-b5c1517008d9,1,40336,-89,1596526843652 b5b182c7-eab1-4988-aa99-b5c1517008d9,1,48946,-95,1596526833406 b5b182c7-eab1-4988-aa99-b5c1517008d9,1,62351,-84,1596526839187 b5b182c7-eab1-4988-aa99-b5c1517008d9,1,62127,-95,1596526843940 ea43594a-1652-4c0a-a396-ae4877d105f0,64745,17995,-91,1596526834171 b5b182c7-eab1-4988-aa99-b5c1517008d9,1,7223,-75,1596526844055 b5b182c7-eab1-4988-aa99-b5c1517008d9,1,64049,-92,1596526839103 b5b182c7-eab1-4988-aa99-b5c1517008d9,1,6065,-84,1596526839502 8c1c6494-028a-4127-ab85-8f589a082daf,50071,18661,-95,1596526844240 43795068-794d-6564-6961-426561636f6e,1702,39048,-94,1596526843909 b5b182c7-eab1-4988-aa99-b5c1517008d9,1,41173,-77,1596526833451 0102200b-888f-0100-00c4-69ea37fe4ae2,34729,5034,-91,1596526824458 0c807199-0767-4dd5-9d63-0acd75c0183f,6899,8337,-99,1596526833562 b5b182c7-eab1-4988-aa99-b5c1517008d9,1,37593,-90,1596526839245 b5b182c7-eab1-4988-aa99-b5c1517008d9,1,63622,-93,1596526833782 b5b182c7-eab1-4988-aa99-b5c1517008d9,1,36790,-74,1596526833697
1596526844272 b5b182c7-eab1-4988-aa99-b5c1517008d9,1,32561,-92,1596526843864 0c807199-0767-4dd5-9d63-0acd75c0183f,6235,15709,-96,1596526828234 b5b182c7-eab1-4988-aa99-b5c1517008d9,1,54185,-84,1596526838909 b5b182c7-eab1-4988-aa99-b5c1517008d9,1,12760,-86,1596526844037 b5b182c7-eab1-4988-aa99-b5c1517008d9,1,31184,-90,1596526843631 b5b182c7-eab1-4988-aa99-b5c1517008d9,1,19381,-71,1596526843944 b5b182c7-eab1-4988-aa99-b5c1517008d9,1,40336,-89,1596526843651 b5b182c7-eab1-4988-aa99-b5c1517008d9,1,48946,-95,1596526833406 b5b182c7-eab1-4988-aa99-b5c1517008d9,1,62351,-84,1596526839187 b5b182c7-eab1-4988-aa99-b5c1517008d9,1,62127,-95,1596526843940 ea43594a-1652-4c0a-a396-ae4877d105f0,64745,17995,-91,1596526834171 b5b182c7-eab1-4988-aa99-b5c1517008d9,1,7223,-75,1596526844055 b5b182c7-eab1-4988-aa99-b5c1517008d9,1,64049,-92,1596526839104 b5b182c7-eab1-4988-aa99-b5c1517008d9,1,6065,-84,1596526839502 8c1c6494-028a-4127-ab85-8f589a082daf,50071,18661,-95,1596526844239 43795068-794d-6564-6961-426561636f6e,1702,39048,-94,1596526843908 b5b182c7-eab1-4988-aa99-b5c1517008d9,1,41173,-77,1596526833451 0102200b-888f-0100-00c4-69ea37fe4ae2,34729,5034,-91,1596526824458 0c807199-0767-4dd5-9d63-0acd75c0183f,6899,8337,-99,1596526833562 b5b182c7-eab1-4988-aa99-b5c1517008d9,1,37593,-90,1596526839245 b5b182c7-eab1-4988-aa99-b5c1517008d9,1,63622,-93,1596526833782 b5b182c7-eab1-4988-aa99-b5c1517008d9,1,36790,-74,1596526844272
1596526844290 b5b182c7-eab1-4988-aa99-b5c1517008d9,1,32561,-92,1596526844291 0c807199-0767-4dd5-9d63-0acd75c0183f,6235,15709,-96,1596526828234 b5b182c7-eab1-4988-aa99-b5c1517008d9,1,54185,-84,1596526838909 b5b182c7-eab1-4988-aa99-b5c1517008d9,1,12760,-86,1596526844037 b5b182c7-eab1-4988-aa99-b5c1517008d9,1,31184,-90,1596526843632 b5b182c7-eab1-4988-aa99-b5c1517008d9,1,19381,-71,1596526843945 b5b182c7-eab1-4988-aa99-b5c1517008d9,1,40336,-89,1596526843652 b5b182c7-eab1-4988-aa99-b5c1517008d9,1,48946,-95,1596526833406 b5b182c7-eab1-4988-aa99-b5c1517008d9,1,62351,-84,1596526839187 b5b182c7-eab1-4988-aa99-b5c1517008d9,1,62127,-95,1596526843940 ea43594a-1652-4c0a-a396-ae4877d105f0,64745,17995,-91,1596526834171 b5b182c7-eab1-4988-aa99-b5c1517008d9,1,7223,-75,1596526844055 b5b182c7-eab1-4988-aa99-b5c1517008d9,1,64049,-92,1596526839104 b5b182c7-eab1-4988-aa99-b5c1517008d9,1,6065,-84,1596526839503 8c1c6494-028a-4127-ab85-8f589a082daf,50071,18661,-95,1596526844240 43795068-794d-6564-6961-426561636f6e,1702,39048,-94,1596526843909 b5b182c7-eab1-4988-aa99-b5c1517008d9,1,41173,-77,1596526833451 0102200b-888f-0100-00c4-69ea37fe4ae2,34729,5034,-91,1596526824458 0c807199-0767-4dd5-9d63-0acd75c0183f,6899,8337,-99,1596526833562 b5b182c7-eab1-4988-aa99-b5c1517008d9,1,37593,-90,1596526839245 b5b182c7-eab1-4988-aa99-b5c1517008d9,1,63622,-93,1596526833782 b5b182c7-eab1-4988-aa99-b5c1517008d9,1,36790,-74,1596526844272
1596526844326 b5b182c7-eab1-4988-aa99-b5c1517008d9,1,32561,-92,1596526844291 0c807199-0767-4dd5-9d63-0acd75c0183f,6235,15709,-96,1596526828234 b5b182c7-eab1-4988-aa99-b5c1517008d9,1,54185,-84,1596526838909 b5b182c7-eab1-4988-aa99-b5c1517008d9,1,12760,-86,1596526844037 b5b182c7-eab1-4988-aa99-b5c1517008d9,1,31184,-90,1596526843632 b5b182c7-eab1-4988-aa99-b5c1517008d9,1,19381,-71,1596526843945 b5b182c7-eab1-4988-aa99-b5c1517008d9,1,40336,-89,1596526843652 b5b182c7-eab1-4988-aa99-b5c1517008d9,1,48946,-95,1596526833406 b5b182c7-eab1-4988-aa99-b5c1517008d9,1,62351,-84,1596526839187 b5b182c7-eab1-4988-aa99-b5c1517008d9,1,62127,-95,1596526843940 ea43594a-1652-4c0a-a396-ae4877d105f0,64745,17995,-91,1596526834171 b5b182c7-eab1-4988-aa99-b5c1517008d9,1,7223,-75,1596526844054 b5b182c7-eab1-4988-aa99-b5c1517008d9,1,64049,-92,1596526839103 b5b182c7-eab1-4988-aa99-b5c1517008d9,1,6065,-84,1596526839502 8c1c6494-028a-4127-ab85-8f589a082daf,50071,18661,-95,1596526844240 43795068-794d-6564-6961-426561636f6e,1702,39048,-94,1596526843909 b5b182c7-eab1-4988-aa99-b5c1517008d9,1,41173,-77,1596526833451 0102200b-888f-0100-00c4-69ea37fe4ae2,34729,5034,-91,1596526824458 0c807199-0767-4dd5-9d63-0acd75c0183f,6899,8337,-99,1596526833562 b5b182c7-eab1-4988-aa99-b5c1517008d9,1,37593,-90,1596526839245 b5b182c7-eab1-4988-aa99-b5c1517008d9,1,63622,-93,1596526833782 b5b182c7-eab1-4988-aa99-b5c1517008d9,1,36790,-74,1596526844272 1cd7412e-a3b1-4084-a538-d07975e147f4,56899,4946,-87,1596526844326
1596526844445 b5b182c7-eab1-4988-aa99-b5c1517008d9,1,32561,-92,1596526844291 0c807199-0767-4dd5-9d63-0acd75c0183f,6235,15709,-96,1596526828234 b5b182c7-eab1-4988-aa99-b5c1517008d9,1,54185,-84,1596526838909 b5b182c7-eab1-4988-aa99-b5c1517008d9,1,12760,-86,1596526844037 b5b182c7-eab1-4988-aa99-b5c1517008d9,1,31184,-90,1596526843632 b5b182c7-eab1-4988-aa99-b5c1517008d9,1,19381,-71,1596526844445 b5b182c7-eab1-4988-aa99-b5c1517008d9,1,40336,-89,1596526843652 b5b182c7-eab1-4988-aa99-b5c1517008d9,1,48946,-95,1596526833406 b5b182c7-eab1-4988-aa99-b5c1517008d9,1,62351,-84,1596526839187 b5b182c7-eab1-4988-aa99-b5c1517008d9,1,62127,-95,1596526843940 ea43594a-1652-4c0a-a396-ae4877d105f0,64745,17995,-91,1596526834171 b5b182c7-eab1-4988-aa99-b5c1517008d9,1,7223,-75,1596526844055 b5b182c7-eab1-4988-aa99-b5c1517008d9,1,64049,-92,1596526839104 b5b182c7-eab1-4988-aa99-b5c1517008d9,1,6065,-84,1596526839503 8c1c6494-028a-4127-ab85-8f589a082daf,50071,18661,-95,1596526844240 43795068-794d-6564-6961-426561636f6e,1702,39048,-94,1596526843909 b5b182c7-eab1-4988-aa99-b5c1517008d9,1,41173,-77,1596526833451 0102200b-888f-0100-00c4-69ea37fe4ae2,34729,5034,-91,1596526824458 0c807199-0767-4dd5-9d63-0acd75c0183f,6899,8337,-99,1596526833562 b5b182c7-eab1-4988-aa99-b5c1517008d9,1,37593,-90,1596526839245 b5b182c7-eab1-4988-aa99-b5c1517008d9,1,63622,-93,1596526833782 b5b182c7-eab1-4988-aa99-b5c1517008d9,1,36790,-74,1596526844272 1cd7412e-a3b1-4084-a538-d07975e147f4,56899,4946,-87,1596526844326
1596526844451 b5b182c7-eab1-4988-aa99-b5c1517008d9,1,32561,-92,1596526844291 0c807199-0767-4dd5-9d63-0acd75c0183f,6235,15709,-96,1596526828234 b5b182c7-eab1-4988-aa99-b5c1517008d9,1,54185,-84,1596526838909 b5b182c7-eab1-4988-aa99-b5c1517008d9,1,12760,-86,1596526844037 b5b182c7-eab1-4988-aa99-b5c1517008d9,1,31184,-90,1596526843632 b5b182c7-eab1-4988-aa99-b5c1517008d9,1,19381,-71,1596526844445 b5b182c7-eab1-4988-aa99-b5c1517008d9,1,40336,-89,1596526843652 b5b182c7-eab1-4988-aa99-b5c1517008d9,1,48946,-95,1596526833406 b5b182c7-eab1-4988-aa99-b5c1517008d9,1,62351,-84,1596526839187 b5b182c7-eab1-4988-aa99-b5c1517008d9,1,62127,-95,1596526843940 ea43594a-1652-4c0a-a396-ae4877d105f0,64745,17995,-91,1596526844451 b5b182c7-eab1-4988-aa99-b5c1517008d9,1,7223,-75,1596526844055 b5b182c7-eab1-4988-aa99-b5c1517008d9,1,64049,-92,1596526839104 b5b182c7-eab1-4988-aa99-b5c1517008d9,1,6065,-84,1596526839503 8c1c6494-028a-4127-ab85-8f589a082daf,50071,18661,-95,1596526844240 43795068-794d-6564-6961-426561636f6e,1702,39048,-94,1596526843909 b5b182c7-eab1-4988-aa99-b5c1517008d9,1,41173,-77,1596526833451 0102200b-888f-0100-00c4-69ea37fe4ae2,34729,5034,-91,1596526824458 0c807199-0767-4dd5-9d63-0acd75c0183f,6899,8337,-99,1596526833562 b5b182c7-eab1-4988-aa99-b5c1517008d9,1,37593,-90,1596526839245 b5b182c7-eab1-4988-aa99-b5c1517008d9,1,63622,-93,1596526833782 b5b182c7-eab1-4988-aa99-b5c1517008d9,1,36790,-74,1596526844272 1cd7412e-a3b1-4084-a538-d07975e147f4,56899,4946,-87,1596526844325
1596526848813 b5b182c7-eab1-4988-aa99-b5c1517008d9,1,32561,-92,1596526844291 0c807199-0767-4dd5-9d63-0acd75c0183f,6235,15709,-96,1596526828234 b5b182c7-eab1-4988-aa99-b5c1517008d9,1,54185,-84,1596526838909 b5b182c7-eab1-4988-aa99-b5c1517008d9,1,12760,-86,1596526844037 b5b182c7-eab1-4988-aa99-b5c1517008d9,1,31184,-90,1596526843632 b5b182c7-eab1-4988-aa99-b5c1517008d9,1,19381,-71,1596526844445 b5b182c7-eab1-4988-aa99-b5c1517008d9,1,40336,-89,1596526843652 b5b182c7-eab1-4988-aa99-b5c1517008d9,1,48946,-95,1596526833406 b5b182c7-eab1-4988-aa99-b5c1517008d9,1,62351,-84,1596526839186 b5b182c7-eab1-4988-aa99-b5c1517008d9,1,62127,-95,1596526843939 ea43594a-1652-4c0a-a396-ae4877d105f0,64745,17995,-91,1596526844450 b5b182c7-eab1-4988-aa99-b5c1517008d9,1,7223,-75,1596526844055 b5b182c7-eab1-4988-aa99-b5c1517008d9,1,64049,-92,1596526839104 b5b182c7-eab1-4988-aa99-b5c1517008d9,1,6065,-84,1596526839503 8c1c6494-028a-4127-ab85-8f589a082daf,50071,18661,-95,1596526844240 43795068-794d-6564-6961-426561636f6e,1702,39048,-94,1596526843909 b5b182c7-eab1-4988-aa99-b5c1517008d9,1,41173,-77,1596526833451 0102200b-888f-0100-00c4-69ea37fe4ae2,34729,5034,-91,1596526824458 0c807199-0767-4dd5-9d63-0acd75c0183f,6899,8337,-99,1596526833562 b5b182c7-eab1-4988-aa99-b5c1517008d9,1,37593,-90,1596526839245 b5b182c7-eab1-4988-aa99-b5c1517008d9,1,63622,-93,1596526833782 b5b182c7-eab1-4988-aa99-b5c1517008d9,1,36790,-74,1596526848813 1cd7412e-a3b1-4084-a538-d07975e147f4,56899,4946,-87,1596526844326
1596526849126 b5b182c7-eab1-4988-aa99-b5c1517008d9,1,32561,-92,1596526844291 0c807199-0767-4dd5-9d63-0acd75c0183f,6235,15709,-96,1596526828234 b5b182c7-eab1-4988-aa99-b5c1517008d9,1,54185,-84,1596526838909 b5b182c7-eab1-4988-aa99-b5c1517008d9,1,12760,-86,1596526844037 b5b182c7-eab1-4988-aa99-b5c1517008d9,1,31184,-90,1596526843632 b5b182c7-eab1-4988-aa99-b5c1517008d9,1,19381,-71,1596526844445 b5b182c7-eab1-4988-aa99-b5c1517008d9,1,40336,-89,1596526843652 b5b182c7-eab1-4988-aa99-b5c1517008d9,1,48946,-95,1596526833406 b5b182c7-eab1-4988-aa99-b5c1517008d9,1,62351,-84,1596526839187 b5b182c7-eab1-4988-aa99-b5c1517008d9,1,62127,-95,1596526843940 ea43594a-1652-4c0a-a396-ae4877d105f0,64745,17995,-91,1596526844451 b5b182c7-eab1-4988-aa99-b5c1517008d9,1,7223,-75,1596526844055 b5b182c7-eab1-4988-aa99-b5c1517008d9,1,64049,-92,1596526839104 b5b182c7-eab1-4988-aa99-b5c1517008d9,1,6065,-84,1596526849126 8c1c6494-028a-4127-ab85-8f589a082daf,50071,18661,-95,1596526844240 43795068-794d-6564-6961-426561636f6e,1702,39048,-94,1596526843909 b5b182c7-eab1-4988-aa99-b5c1517008d9,1,41173,-77,1596526833451 0102200b-888f-0100-00c4-69ea37fe4ae2,34729,5034,-91,1596526824458 0c807199-0767-4dd5-9d63-0acd75c0183f,6899,8337,-99,1596526833562 b5b182c7-eab1-4988-aa99-b5c1517008d9,1,37593,-90,1596526839245 b5b182c7-eab1-4988-aa99-b5c1517008d9,1,63622,-93,1596526833782 b5b182c7-eab1-4988-aa99-b5c1517008d9,1,36790,-74,1596526848813 1cd7412e-a3b1-4084-a538-d07975e147f4,56899,4946,-87,1596526844325
1596526849174 b5b182c7-eab1-4988-aa99-b5c1517008d9,1,32561,-92,1596526844291 0c807199-0767-4dd5-9d63-0acd75c0183f,6235,15709,-96,1596526828234 b5b182c7-eab1-4988-aa99-b5c1517008d9,1,54185,-84,1596526838909 b5b182c7-eab1-4988-aa99-b5c1517008d9,1,12760,-86,1596526844037 b5b182c7-eab1-4988-aa99-b5c1517008d9,1,31184,-90,1596526849174 b5b182c7-eab1-4988-aa99-b5c1517008d9,1,19381,-71,1596526844445 b5b182c7-eab1-4988-aa99-b5c1517008d9,1,40336,-89,1596526843652 b5b182c7-eab1-4988-aa99-b5c1517008d9,1,48946,-95,1596526833406 b5b182c7-eab1-4988-aa99-b5c1517008d9,1,62351,-84,1596526839187 b5b182c7-eab1-4988-aa99-b5c1517008d9,1,62127,-95,1596526843940 ea43594a-1652-4c0a-a396-ae4877d105f0,64745,17995,-91,1596526844451 b5b182c7-eab1-4988-aa99-b5c1517008d9,1,7223,-75,1596526844054 b5b182c7-eab1-4988-aa99-b5c1517008d9,1,64049,-92,1596526839103 b5b182c7-eab1-4988-aa99-b5c1517008d9,1,6065,-84,1596526849126 8c1c6494-028a-4127-ab85-8f589a082daf,50071,18661,-95,1596526844240 43795068-794d-6564-6961-426561636f6e,1702,39048,-94,1596526843909 b5b182c7-eab1-4988-aa99-b5c1517008d9,1,41173,-77,1596526833451 0102200b-888f-0100-00c4-69ea37fe4ae2,34729,5034,-91,1596526824458 0c807199-0767-4dd5-9d63-0acd75c0183f,6899,8337,-99,1596526833562 b5b182c7-eab1-4988-aa99-b5c1517008d9,1,37593,-90,1596526839245 b5b182c7-eab1-4988-aa99-b5c1517008d9,1,63622,-93,1596526833782 b5b182c7-eab1-4988-aa99-b5c1517008d9,1,36790,-74,1596526848813 1cd7412e-a3b1-4084-a538-d07975e147f4,56899,4946,-87,1596526844326
1596526849205 b5b182c7-eab1-4988-aa99-b5c1517008d9,1,32561,-92,1596526849205 0c807199-0767-4dd5-9d63-0acd75c0183f,6235,15709,-96,1596526828234 b5b182c7-eab1-4988-aa99-b5c1517008d9,1,54185,-84,1596526838909 b5b182c7-eab1-4988-aa99-b5c1517008d9,1,12760,-86,1596526844037 b5b182c7-eab1-4988-aa99-b5c1517008d9,1,31184,-90,1596526849174 b5b182c7-eab1-4988-aa99-b5c1517008d9,1,19381,-71,1596526844445 b5b182c7-eab1-4988-aa99-b5c1517008d9,1,40336,-89,1596526843652 b5b182c7-eab1-4988-aa99-b5c1517008d9,1,48946,-95,1596526833406 b5b182c7-eab1-4988-aa99-b5c1517008d9,1,62351,-84,1596526839187 b5b182c7-eab1-4988-aa99-b5c1517008d9,1,62127,-95,1596526843940 ea43594a-1652-4c0a-a396-ae4877d105f0,64745,17995,-91,1596526844451 b5b182c7-eab1-4988-aa99-b5c1517008d9,1,7223,-75,1596526844055 b5b182c7-eab1-4988-aa99-b5c1517008d9,1,64049,-92,1596526839104 b5b182c7-eab1-4988-aa99-b5c1517008d9,1,6065,-84,1596526849126 8c1c6494-028a-4127-ab85-8f589a082daf,50071,18661,-95,1596526844240 43795068-794d-6564-6961-426561636f6e,1702,39048,-94,1596526843909 b5b182c7-eab1-4988-aa99-b5c1517008d9,1,41173,-77,1596526833451 0102200b-888f-0100-00c4-69ea37fe4ae2,34729,5034,-91,1596526824458 0c807199-0767-4dd5-9d63-0acd75c0183f,6899,8337,-99,1596526833561 b5b182c7-eab1-4988-aa99-b5c1517008d9,1,37593,-90,1596526839244 b5b182c7-eab1-4988-aa99-b5c1517008d9,1,63622,-93,1596526833782 b5b182c7-eab1-4988-aa99-b5c1517008d9,1,36790,-74,1596526848813 1cd7412e-a3b1-4084-a538-d07975e147f4,56899,4946,-87,1596526844326
1596526849283 b5b182c7-eab1-4988-aa99-b5c1517008d9,1,32561,-92,1596526849205 0c807199-0767-4dd5-9d63-0acd75c0183f,6235,15709,-96,1596526828234 b5b182c7-eab1-4988-aa99-b5c1517008d9,1,54185,-84,1596526838909 b5b182c7-eab1-4988-aa99-b5c1517008d9,1,12760,-86,1596526844037 b5b182c7-eab1-4988-aa99-b5c1517008d9,1,31184,-90,1596526849174 b5b182c7-eab1-4988-aa99-b5c1517008d9,1,19381,-71,1596526844445 b5b182c7-eab1-4988-aa99-b5c1517008d9,1,40336,-89,1596526843652 b5b182c7-eab1-4988-aa99-b5c1517008d9,1,48946,-95,1596526833406 b5b182c7-eab1-4988-aa99-b5c1517008d9,1,62351,-84,1596526839187 b5b182c7-eab1-4988-aa99-b5c1517008d9,1,62127,-95,1596526843940 ea43594a-1652-4c0a-a396-ae4877d105f0,64745,17995,-91,1596526849283 b5b182c7-eab1-4988-aa99-b5c1517008d9,1,7223,-75,1596526844055 b5b182c7-eab1-4988-aa99-b5c1517008d9,1,64049,-92,1596526839104 b5b182c7-eab1-4988-aa99-b5c1517008d9,1,6065,-84,1596526849126 8c1c6494-028a-4127-ab85-8f589a082daf,50071,18661,-95,1596526844240 43795068-794d-6564-6961-426561636f6e,1702,39048,-94,1596526843908 b5b182c7-eab1-4988-aa99-b5c1517008d9,1,41173,-77,1596526833451 0102200b-888f-0100-00c4-69ea37fe4ae2,34729,5034,-91,1596526824458 0c807199-0767-4dd5-9d63-0acd75c0183f,6899,8337,-99,1596526833562 b5b182c7-eab1-4988-aa99-b5c1517008d9,1,37593,-90,1596526839245 b5b182c7-eab1-4988-aa99-b5c1517008d9,1,63622,-93,1596526833782 b5b182c7-eab1-4988-aa99-b5c1517008d9,1,36790,-74,1596526848813 1cd7412e-a3b1-4084-a538-d07975e147f4,56899,4946,-87,1596526844326
1596526849318 b5b182c7-eab1-4988-aa99-b5c1517008d9,1,32561,-92,1596526849205 0c807199-0767-4dd5-9d63-0acd75c0183f,6235,15709,-96,1596526828234 b5b182c7-eab1-4988-aa99-b5c1517008d9,1,54185,-84,1596526838909 b5b182c7-eab1-4988-aa99-b5c1517008d9,1,12760,-86,1596526844037 b5b182c7-eab1-4988-aa99-b5c1517008d9,1,31184,-90,1596526849174 b5b182c7-eab1-4988-aa99-b5c1517008d9,1,19381,-71,1596526844445 b5b182c7-eab1-4988-aa99-b5c1517008d9,1,40336,-89,1596526843652 b5b182c7-eab1-4988-aa99-b5c1517008d9,1,48946,-95,1596526833406 b5b182c7-eab1-4988-aa99-b5c1517008d9,1,62351,-84,1596526839187 b5b182c7-eab1-4988-aa99-b5c1517008d9,1,62127,-95,1596526843940 ea43594a-1652-4c0a-a396-ae4877d105f0,64745,17995,-91,1596526849283 b5b182c7-eab1-4988-aa99-b5c1517008d9,1,7223,-75,1596526844055 b5b182c7-eab1-4988-aa99-b5c1517008d9,1,64049,-92,1596526839104 b5b182c7-eab1-4988-aa99-b5c1517008d9,1,6065,-84,1596526849126 8c1c6494-028a-4127-ab85-8f589a082daf,50071,18661,-95,1596526844240 43795068-794d-6564-6961-426561636f6e,1702,39048,-94,1596526843909 b5b182c7-eab1-4988-aa99-b5c1517008d9,1,41173,-77,1596526833451 0102200b-888f-0100-00c4-69ea37fe4ae2,34729,5034,-91,1596526824458 0c807199-0767-4dd5-9d63-0acd75c0183f,6899,8337,-99,1596526833562 b5b182c7-eab1-4988-aa99-b5c1517008d9,1,37593,-90,1596526839245 b5b182c7-eab1-4988-aa99-b5c1517008d9,1,63622,-93,1596526833782 b5b182c7-eab1-4988-aa99-b5c1517008d9,1,36790,-74,1596526849318 1cd7412e-a3b1-4084-a538-d07975e147f4,56899,4946,-87,1596526844325
1596526849336 b5b182c7-eab1-4988-aa99-b5c1517008d9,1,32561,-92,1596526849205 0c807199-0767-4dd5-9d63-0acd75c0183f,6235,15709,-96,1596526828234 b5b182c7-eab1-4988-aa99-b5c1517008d9,1,54185,-84,1596526838909 b5b182c7-eab1-4988-aa99-b5c1517008d9,1,12760,-86,1596526844037 b5b182c7-eab1-4988-aa99-b5c1517008d9,1,31184,-90,1596526849174 b5b182c7-eab1-4988-aa99-b5c1517008d9,1,19381,-71,1596526844445 b5b182c7-eab1-4988-aa99-b5c1517008d9,1,40336,-89,1596526843652 b5b182c7-eab1-4988-aa99-b5c1517008d9,1,48946,-95,1596526833406 b5b182c7-eab1-4988-aa99-b5c1517008d9,1,62351,-84,1596526839187 b5b182c7-eab1-4988-aa99-b5c1517008d9,1,62127,-95,1596526843940 ea43594a-1652-4c0a-a396-ae4877d105f0,64745,17995,-91,1596526849283 b5b182c7-eab1-4988-aa99-b5c1517008d9,1,7223,-75,1596526844055 b5b182c7-eab1-4988-aa99-b5c1517008d9,1,64049,-92,1596526839104 b5b182c7-eab1-4988-aa99-b5c1517008d9,1,6065,-84,1596526849126 8c1c6494-028a-4127-ab85-8f589a082daf,50071,18661,-95,1596526844240 43795068-794d-6564-6961-426561636f6e,1702,39048,-94,1596526843909 b5b182c7-eab1-4988-aa99-b5c1517008d9,1,41173,-77,1596526833451 0102200b-888f-0100-00c4-69ea37fe4ae2,34729,5034,-91,1596526824458 0c807199-0767-4dd5-9d63-0acd75c0183f,6899,8337,-99,1596526833562 b5b182c7-eab1-4988-aa99-b5c1517008d9,1,37593,-90,1596526839244 b5b182c7-eab1-4988-aa99-b5c1517008d9,1,63622,-93,1596526833781 b5b182c7-eab1-4988-aa99-b5c1517008d9,1,12429,-96,1596526849337 b5b182c7-eab1-4988-aa99-b5c1517008d9,1,36790,-74,1596526849318 1cd7412e-a3b1-4084-a538-d07975e147f4,56899,4946,-87,1596526844326
1596526849350 b5b182c7-eab1-4988-aa99-b5c1517008d9,1,32561,-92,1596526849205 0c807199-0767-4dd5-9d63-0acd75c0183f,6235,15709,-96,1596526828234 b5b182c7-eab1-4988-aa99-b5c1517008d9,1,54185,-84,1596526838909 b5b182c7-eab1-4988-aa99-b5c1517008d9,1,12760,-86,1596526844037 b5b182c7-eab1-4988-aa99-b5c1517008d9,1,31184,-90,1596526849174 b5b182c7-eab1-4988-aa99-b5c1517008d9,1,19381,-71,1596526844445 b5b182c7-eab1-4988-aa99-b5c1517008d9,1,40336,-89,1596526843652 b5b182c7-eab1-4988-aa99-b5c1517008d9,1,48946,-95,1596526833406 b5b182c7-eab1-4988-aa99-b5c1517008d9,1,62351,-84,1596526839187 b5b182c7-eab1-4988-aa99-b5c1517008d9,1,62127,-95,1596526843940 ea43594a-1652-4c0a-a396-ae4877d105f0,64745,17995,-91,1596526849283 b5b182c7-eab1-4988-aa99-b5c1517008d9,1,7223,-75,1596526844055 b5b182c7-eab1-4988-aa99-b5c1517008d9,1,64049,-92,1596526839104 b5b182c7-eab1-4988-aa99-b5c1517008d9,1,6065,-84,1596526849126 8c1c6494-028a-4127-ab85-8f589a082daf,50071,18661,-95,1596526844240 43795068-794d-6564-6961-426561636f6e,1702,39048,-94,1596526843909 b5b182c7-eab1-4988-aa99-b5c1517008d9,1,41173,-77,1596526833451 0102200b-888f-0100-00c4-69ea37fe4ae2,34729,5034,-91,1596526824458 0c807199-0767-4dd5-9d63-0acd75c0183f,6899,8337,-99,1596526833562 b5b182c7-eab1-4988-aa99-b5c1517008d9,1,37593,-90,1596526849350 b5b182c7-eab1-4988-aa99-b5c1517008d9,1,63622,-93,1596526833782 b5b182c7-eab1-4988-aa99-b5c1517008d9,1,12429,-96,1596526849337 b5b182c7-eab1-4988-aa99-b5c1517008d9,1,36790,-74,1596526849318 1cd7412e-a3b1-4084-a538-d07975e147f4,56899,4946,-87,1596526844326
1596526849437 b5b182c7-eab1-4988-aa99-b5c1517008d9,1,32561,-92,1596526849436 0c807199-0767-4dd5-9d63-0acd75c0183f,6235,15709,-96,1596526828233 b5b182c7-eab1-4988-aa99-b5c1517008d9,1,54185,-84,1596526838909 b5b182c7-eab1-4988-aa99-b5c1517008d9,1,12760,-86,1596526844037 b5b182c7-eab1-4988-aa99-b5c1517008d9,1,31184,-90,1596526849174 b5b182c7-eab1-4988-aa99-b5c1517008d9,1,19381,-71,1596526844445 b5b182c7-eab1-4988-aa99-b5c1517008d9,1,40336,-89,1596526843652 b5b182c7-eab1-4988-aa99-b5c1517008d9,1,48946,-95,1596526833406 b5b182c7-eab1-4988-aa99-b5c1517008d9,1,62351,-84,1596526839187 b5b182c7-eab1-4988-aa99-b5c1517008d9,1,62127,-95,1596526843940 ea43594a-1652-4c0a-a396-ae4877d105f0,64745,17995,-91,1596526849283 b5b182c7-eab1-4988-aa99-b5c1517008d9,1,7223,-75,1596526844055 b5b182c7-eab1-4988-aa99-b5c1517008d9,1,64049,-92,1596526839104 b5b182c7-eab1-4988-aa99-b5c1517008d9,1,6065,-84,1596526849126 8c1c6494-028a-4127-ab85-8f589a082daf,50071,18661,-95,1596526844240 43795068-794d-6564-6961-426561636f6e,1702,39048,-94,1596526843909 b5b182c7-eab1-4988-aa99-b5c1517008d9,1,41173,-77,1596526833451 0102200b-888f-0100-00c4-69ea37fe4ae2,34729,5034,-91,1596526824457 0c807199-0767-4dd5-9d63-0acd75c0183f,6899,8337,-99,1596526833561 b5b182c7-eab1-4988-aa99-b5c1517008d9,1,37593,-90,1596526849350 b5b182c7-eab1-4988-aa99-b5c1517008d9,1,63622,-93,1596526833782 b5b182c7-eab1-4988-aa99-b5c1517008d9,1,12429,-96,1596526849337 b5b182c7-eab1-4988-aa99-b5c1517008d9,1,36790,-74,1596526849318 1cd7412e-a3b1-4084-a538-d07975e147f4,56899,4946,-87,1596526844326
1596526849524 b5b182c7-eab1-4988-aa99-b5c1517008d9,1,32561,-92,1596526849524 0c807199-0767-4dd5-9d63-0acd75c0183f,6235,15709,-96,1596526828234 b5b182c7-eab1-4988-aa99-b5c1517008d9,1,54185,-84,1596526838909 b5b182c7-eab1-4988-aa99-b5c1517008d9,1,12760,-86,1596526844037 b5b182c7-eab1-4988-aa99-b5c1517008d9,1,31184,-90,1596526849174 b5b182c7-eab1-4988-aa99-b5c1517008d9,1,19381,-71,1596526844445 b5b182c7-eab1-4988-aa99-b5c1517008d9,1,40336,-89,1596526843652 b5b182c7-eab1-4988-aa99-b5c1517008d9,1,48946,-95,1596526833406 b5b182c7-eab1-4988-aa99-b5c1517008d9,1,62351,-84,1596526839187 b5b182c7-eab1-4988-aa99-b5c1517008d9,1,62127,-95,1596526843939 ea43594a-1652-4c0a-a396-ae4877d105f0,64745,17995,-91,1596526849282 b5b182c7-eab1-4988-aa99-b5c1517008d9,1,7223,-75,1596526844055 b5b182c7-eab1-4988-aa99-b5c1517008d9,1,64049,-92,1596526839104 b5b182c7-eab1-4988-aa99-b5c1517008d9,1,6065,-84,1596526849126 8c1c6494-028a-4127-ab85-8f589a082daf,50071,18661,-95,1596526844240 43795068-794d-6564-6961-426561636f6e,1702,39048,-94,1596526843909 b5b182c7-eab1-4988-aa99-b5c1517008d9,1,41173,-77,1596526833451 0102200b-888f-0100-00c4-69ea37fe4ae2,34729,5034,-91,1596526824458 0c807199-0767-4dd5-9d63-0acd75c0183f,6899,8337,-99,1596526833562 b5b182c7-eab1-4988-aa99-b5c1517008d9,1,37593,-90,1596526849350 b5b182c7-eab1-4988-aa99-b5c1517008d9,1,63622,-93,1596526833782 b5b182c7-eab1-4988-aa99-b5c1517008d9,1,12429,-96,1596526849337 b5b182c7-eab1-4988-aa99-b5c1517008d9,1,36790,-74,1596526849318 1cd7412e-a3b1-4084-a538-d07975e147f4,56899,4946,-87,1596526844326
