Started:Mtr_Ctl_5572a8422e8a67cf_145_735_145_755_1596540996696
130.0,735.0 315.0,735.0 315.0,755.0 130.0,755.0 
1596541104732 1596541171554 1596541178068 1596541240564 
1596541109280 00e8a8a4-ba58-a790-dde9-2194b9ea1005,3608,40942,-72,1596541109280
1596541123384 00e8a8a4-ba58-a790-dde9-2194b9ea1005,3608,40942,-72,1596541109280 009bc2b5-2d8e-291d-0a63-d1d5e54d1006,3614,53979,-78,1596541123384
1596541123937 00e8a8a4-ba58-a790-dde9-2194b9ea1005,3608,40942,-72,1596541109280 01022022-f88f-0000-00f7-d80875a03fe6,58844,46599,-80,1596541123937 009bc2b5-2d8e-291d-0a63-d1d5e54d1006,3614,53979,-78,1596541123384
1596541124135 00e8a8a4-ba58-a790-dde9-2194b9ea1005,3608,40942,-72,1596541109280 01022022-f88f-0000-00f7-d80875a03fe6,58844,46599,-80,1596541124135 009bc2b5-2d8e-291d-0a63-d1d5e54d1006,3614,53979,-78,1596541123384
1596541124385 00e8a8a4-ba58-a790-dde9-2194b9ea1005,3608,40942,-72,1596541109280 0102200b-998f-0000-004d-85e34683b895,51668,17638,-75,1596541124384 01022022-f88f-0000-00f7-d80875a03fe6,58844,46599,-80,1596541124135 009bc2b5-2d8e-291d-0a63-d1d5e54d1006,3614,53979,-78,1596541123384
1596541128501 b5b182c7-eab1-4988-aa99-b5c1517008d9,1,5661,-90,1596541128501 00e8a8a4-ba58-a790-dde9-2194b9ea1005,3608,40942,-72,1596541109280 0102200b-998f-0000-004d-85e34683b895,51668,17638,-75,1596541124385 01022022-f88f-0000-00f7-d80875a03fe6,58844,46599,-80,1596541124135 009bc2b5-2d8e-291d-0a63-d1d5e54d1006,3614,53979,-78,1596541123384
1596541128569 b5b182c7-eab1-4988-aa99-b5c1517008d9,1,5661,-90,1596541128501 00e8a8a4-ba58-a790-dde9-2194b9ea1005,3608,40942,-72,1596541109280 0102200b-998f-0000-004d-85e34683b895,51668,17638,-75,1596541124385 01022022-f88f-0000-00f7-d80875a03fe6,58844,46599,-80,1596541124135 009bc2b5-2d8e-291d-0a63-d1d5e54d1006,3614,53979,-78,1596541123384 0081d2d3-4a14-1607-f83e-a9fbab221006,26398,36485,-82,1596541128569
1596541128877 b5b182c7-eab1-4988-aa99-b5c1517008d9,1,5661,-90,1596541128501 00e8a8a4-ba58-a790-dde9-2194b9ea1005,3608,40942,-72,1596541109280 0102200b-998f-0000-004d-85e34683b895,51668,17638,-75,1596541128877 01022022-f88f-0000-00f7-d80875a03fe6,58844,46599,-80,1596541124135 009bc2b5-2d8e-291d-0a63-d1d5e54d1006,3614,53979,-78,1596541123384 0081d2d3-4a14-1607-f83e-a9fbab221006,26398,36485,-82,1596541128569
1596541129015 b5b182c7-eab1-4988-aa99-b5c1517008d9,1,5661,-90,1596541128501 0102202b-118f-0200-0068-de873940ac27,20160,12106,-96,1596541129015 00e8a8a4-ba58-a790-dde9-2194b9ea1005,3608,40942,-72,1596541109280 0102200b-998f-0000-004d-85e34683b895,51668,17638,-75,1596541128877 01022022-f88f-0000-00f7-d80875a03fe6,58844,46599,-80,1596541124135 009bc2b5-2d8e-291d-0a63-d1d5e54d1006,3614,53979,-78,1596541123384 0081d2d3-4a14-1607-f83e-a9fbab221006,26398,36485,-82,1596541128569
1596541129061 b5b182c7-eab1-4988-aa99-b5c1517008d9,1,5661,-90,1596541128501 0102202b-118f-0200-0068-de873940ac27,20160,12106,-96,1596541129015 00e8a8a4-ba58-a790-dde9-2194b9ea1005,3608,40942,-72,1596541109280 0102200b-998f-0000-004d-85e34683b895,51668,17638,-75,1596541129061 01022022-f88f-0000-00f7-d80875a03fe6,58844,46599,-80,1596541124135 009bc2b5-2d8e-291d-0a63-d1d5e54d1006,3614,53979,-78,1596541123383 0081d2d3-4a14-1607-f83e-a9fbab221006,26398,36485,-82,1596541128569
1596541129275 b5b182c7-eab1-4988-aa99-b5c1517008d9,1,5661,-90,1596541128501 0102202b-118f-0200-0068-de873940ac27,20160,12106,-96,1596541129015 00e8a8a4-ba58-a790-dde9-2194b9ea1005,3608,40942,-72,1596541109280 0102200b-998f-0000-004d-85e34683b895,51668,17638,-75,1596541129061 01022022-f80f-0000-0033-13015a57904b,45465,25042,-95,1596541129276 01022022-f88f-0000-00f7-d80875a03fe6,58844,46599,-80,1596541124135 009bc2b5-2d8e-291d-0a63-d1d5e54d1006,3614,53979,-78,1596541123383 0081d2d3-4a14-1607-f83e-a9fbab221006,26398,36485,-82,1596541128569
1596541133887 b5b182c7-eab1-4988-aa99-b5c1517008d9,1,5661,-90,1596541128501 0102202b-118f-0200-0068-de873940ac27,20160,12106,-96,1596541129015 00e8a8a4-ba58-a790-dde9-2194b9ea1005,3608,40942,-72,1596541109280 0102200b-998f-0000-004d-85e34683b895,51668,17638,-75,1596541133888 01022022-f80f-0000-0033-13015a57904b,45465,25042,-95,1596541129276 01022022-f88f-0000-00f7-d80875a03fe6,58844,46599,-80,1596541124135 009bc2b5-2d8e-291d-0a63-d1d5e54d1006,3614,53979,-78,1596541123383 0081d2d3-4a14-1607-f83e-a9fbab221006,26398,36485,-82,1596541128569
1596541134231 b5b182c7-eab1-4988-aa99-b5c1517008d9,1,5661,-90,1596541128501 0102202b-118f-0200-0068-de873940ac27,20160,12106,-96,1596541129015 00e8a8a4-ba58-a790-dde9-2194b9ea1005,3608,40942,-72,1596541109280 0102200b-998f-0000-004d-85e34683b895,51668,17638,-75,1596541133888 01022022-f80f-0000-0033-13015a57904b,45465,25042,-95,1596541129276 01022022-f88f-0000-00f7-d80875a03fe6,58844,46599,-80,1596541124135 db983ea6-33c3-4eb3-8c58-bb61b2c880cf,31637,42245,-76,1596541134230 009bc2b5-2d8e-291d-0a63-d1d5e54d1006,3614,53979,-78,1596541123384 0081d2d3-4a14-1607-f83e-a9fbab221006,26398,36485,-82,1596541128569
1596541138754 b5b182c7-eab1-4988-aa99-b5c1517008d9,1,5661,-90,1596541128501 0102202b-118f-0200-0068-de873940ac27,20160,12106,-96,1596541129015 00e8a8a4-ba58-a790-dde9-2194b9ea1005,3608,40942,-72,1596541109280 0102200b-998f-0000-004d-85e34683b895,51668,17638,-75,1596541138754 01022022-f80f-0000-0033-13015a57904b,45465,25042,-95,1596541129276 01022022-f88f-0000-00f7-d80875a03fe6,58844,46599,-80,1596541124134 db983ea6-33c3-4eb3-8c58-bb61b2c880cf,31637,42245,-76,1596541134231 009bc2b5-2d8e-291d-0a63-d1d5e54d1006,3614,53979,-78,1596541123384 0081d2d3-4a14-1607-f83e-a9fbab221006,26398,36485,-82,1596541128569
1596541138948 b5b182c7-eab1-4988-aa99-b5c1517008d9,1,5661,-90,1596541128501 0102202b-118f-0200-0068-de873940ac27,20160,12106,-96,1596541129015 00e8a8a4-ba58-a790-dde9-2194b9ea1005,3608,40942,-72,1596541109280 0102200b-998f-0000-004d-85e34683b895,51668,17638,-75,1596541138948 01022022-f80f-0000-0033-13015a57904b,45465,25042,-95,1596541129276 01022022-f88f-0000-00f7-d80875a03fe6,58844,46599,-80,1596541124135 db983ea6-33c3-4eb3-8c58-bb61b2c880cf,31637,42245,-76,1596541134231 009bc2b5-2d8e-291d-0a63-d1d5e54d1006,3614,53979,-78,1596541123384 0081d2d3-4a14-1607-f83e-a9fbab221006,26398,36485,-82,1596541128569
1596541139151 b5b182c7-eab1-4988-aa99-b5c1517008d9,1,5661,-90,1596541128501 0102202b-118f-0200-0068-de873940ac27,20160,12106,-96,1596541129015 00e8a8a4-ba58-a790-dde9-2194b9ea1005,3608,40942,-72,1596541109280 0102200b-998f-0000-004d-85e34683b895,51668,17638,-75,1596541138948 01022022-f80f-0000-0033-13015a57904b,45465,25042,-95,1596541129276 01022022-f88f-0000-00f7-d80875a03fe6,58844,46599,-80,1596541124135 0060d9dc-d308-1983-62a9-6d9d501a1006,27422,53244,-86,1596541139151 db983ea6-33c3-4eb3-8c58-bb61b2c880cf,31637,42245,-76,1596541134231 009bc2b5-2d8e-291d-0a63-d1d5e54d1006,3614,53979,-78,1596541123384 0081d2d3-4a14-1607-f83e-a9fbab221006,26398,36485,-82,1596541128569
1596541139559 b5b182c7-eab1-4988-aa99-b5c1517008d9,1,5661,-90,1596541128501 0102202b-118f-0200-0068-de873940ac27,20160,12106,-96,1596541129015 00e8a8a4-ba58-a790-dde9-2194b9ea1005,3608,40942,-72,1596541109280 0102200b-998f-0000-004d-85e34683b895,51668,17638,-75,1596541138948 01022022-f80f-0000-0033-13015a57904b,45465,25042,-95,1596541129276 01022022-f88f-0000-00f7-d80875a03fe6,58844,46599,-80,1596541139558 0060d9dc-d308-1983-62a9-6d9d501a1006,27422,53244,-86,1596541139151 db983ea6-33c3-4eb3-8c58-bb61b2c880cf,31637,42245,-76,1596541134231 009bc2b5-2d8e-291d-0a63-d1d5e54d1006,3614,53979,-78,1596541123384 0081d2d3-4a14-1607-f83e-a9fbab221006,26398,36485,-82,1596541128569
1596541139662 b5b182c7-eab1-4988-aa99-b5c1517008d9,1,5661,-90,1596541128501 0102202b-118f-0200-0068-de873940ac27,20160,12106,-96,1596541129015 00e8a8a4-ba58-a790-dde9-2194b9ea1005,3608,40942,-72,1596541109280 0102200b-998f-0000-004d-85e34683b895,51668,17638,-75,1596541138947 01022022-f80f-0000-0033-13015a57904b,45465,25042,-95,1596541129276 0102202b-538f-0100-0063-0259d1f63649,65007,16860,-96,1596541139662 01022022-f88f-0000-00f7-d80875a03fe6,58844,46599,-80,1596541139559 0060d9dc-d308-1983-62a9-6d9d501a1006,27422,53244,-86,1596541139151 db983ea6-33c3-4eb3-8c58-bb61b2c880cf,31637,42245,-76,1596541134231 009bc2b5-2d8e-291d-0a63-d1d5e54d1006,3614,53979,-78,1596541123384 0081d2d3-4a14-1607-f83e-a9fbab221006,26398,36485,-82,1596541128568
1596541143880 b5b182c7-eab1-4988-aa99-b5c1517008d9,1,5661,-90,1596541128501 0102202b-118f-0200-0068-de873940ac27,20160,12106,-96,1596541129015 00e8a8a4-ba58-a790-dde9-2194b9ea1005,3608,40942,-72,1596541109280 0102200b-998f-0000-004d-85e34683b895,51668,17638,-75,1596541138947 01022022-f80f-0000-0033-13015a57904b,45465,25042,-95,1596541129276 0102202b-538f-0100-0063-0259d1f63649,65007,16860,-96,1596541139662 01022022-f88f-0000-00f7-d80875a03fe6,58844,46599,-80,1596541139559 0060d9dc-d308-1983-62a9-6d9d501a1006,27422,53244,-86,1596541139151 db983ea6-33c3-4eb3-8c58-bb61b2c880cf,31637,42245,-76,1596541134231 009bc2b5-2d8e-291d-0a63-d1d5e54d1006,3614,53979,-78,1596541123384 0081d2d3-4a14-1607-f83e-a9fbab221006,26398,36485,-82,1596541128569 0102202b-118f-0200-00e9-6b2f10ce01be,793,54787,-90,1596541143880
1596541143967 b5b182c7-eab1-4988-aa99-b5c1517008d9,1,5661,-90,1596541128501 00e8a8a4-ba58-a790-dde9-2194b9ea1005,3608,40942,-72,1596541109280 b5b182c7-eab1-4988-aa99-b5c1517008d9,1,23832,-84,1596541143967 db983ea6-33c3-4eb3-8c58-bb61b2c880cf,31637,42245,-76,1596541134231 0081d2d3-4a14-1607-f83e-a9fbab221006,26398,36485,-82,1596541128569 0102202b-118f-0200-00e9-6b2f10ce01be,793,54787,-90,1596541143880 0102202b-118f-0200-0068-de873940ac27,20160,12106,-96,1596541129015 0102200b-998f-0000-004d-85e34683b895,51668,17638,-75,1596541138948 01022022-f80f-0000-0033-13015a57904b,45465,25042,-95,1596541129276 0102202b-538f-0100-0063-0259d1f63649,65007,16860,-96,1596541139662 01022022-f88f-0000-00f7-d80875a03fe6,58844,46599,-80,1596541139558 0060d9dc-d308-1983-62a9-6d9d501a1006,27422,53244,-86,1596541139151 009bc2b5-2d8e-291d-0a63-d1d5e54d1006,3614,53979,-78,1596541123384
1596541143998 b5b182c7-eab1-4988-aa99-b5c1517008d9,1,5661,-90,1596541128501 00e8a8a4-ba58-a790-dde9-2194b9ea1005,3608,40942,-72,1596541109280 b5b182c7-eab1-4988-aa99-b5c1517008d9,1,23832,-84,1596541143966 db983ea6-33c3-4eb3-8c58-bb61b2c880cf,31637,42245,-76,1596541134231 0081d2d3-4a14-1607-f83e-a9fbab221006,26398,36485,-82,1596541128569 0102202b-118f-0200-00e9-6b2f10ce01be,793,54787,-90,1596541143880 0102202b-118f-0200-0068-de873940ac27,20160,12106,-96,1596541129015 0102200b-998f-0000-004d-85e34683b895,51668,17638,-75,1596541138947 01022022-f80f-0000-0033-13015a57904b,45465,25042,-95,1596541129276 0102202b-538f-0100-0063-0259d1f63649,65007,16860,-96,1596541139662 01022022-f88f-0000-00f7-d80875a03fe6,58844,46599,-80,1596541139559 0060d9dc-d308-1983-62a9-6d9d501a1006,27422,53244,-86,1596541139151 009bc2b5-2d8e-291d-0a63-d1d5e54d1006,3614,53979,-78,1596541123384 b5b182c7-eab1-4988-aa99-b5c1517008d9,1,48253,-82,1596541143998
1596541144130 b5b182c7-eab1-4988-aa99-b5c1517008d9,1,5661,-90,1596541128501 00e8a8a4-ba58-a790-dde9-2194b9ea1005,3608,40942,-72,1596541109280 b5b182c7-eab1-4988-aa99-b5c1517008d9,1,23832,-84,1596541143967 db983ea6-33c3-4eb3-8c58-bb61b2c880cf,31637,42245,-76,1596541134231 0081d2d3-4a14-1607-f83e-a9fbab221006,26398,36485,-82,1596541128569 0102202b-118f-0200-00e9-6b2f10ce01be,793,54787,-90,1596541143879 0102202b-118f-0200-0068-de873940ac27,20160,12106,-96,1596541129015 0102200b-998f-0000-004d-85e34683b895,51668,17638,-75,1596541144130 01022022-f80f-0000-0033-13015a57904b,45465,25042,-95,1596541129276 0102202b-538f-0100-0063-0259d1f63649,65007,16860,-96,1596541139662 01022022-f88f-0000-00f7-d80875a03fe6,58844,46599,-80,1596541139559 0060d9dc-d308-1983-62a9-6d9d501a1006,27422,53244,-86,1596541139151 009bc2b5-2d8e-291d-0a63-d1d5e54d1006,3614,53979,-78,1596541123383 b5b182c7-eab1-4988-aa99-b5c1517008d9,1,48253,-82,1596541143998
1596541144354 b5b182c7-eab1-4988-aa99-b5c1517008d9,1,5661,-90,1596541128501 00e8a8a4-ba58-a790-dde9-2194b9ea1005,3608,40942,-72,1596541109280 b5b182c7-eab1-4988-aa99-b5c1517008d9,1,23832,-84,1596541143967 db983ea6-33c3-4eb3-8c58-bb61b2c880cf,31637,42245,-76,1596541134231 0081d2d3-4a14-1607-f83e-a9fbab221006,26398,36485,-82,1596541128569 0102202b-118f-0200-00e9-6b2f10ce01be,793,54787,-90,1596541144353 0102202b-118f-0200-0068-de873940ac27,20160,12106,-96,1596541129015 0102200b-998f-0000-004d-85e34683b895,51668,17638,-75,1596541144130 01022022-f80f-0000-0033-13015a57904b,45465,25042,-95,1596541129276 0102202b-538f-0100-0063-0259d1f63649,65007,16860,-96,1596541139662 01022022-f88f-0000-00f7-d80875a03fe6,58844,46599,-80,1596541139559 0060d9dc-d308-1983-62a9-6d9d501a1006,27422,53244,-86,1596541139151 009bc2b5-2d8e-291d-0a63-d1d5e54d1006,3614,53979,-78,1596541123384 b5b182c7-eab1-4988-aa99-b5c1517008d9,1,48253,-82,1596541143998
1596541148922 b5b182c7-eab1-4988-aa99-b5c1517008d9,1,5661,-90,1596541128501 00e8a8a4-ba58-a790-dde9-2194b9ea1005,3608,40942,-72,1596541109280 b5b182c7-eab1-4988-aa99-b5c1517008d9,1,23832,-84,1596541143967 db983ea6-33c3-4eb3-8c58-bb61b2c880cf,31637,42245,-76,1596541134231 0081d2d3-4a14-1607-f83e-a9fbab221006,26398,36485,-82,1596541128569 0102202b-118f-0200-00e9-6b2f10ce01be,793,54787,-90,1596541144353 0102202b-118f-0200-0068-de873940ac27,20160,12106,-96,1596541129015 0102200b-998f-0000-004d-85e34683b895,51668,17638,-75,1596541144130 01022022-f80f-0000-0033-13015a57904b,45465,25042,-95,1596541129276 0102202b-538f-0100-0063-0259d1f63649,65007,16860,-96,1596541139662 01022022-f88f-0000-00f7-d80875a03fe6,58844,46599,-80,1596541139559 0060d9dc-d308-1983-62a9-6d9d501a1006,27422,53244,-86,1596541139151 009bc2b5-2d8e-291d-0a63-d1d5e54d1006,3614,53979,-78,1596541123384 b5b182c7-eab1-4988-aa99-b5c1517008d9,1,48253,-82,1596541148922
1596541149373 b5b182c7-eab1-4988-aa99-b5c1517008d9,1,5661,-90,1596541128501 00e8a8a4-ba58-a790-dde9-2194b9ea1005,3608,40942,-72,1596541109280 b5b182c7-eab1-4988-aa99-b5c1517008d9,1,23832,-84,1596541143967 db983ea6-33c3-4eb3-8c58-bb61b2c880cf,31637,42245,-76,1596541134231 00eebe45-3ee7-7106-3055-5d395b441005,2840,42174,-89,1596541149373 0081d2d3-4a14-1607-f83e-a9fbab221006,26398,36485,-82,1596541128569 0102202b-118f-0200-00e9-6b2f10ce01be,793,54787,-90,1596541144354 0102202b-118f-0200-0068-de873940ac27,20160,12106,-96,1596541129015 0102200b-998f-0000-004d-85e34683b895,51668,17638,-75,1596541144130 01022022-f80f-0000-0033-13015a57904b,45465,25042,-95,1596541129276 0102202b-538f-0100-0063-0259d1f63649,65007,16860,-96,1596541139662 01022022-f88f-0000-00f7-d80875a03fe6,58844,46599,-80,1596541139559 0060d9dc-d308-1983-62a9-6d9d501a1006,27422,53244,-86,1596541139151 009bc2b5-2d8e-291d-0a63-d1d5e54d1006,3614,53979,-78,1596541123384 b5b182c7-eab1-4988-aa99-b5c1517008d9,1,48253,-82,1596541148922
1596541149500 b5b182c7-eab1-4988-aa99-b5c1517008d9,1,5661,-90,1596541128501 00e8a8a4-ba58-a790-dde9-2194b9ea1005,3608,40942,-72,1596541109280 b5b182c7-eab1-4988-aa99-b5c1517008d9,1,23832,-84,1596541143967 db983ea6-33c3-4eb3-8c58-bb61b2c880cf,31637,42245,-76,1596541134231 00eebe45-3ee7-7106-3055-5d395b441005,2840,42174,-89,1596541149373 0081d2d3-4a14-1607-f83e-a9fbab221006,26398,36485,-82,1596541128569 0102202b-118f-0200-00e9-6b2f10ce01be,793,54787,-90,1596541144354 0102202b-118f-0200-0068-de873940ac27,20160,12106,-96,1596541129015 0102200b-998f-0000-004d-85e34683b895,51668,17638,-75,1596541144130 01022022-f80f-0000-0033-13015a57904b,45465,25042,-95,1596541129276 0102202b-538f-0100-0063-0259d1f63649,65007,16860,-96,1596541139661 01022022-f88f-0000-00f7-d80875a03fe6,58844,46599,-80,1596541149499 0060d9dc-d308-1983-62a9-6d9d501a1006,27422,53244,-86,1596541139151 009bc2b5-2d8e-291d-0a63-d1d5e54d1006,3614,53979,-78,1596541123384 b5b182c7-eab1-4988-aa99-b5c1517008d9,1,48253,-82,1596541148922
1596541156589 b5b182c7-eab1-4988-aa99-b5c1517008d9,1,5661,-90,1596541128501 00efbe50-8c2f-877d-e309-4ba70c0f1005,2840,42174,-85,1596541156589 00e8a8a4-ba58-a790-dde9-2194b9ea1005,3608,40942,-72,1596541109280 b5b182c7-eab1-4988-aa99-b5c1517008d9,1,23832,-84,1596541143967 db983ea6-33c3-4eb3-8c58-bb61b2c880cf,31637,42245,-76,1596541134231 00eebe45-3ee7-7106-3055-5d395b441005,2840,42174,-89,1596541149373 0081d2d3-4a14-1607-f83e-a9fbab221006,26398,36485,-82,1596541128569 0102202b-118f-0200-00e9-6b2f10ce01be,793,54787,-90,1596541144354 0102202b-118f-0200-0068-de873940ac27,20160,12106,-96,1596541129015 0102200b-998f-0000-004d-85e34683b895,51668,17638,-75,1596541144130 01022022-f80f-0000-0033-13015a57904b,45465,25042,-95,1596541129276 0102202b-538f-0100-0063-0259d1f63649,65007,16860,-96,1596541139662 01022022-f88f-0000-00f7-d80875a03fe6,58844,46599,-80,1596541149500 0060d9dc-d308-1983-62a9-6d9d501a1006,27422,53244,-86,1596541139151 009bc2b5-2d8e-291d-0a63-d1d5e54d1006,3614,53979,-78,1596541123384 b5b182c7-eab1-4988-aa99-b5c1517008d9,1,48253,-82,1596541148922
1596541159307 b5b182c7-eab1-4988-aa99-b5c1517008d9,1,5661,-90,1596541128501 00efbe50-8c2f-877d-e309-4ba70c0f1005,2840,42174,-85,1596541156588 00e8a8a4-ba58-a790-dde9-2194b9ea1005,3608,40942,-72,1596541109280 b5b182c7-eab1-4988-aa99-b5c1517008d9,1,23832,-84,1596541143967 db983ea6-33c3-4eb3-8c58-bb61b2c880cf,31637,42245,-76,1596541134231 00eebe45-3ee7-7106-3055-5d395b441005,2840,42174,-89,1596541149373 0081d2d3-4a14-1607-f83e-a9fbab221006,26398,36485,-82,1596541128569 0102202b-118f-0200-00e9-6b2f10ce01be,793,54787,-90,1596541159307 0102202b-118f-0200-0068-de873940ac27,20160,12106,-96,1596541129015 0102200b-998f-0000-004d-85e34683b895,51668,17638,-75,1596541144130 01022022-f80f-0000-0033-13015a57904b,45465,25042,-95,1596541129276 0102202b-538f-0100-0063-0259d1f63649,65007,16860,-96,1596541139662 01022022-f88f-0000-00f7-d80875a03fe6,58844,46599,-80,1596541149500 0060d9dc-d308-1983-62a9-6d9d501a1006,27422,53244,-86,1596541139151 009bc2b5-2d8e-291d-0a63-d1d5e54d1006,3614,53979,-78,1596541123384 b5b182c7-eab1-4988-aa99-b5c1517008d9,1,48253,-82,1596541148922
1596541159600 b5b182c7-eab1-4988-aa99-b5c1517008d9,1,5661,-90,1596541128501 00efbe50-8c2f-877d-e309-4ba70c0f1005,2840,42174,-85,1596541156589 00e8a8a4-ba58-a790-dde9-2194b9ea1005,3608,40942,-72,1596541109280 b5b182c7-eab1-4988-aa99-b5c1517008d9,1,23832,-84,1596541143967 db983ea6-33c3-4eb3-8c58-bb61b2c880cf,31637,42245,-76,1596541134231 00eebe45-3ee7-7106-3055-5d395b441005,2840,42174,-89,1596541149373 0081d2d3-4a14-1607-f83e-a9fbab221006,26398,36485,-82,1596541128569 0102202b-118f-0200-00e9-6b2f10ce01be,793,54787,-90,1596541159600 0102202b-118f-0200-0068-de873940ac27,20160,12106,-96,1596541129015 0102200b-998f-0000-004d-85e34683b895,51668,17638,-75,1596541144130 01022022-f80f-0000-0033-13015a57904b,45465,25042,-95,1596541129275 0102202b-538f-0100-0063-0259d1f63649,65007,16860,-96,1596541139661 01022022-f88f-0000-00f7-d80875a03fe6,58844,46599,-80,1596541149500 0060d9dc-d308-1983-62a9-6d9d501a1006,27422,53244,-86,1596541139151 009bc2b5-2d8e-291d-0a63-d1d5e54d1006,3614,53979,-78,1596541123384 b5b182c7-eab1-4988-aa99-b5c1517008d9,1,48253,-82,1596541148922
1596541164415 b5b182c7-eab1-4988-aa99-b5c1517008d9,1,5661,-90,1596541128501 00efbe50-8c2f-877d-e309-4ba70c0f1005,2840,42174,-85,1596541156589 db983ea6-33c3-4eb3-8c58-bb61b2c880cf,27257,27233,-84,1596541164415 00e8a8a4-ba58-a790-dde9-2194b9ea1005,3608,40942,-72,1596541109280 b5b182c7-eab1-4988-aa99-b5c1517008d9,1,23832,-84,1596541143966 db983ea6-33c3-4eb3-8c58-bb61b2c880cf,31637,42245,-76,1596541134230 00eebe45-3ee7-7106-3055-5d395b441005,2840,42174,-89,1596541149373 0081d2d3-4a14-1607-f83e-a9fbab221006,26398,36485,-82,1596541128569 0102202b-118f-0200-00e9-6b2f10ce01be,793,54787,-90,1596541159600 0102202b-118f-0200-0068-de873940ac27,20160,12106,-96,1596541129015 0102200b-998f-0000-004d-85e34683b895,51668,17638,-75,1596541144130 01022022-f80f-0000-0033-13015a57904b,45465,25042,-95,1596541129276 0102202b-538f-0100-0063-0259d1f63649,65007,16860,-96,1596541139662 01022022-f88f-0000-00f7-d80875a03fe6,58844,46599,-80,1596541149500 0060d9dc-d308-1983-62a9-6d9d501a1006,27422,53244,-86,1596541139151 009bc2b5-2d8e-291d-0a63-d1d5e54d1006,3614,53979,-78,1596541123384 b5b182c7-eab1-4988-aa99-b5c1517008d9,1,48253,-82,1596541148922
1596541166817 b5b182c7-eab1-4988-aa99-b5c1517008d9,1,5661,-90,1596541128501 00efbe50-8c2f-877d-e309-4ba70c0f1005,2840,42174,-85,1596541156589 db983ea6-33c3-4eb3-8c58-bb61b2c880cf,27257,27233,-84,1596541164415 00e8a8a4-ba58-a790-dde9-2194b9ea1005,3608,40942,-72,1596541109280 b5b182c7-eab1-4988-aa99-b5c1517008d9,1,23832,-84,1596541143967 db983ea6-33c3-4eb3-8c58-bb61b2c880cf,31637,42245,-76,1596541134231 00eebe45-3ee7-7106-3055-5d395b441005,2840,42174,-89,1596541149373 0081d2d3-4a14-1607-f83e-a9fbab221006,26398,36485,-82,1596541128569 0102202b-118f-0200-00e9-6b2f10ce01be,793,54787,-90,1596541159600 0102202b-118f-0200-0068-de873940ac27,20160,12106,-96,1596541129015 0102200b-998f-0000-004d-85e34683b895,51668,17638,-75,1596541144130 01022022-f80f-0000-0033-13015a57904b,45465,25042,-95,1596541129276 0102202b-538f-0100-0063-0259d1f63649,65007,16860,-96,1596541166818 01022022-f88f-0000-00f7-d80875a03fe6,58844,46599,-80,1596541149500 0060d9dc-d308-1983-62a9-6d9d501a1006,27422,53244,-86,1596541139151 009bc2b5-2d8e-291d-0a63-d1d5e54d1006,3614,53979,-78,1596541123384 b5b182c7-eab1-4988-aa99-b5c1517008d9,1,48253,-82,1596541148922
1596541169466 b5b182c7-eab1-4988-aa99-b5c1517008d9,1,5661,-90,1596541128500 00efbe50-8c2f-877d-e309-4ba70c0f1005,2840,42174,-85,1596541156589 db983ea6-33c3-4eb3-8c58-bb61b2c880cf,27257,27233,-84,1596541164415 00e8a8a4-ba58-a790-dde9-2194b9ea1005,3608,40942,-72,1596541109280 b5b182c7-eab1-4988-aa99-b5c1517008d9,1,23832,-84,1596541143967 db983ea6-33c3-4eb3-8c58-bb61b2c880cf,31637,42245,-76,1596541134231 00eebe45-3ee7-7106-3055-5d395b441005,2840,42174,-89,1596541149373 0081d2d3-4a14-1607-f83e-a9fbab221006,26398,36485,-82,1596541128569 0102202b-118f-0200-00e9-6b2f10ce01be,793,54787,-90,1596541159600 b5b182c7-eab1-4988-aa99-b5c1517008d9,1,43644,-97,1596541169466 0102202b-118f-0200-0068-de873940ac27,20160,12106,-96,1596541129015 0102200b-998f-0000-004d-85e34683b895,51668,17638,-75,1596541144130 01022022-f80f-0000-0033-13015a57904b,45465,25042,-95,1596541129276 0102202b-538f-0100-0063-0259d1f63649,65007,16860,-96,1596541166818 01022022-f88f-0000-00f7-d80875a03fe6,58844,46599,-80,1596541149500 0060d9dc-d308-1983-62a9-6d9d501a1006,27422,53244,-86,1596541139151 009bc2b5-2d8e-291d-0a63-d1d5e54d1006,3614,53979,-78,1596541123384 b5b182c7-eab1-4988-aa99-b5c1517008d9,1,48253,-82,1596541148922
1596541173238 b5b182c7-eab1-4988-aa99-b5c1517008d9,1,5661,-90,1596541128501 00efbe50-8c2f-877d-e309-4ba70c0f1005,2840,42174,-85,1596541156589 db983ea6-33c3-4eb3-8c58-bb61b2c880cf,27257,27233,-84,1596541164415 00e8a8a4-ba58-a790-dde9-2194b9ea1005,3608,40942,-72,1596541109280 b5b182c7-eab1-4988-aa99-b5c1517008d9,1,23832,-84,1596541143967 db983ea6-33c3-4eb3-8c58-bb61b2c880cf,31637,42245,-76,1596541134231 00eebe45-3ee7-7106-3055-5d395b441005,2840,42174,-89,1596541149373 0081d2d3-4a14-1607-f83e-a9fbab221006,26398,36485,-82,1596541128569 0102202b-118f-0200-00e9-6b2f10ce01be,793,54787,-90,1596541159600 b5b182c7-eab1-4988-aa99-b5c1517008d9,1,43644,-97,1596541169466 0102202b-118f-0200-0068-de873940ac27,20160,12106,-96,1596541129015 0102200b-998f-0000-004d-85e34683b895,51668,17638,-75,1596541144130 01022022-f80f-0000-0033-13015a57904b,45465,25042,-95,1596541129275 0102202b-538f-0100-0063-0259d1f63649,65007,16860,-96,1596541166817 01022022-f88f-0000-00f7-d80875a03fe6,58844,46599,-80,1596541149499 0060d9dc-d308-1983-62a9-6d9d501a1006,27422,53244,-86,1596541139151 009bc2b5-2d8e-291d-0a63-d1d5e54d1006,3614,53979,-78,1596541123384 0102202b-538f-0100-0036-3d75865758df,2879,54265,-93,1596541173238 b5b182c7-eab1-4988-aa99-b5c1517008d9,1,48253,-82,1596541148922
1596541174539 b5b182c7-eab1-4988-aa99-b5c1517008d9,1,5661,-90,1596541128501 00efbe50-8c2f-877d-e309-4ba70c0f1005,2840,42174,-85,1596541156589 db983ea6-33c3-4eb3-8c58-bb61b2c880cf,27257,27233,-84,1596541164415 00e8a8a4-ba58-a790-dde9-2194b9ea1005,3608,40942,-72,1596541109279 b5b182c7-eab1-4988-aa99-b5c1517008d9,1,23832,-84,1596541143966 db983ea6-33c3-4eb3-8c58-bb61b2c880cf,31637,42245,-76,1596541134231 00eebe45-3ee7-7106-3055-5d395b441005,2840,42174,-89,1596541149373 0081d2d3-4a14-1607-f83e-a9fbab221006,26398,36485,-82,1596541128569 0102202b-118f-0200-00e9-6b2f10ce01be,793,54787,-90,1596541159600 0102202b-448f-0100-0027-ff142877f290,35847,33363,-92,1596541174539 b5b182c7-eab1-4988-aa99-b5c1517008d9,1,43644,-97,1596541169466 0102202b-118f-0200-0068-de873940ac27,20160,12106,-96,1596541129015 0102200b-998f-0000-004d-85e34683b895,51668,17638,-75,1596541144130 01022022-f80f-0000-0033-13015a57904b,45465,25042,-95,1596541129276 0102202b-538f-0100-0063-0259d1f63649,65007,16860,-96,1596541166818 01022022-f88f-0000-00f7-d80875a03fe6,58844,46599,-80,1596541149500 0060d9dc-d308-1983-62a9-6d9d501a1006,27422,53244,-86,1596541139151 009bc2b5-2d8e-291d-0a63-d1d5e54d1006,3614,53979,-78,1596541123384 0102202b-538f-0100-0036-3d75865758df,2879,54265,-93,1596541173238 b5b182c7-eab1-4988-aa99-b5c1517008d9,1,48253,-82,1596541148922
1596541178670 b5b182c7-eab1-4988-aa99-b5c1517008d9,1,5661,-90,1596541128501 00efbe50-8c2f-877d-e309-4ba70c0f1005,2840,42174,-85,1596541156589 db983ea6-33c3-4eb3-8c58-bb61b2c880cf,27257,27233,-84,1596541164415 00e8a8a4-ba58-a790-dde9-2194b9ea1005,3608,40942,-72,1596541109280 b5b182c7-eab1-4988-aa99-b5c1517008d9,1,23832,-84,1596541143967 db983ea6-33c3-4eb3-8c58-bb61b2c880cf,31637,42245,-76,1596541134231 00eebe45-3ee7-7106-3055-5d395b441005,2840,42174,-89,1596541149373 0081d2d3-4a14-1607-f83e-a9fbab221006,26398,36485,-82,1596541128569 0102202b-118f-0200-00e9-6b2f10ce01be,793,54787,-90,1596541178670 0102202b-448f-0100-0027-ff142877f290,35847,33363,-92,1596541174539 b5b182c7-eab1-4988-aa99-b5c1517008d9,1,43644,-97,1596541169466 0102202b-118f-0200-0068-de873940ac27,20160,12106,-96,1596541129015 0102200b-998f-0000-004d-85e34683b895,51668,17638,-75,1596541144130 01022022-f80f-0000-0033-13015a57904b,45465,25042,-95,1596541129276 0102202b-538f-0100-0063-0259d1f63649,65007,16860,-96,1596541166817 01022022-f88f-0000-00f7-d80875a03fe6,58844,46599,-80,1596541149500 0060d9dc-d308-1983-62a9-6d9d501a1006,27422,53244,-86,1596541139151 009bc2b5-2d8e-291d-0a63-d1d5e54d1006,3614,53979,-78,1596541123384 0102202b-538f-0100-0036-3d75865758df,2879,54265,-93,1596541173238 b5b182c7-eab1-4988-aa99-b5c1517008d9,1,48253,-82,1596541148922
1596541178723 b5b182c7-eab1-4988-aa99-b5c1517008d9,1,5661,-90,1596541128501 00efbe50-8c2f-877d-e309-4ba70c0f1005,2840,42174,-85,1596541156589 db983ea6-33c3-4eb3-8c58-bb61b2c880cf,27257,27233,-84,1596541164415 00e8a8a4-ba58-a790-dde9-2194b9ea1005,3608,40942,-72,1596541109280 b5b182c7-eab1-4988-aa99-b5c1517008d9,1,23832,-84,1596541143966 db983ea6-33c3-4eb3-8c58-bb61b2c880cf,31637,42245,-76,1596541134230 00eebe45-3ee7-7106-3055-5d395b441005,2840,42174,-89,1596541149373 0081d2d3-4a14-1607-f83e-a9fbab221006,26398,36485,-82,1596541128569 0102202b-118f-0200-00e9-6b2f10ce01be,793,54787,-90,1596541178670 0102202b-448f-0100-0027-ff142877f290,35847,33363,-92,1596541174539 b5b182c7-eab1-4988-aa99-b5c1517008d9,1,43644,-97,1596541169466 0102202b-118f-0200-0068-de873940ac27,20160,12106,-96,1596541129015 0102200b-998f-0000-004d-85e34683b895,51668,17638,-75,1596541144130 01022022-f80f-0000-0033-13015a57904b,45465,25042,-95,1596541129276 0102202b-538f-0100-0063-0259d1f63649,65007,16860,-96,1596541166818 01022022-f88f-0000-00f7-d80875a03fe6,58844,46599,-80,1596541149500 0060d9dc-d308-1983-62a9-6d9d501a1006,27422,53244,-86,1596541139151 009bc2b5-2d8e-291d-0a63-d1d5e54d1006,3614,53979,-78,1596541123384 0102202b-538f-0100-0036-3d75865758df,2879,54265,-93,1596541178723 b5b182c7-eab1-4988-aa99-b5c1517008d9,1,48253,-82,1596541148922
1596541179011 b5b182c7-eab1-4988-aa99-b5c1517008d9,1,5661,-90,1596541128500 00efbe50-8c2f-877d-e309-4ba70c0f1005,2840,42174,-85,1596541156588 db983ea6-33c3-4eb3-8c58-bb61b2c880cf,27257,27233,-84,1596541164414 00e8a8a4-ba58-a790-dde9-2194b9ea1005,3608,40942,-72,1596541109279 b5b182c7-eab1-4988-aa99-b5c1517008d9,1,23832,-84,1596541143966 db983ea6-33c3-4eb3-8c58-bb61b2c880cf,31637,42245,-76,1596541134231 00eebe45-3ee7-7106-3055-5d395b441005,2840,42174,-89,1596541149373 0081d2d3-4a14-1607-f83e-a9fbab221006,26398,36485,-82,1596541128569 0102202b-118f-0200-00e9-6b2f10ce01be,793,54787,-90,1596541179011 0102202b-448f-0100-0027-ff142877f290,35847,33363,-92,1596541174539 b5b182c7-eab1-4988-aa99-b5c1517008d9,1,43644,-97,1596541169466 0102202b-118f-0200-0068-de873940ac27,20160,12106,-96,1596541129015 0102200b-998f-0000-004d-85e34683b895,51668,17638,-75,1596541144130 01022022-f80f-0000-0033-13015a57904b,45465,25042,-95,1596541129276 0102202b-538f-0100-0063-0259d1f63649,65007,16860,-96,1596541166818 01022022-f88f-0000-00f7-d80875a03fe6,58844,46599,-80,1596541149500 0060d9dc-d308-1983-62a9-6d9d501a1006,27422,53244,-86,1596541139151 009bc2b5-2d8e-291d-0a63-d1d5e54d1006,3614,53979,-78,1596541123384 0102202b-538f-0100-0036-3d75865758df,2879,54265,-93,1596541178723 b5b182c7-eab1-4988-aa99-b5c1517008d9,1,48253,-82,1596541148922
1596541179198 b5b182c7-eab1-4988-aa99-b5c1517008d9,1,5661,-90,1596541128501 00efbe50-8c2f-877d-e309-4ba70c0f1005,2840,42174,-85,1596541156589 db983ea6-33c3-4eb3-8c58-bb61b2c880cf,27257,27233,-84,1596541164415 00e8a8a4-ba58-a790-dde9-2194b9ea1005,3608,40942,-72,1596541109279 b5b182c7-eab1-4988-aa99-b5c1517008d9,1,23832,-84,1596541143966 db983ea6-33c3-4eb3-8c58-bb61b2c880cf,31637,42245,-76,1596541134230 00eebe45-3ee7-7106-3055-5d395b441005,2840,42174,-89,1596541149373 0081d2d3-4a14-1607-f83e-a9fbab221006,26398,36485,-82,1596541128569 0102202b-118f-0200-00e9-6b2f10ce01be,793,54787,-90,1596541179198 0102202b-448f-0100-0027-ff142877f290,35847,33363,-92,1596541174539 b5b182c7-eab1-4988-aa99-b5c1517008d9,1,43644,-97,1596541169466 0102202b-118f-0200-0068-de873940ac27,20160,12106,-96,1596541129015 0102200b-998f-0000-004d-85e34683b895,51668,17638,-75,1596541144130 01022022-f80f-0000-0033-13015a57904b,45465,25042,-95,1596541129276 0102202b-538f-0100-0063-0259d1f63649,65007,16860,-96,1596541166818 01022022-f88f-0000-00f7-d80875a03fe6,58844,46599,-80,1596541149500 0060d9dc-d308-1983-62a9-6d9d501a1006,27422,53244,-86,1596541139151 009bc2b5-2d8e-291d-0a63-d1d5e54d1006,3614,53979,-78,1596541123384 0102202b-538f-0100-0036-3d75865758df,2879,54265,-93,1596541178723 b5b182c7-eab1-4988-aa99-b5c1517008d9,1,48253,-82,1596541148922
1596541183645 b5b182c7-eab1-4988-aa99-b5c1517008d9,1,5661,-90,1596541128501 00efbe50-8c2f-877d-e309-4ba70c0f1005,2840,42174,-85,1596541156589 db983ea6-33c3-4eb3-8c58-bb61b2c880cf,27257,27233,-84,1596541164415 00e8a8a4-ba58-a790-dde9-2194b9ea1005,3608,40942,-72,1596541109280 b5b182c7-eab1-4988-aa99-b5c1517008d9,1,23832,-84,1596541143967 db983ea6-33c3-4eb3-8c58-bb61b2c880cf,31637,42245,-76,1596541134231 00eebe45-3ee7-7106-3055-5d395b441005,2840,42174,-89,1596541149373 0081d2d3-4a14-1607-f83e-a9fbab221006,26398,36485,-82,1596541128569 01092000-f58f-0401-0038-1d9e06adb374,22023,22659,-92,1596541183645 0102202b-118f-0200-00e9-6b2f10ce01be,793,54787,-90,1596541179198 0102202b-448f-0100-0027-ff142877f290,35847,33363,-92,1596541174539 b5b182c7-eab1-4988-aa99-b5c1517008d9,1,43644,-97,1596541169466 0102202b-118f-0200-0068-de873940ac27,20160,12106,-96,1596541129015 0102200b-998f-0000-004d-85e34683b895,51668,17638,-75,1596541144130 01022022-f80f-0000-0033-13015a57904b,45465,25042,-95,1596541129276 0102202b-538f-0100-0063-0259d1f63649,65007,16860,-96,1596541166817 01022022-f88f-0000-00f7-d80875a03fe6,58844,46599,-80,1596541149500 0060d9dc-d308-1983-62a9-6d9d501a1006,27422,53244,-86,1596541139151 009bc2b5-2d8e-291d-0a63-d1d5e54d1006,3614,53979,-78,1596541123384 0102202b-538f-0100-0036-3d75865758df,2879,54265,-93,1596541178723 b5b182c7-eab1-4988-aa99-b5c1517008d9,1,48253,-82,1596541148922
1596541183808 b5b182c7-eab1-4988-aa99-b5c1517008d9,1,5661,-90,1596541128501 00efbe50-8c2f-877d-e309-4ba70c0f1005,2840,42174,-85,1596541156589 db983ea6-33c3-4eb3-8c58-bb61b2c880cf,27257,27233,-84,1596541164415 00e8a8a4-ba58-a790-dde9-2194b9ea1005,3608,40942,-72,1596541109280 b5b182c7-eab1-4988-aa99-b5c1517008d9,1,23832,-84,1596541143967 db983ea6-33c3-4eb3-8c58-bb61b2c880cf,31637,42245,-76,1596541134231 00eebe45-3ee7-7106-3055-5d395b441005,2840,42174,-89,1596541149373 0081d2d3-4a14-1607-f83e-a9fbab221006,26398,36485,-82,1596541128569 01092000-f58f-0401-0038-1d9e06adb374,22023,22659,-92,1596541183808 0102202b-118f-0200-00e9-6b2f10ce01be,793,54787,-90,1596541179198 0102202b-448f-0100-0027-ff142877f290,35847,33363,-92,1596541174539 b5b182c7-eab1-4988-aa99-b5c1517008d9,1,43644,-97,1596541169466 0102202b-118f-0200-0068-de873940ac27,20160,12106,-96,1596541129015 0102200b-998f-0000-004d-85e34683b895,51668,17638,-75,1596541144130 01022022-f80f-0000-0033-13015a57904b,45465,25042,-95,1596541129276 0102202b-538f-0100-0063-0259d1f63649,65007,16860,-96,1596541166818 01022022-f88f-0000-00f7-d80875a03fe6,58844,46599,-80,1596541149500 0060d9dc-d308-1983-62a9-6d9d501a1006,27422,53244,-86,1596541139151 009bc2b5-2d8e-291d-0a63-d1d5e54d1006,3614,53979,-78,1596541123384 0102202b-538f-0100-0036-3d75865758df,2879,54265,-93,1596541178722 b5b182c7-eab1-4988-aa99-b5c1517008d9,1,48253,-82,1596541148922
1596541183990 b5b182c7-eab1-4988-aa99-b5c1517008d9,1,5661,-90,1596541128501 00efbe50-8c2f-877d-e309-4ba70c0f1005,2840,42174,-85,1596541156589 db983ea6-33c3-4eb3-8c58-bb61b2c880cf,27257,27233,-84,1596541164415 00e8a8a4-ba58-a790-dde9-2194b9ea1005,3608,40942,-72,1596541109280 b5b182c7-eab1-4988-aa99-b5c1517008d9,1,23832,-84,1596541143967 db983ea6-33c3-4eb3-8c58-bb61b2c880cf,31637,42245,-76,1596541134231 00eebe45-3ee7-7106-3055-5d395b441005,2840,42174,-89,1596541149373 0087a183-69b7-1878-e896-069e07b01006,19230,44032,-86,1596541183990 0081d2d3-4a14-1607-f83e-a9fbab221006,26398,36485,-82,1596541128569 01092000-f58f-0401-0038-1d9e06adb374,22023,22659,-92,1596541183808 0102202b-118f-0200-00e9-6b2f10ce01be,793,54787,-90,1596541179198 0102202b-448f-0100-0027-ff142877f290,35847,33363,-92,1596541174539 b5b182c7-eab1-4988-aa99-b5c1517008d9,1,43644,-97,1596541169466 0102202b-118f-0200-0068-de873940ac27,20160,12106,-96,1596541129015 0102200b-998f-0000-004d-85e34683b895,51668,17638,-75,1596541144130 01022022-f80f-0000-0033-13015a57904b,45465,25042,-95,1596541129276 0102202b-538f-0100-0063-0259d1f63649,65007,16860,-96,1596541166818 01022022-f88f-0000-00f7-d80875a03fe6,58844,46599,-80,1596541149500 0060d9dc-d308-1983-62a9-6d9d501a1006,27422,53244,-86,1596541139151 009bc2b5-2d8e-291d-0a63-d1d5e54d1006,3614,53979,-78,1596541123384 0102202b-538f-0100-0036-3d75865758df,2879,54265,-93,1596541178723 b5b182c7-eab1-4988-aa99-b5c1517008d9,1,48253,-82,1596541148922
1596541184164 b5b182c7-eab1-4988-aa99-b5c1517008d9,1,5661,-90,1596541128501 00efbe50-8c2f-877d-e309-4ba70c0f1005,2840,42174,-85,1596541156589 db983ea6-33c3-4eb3-8c58-bb61b2c880cf,27257,27233,-84,1596541164415 00e8a8a4-ba58-a790-dde9-2194b9ea1005,3608,40942,-72,1596541109280 b5b182c7-eab1-4988-aa99-b5c1517008d9,1,23832,-84,1596541143967 db983ea6-33c3-4eb3-8c58-bb61b2c880cf,31637,42245,-76,1596541134231 00eebe45-3ee7-7106-3055-5d395b441005,2840,42174,-89,1596541149373 0087a183-69b7-1878-e896-069e07b01006,19230,44032,-86,1596541183990 0081d2d3-4a14-1607-f83e-a9fbab221006,26398,36485,-82,1596541128569 01092000-f58f-0401-0038-1d9e06adb374,22023,22659,-92,1596541184164 0102202b-118f-0200-00e9-6b2f10ce01be,793,54787,-90,1596541179198 0102202b-448f-0100-0027-ff142877f290,35847,33363,-92,1596541174539 b5b182c7-eab1-4988-aa99-b5c1517008d9,1,43644,-97,1596541169466 0102202b-118f-0200-0068-de873940ac27,20160,12106,-96,1596541129015 0102200b-998f-0000-004d-85e34683b895,51668,17638,-75,1596541144130 01022022-f80f-0000-0033-13015a57904b,45465,25042,-95,1596541129276 0102202b-538f-0100-0063-0259d1f63649,65007,16860,-96,1596541166818 01022022-f88f-0000-00f7-d80875a03fe6,58844,46599,-80,1596541149499 0060d9dc-d308-1983-62a9-6d9d501a1006,27422,53244,-86,1596541139150 009bc2b5-2d8e-291d-0a63-d1d5e54d1006,3614,53979,-78,1596541123384 0102202b-538f-0100-0036-3d75865758df,2879,54265,-93,1596541178723 b5b182c7-eab1-4988-aa99-b5c1517008d9,1,48253,-82,1596541148922
1596541184322 b5b182c7-eab1-4988-aa99-b5c1517008d9,1,5661,-90,1596541128501 00efbe50-8c2f-877d-e309-4ba70c0f1005,2840,42174,-85,1596541156589 db983ea6-33c3-4eb3-8c58-bb61b2c880cf,27257,27233,-84,1596541164415 0102200b-998f-0100-0073-b48a06b0e038,56512,33995,-91,1596541184323 00e8a8a4-ba58-a790-dde9-2194b9ea1005,3608,40942,-72,1596541109280 b5b182c7-eab1-4988-aa99-b5c1517008d9,1,23832,-84,1596541143967 db983ea6-33c3-4eb3-8c58-bb61b2c880cf,31637,42245,-76,1596541134231 00eebe45-3ee7-7106-3055-5d395b441005,2840,42174,-89,1596541149373 0087a183-69b7-1878-e896-069e07b01006,19230,44032,-86,1596541183990 0081d2d3-4a14-1607-f83e-a9fbab221006,26398,36485,-82,1596541128569 01092000-f58f-0401-0038-1d9e06adb374,22023,22659,-92,1596541184164 0102202b-118f-0200-00e9-6b2f10ce01be,793,54787,-90,1596541179198 0102202b-448f-0100-0027-ff142877f290,35847,33363,-92,1596541174539 b5b182c7-eab1-4988-aa99-b5c1517008d9,1,43644,-97,1596541169466 0102202b-118f-0200-0068-de873940ac27,20160,12106,-96,1596541129015 0102200b-998f-0000-004d-85e34683b895,51668,17638,-75,1596541144130 01022022-f80f-0000-0033-13015a57904b,45465,25042,-95,1596541129276 0102202b-538f-0100-0063-0259d1f63649,65007,16860,-96,1596541166818 01022022-f88f-0000-00f7-d80875a03fe6,58844,46599,-80,1596541149500 0060d9dc-d308-1983-62a9-6d9d501a1006,27422,53244,-86,1596541139151 009bc2b5-2d8e-291d-0a63-d1d5e54d1006,3614,53979,-78,1596541123383 0102202b-538f-0100-0036-3d75865758df,2879,54265,-93,1596541178722 b5b182c7-eab1-4988-aa99-b5c1517008d9,1,48253,-82,1596541148922
1596541184553 b5b182c7-eab1-4988-aa99-b5c1517008d9,1,5661,-90,1596541128501 00efbe50-8c2f-877d-e309-4ba70c0f1005,2840,42174,-85,1596541156589 db983ea6-33c3-4eb3-8c58-bb61b2c880cf,27257,27233,-84,1596541164415 0102200b-998f-0100-0073-b48a06b0e038,56512,33995,-91,1596541184323 00e8a8a4-ba58-a790-dde9-2194b9ea1005,3608,40942,-72,1596541109280 b5b182c7-eab1-4988-aa99-b5c1517008d9,1,23832,-84,1596541143967 db983ea6-33c3-4eb3-8c58-bb61b2c880cf,31637,42245,-76,1596541134231 00eebe45-3ee7-7106-3055-5d395b441005,2840,42174,-89,1596541149373 0087a183-69b7-1878-e896-069e07b01006,19230,44032,-86,1596541183990 0081d2d3-4a14-1607-f83e-a9fbab221006,26398,36485,-82,1596541128569 01092000-f58f-0401-0038-1d9e06adb374,22023,22659,-92,1596541184164 0102202b-118f-0200-00e9-6b2f10ce01be,793,54787,-90,1596541179198 0102202b-448f-0100-0027-ff142877f290,35847,33363,-92,1596541174539 b5b182c7-eab1-4988-aa99-b5c1517008d9,1,43644,-97,1596541169466 0102202b-118f-0200-0068-de873940ac27,20160,12106,-96,1596541129015 0102200b-998f-0000-004d-85e34683b895,51668,17638,-75,1596541144130 01022022-f80f-0000-0033-13015a57904b,45465,25042,-95,1596541129276 0102202b-538f-0100-0063-0259d1f63649,65007,16860,-96,1596541166818 01022022-f88f-0000-00f7-d80875a03fe6,58844,46599,-80,1596541149500 0060d9dc-d308-1983-62a9-6d9d501a1006,27422,53244,-86,1596541139151 009bc2b5-2d8e-291d-0a63-d1d5e54d1006,3614,53979,-78,1596541123384 0102202b-538f-0100-0036-3d75865758df,2879,54265,-93,1596541184553 b5b182c7-eab1-4988-aa99-b5c1517008d9,1,48253,-82,1596541148922
1596541188681 b5b182c7-eab1-4988-aa99-b5c1517008d9,1,5661,-90,1596541128501 00efbe50-8c2f-877d-e309-4ba70c0f1005,2840,42174,-85,1596541156589 db983ea6-33c3-4eb3-8c58-bb61b2c880cf,27257,27233,-84,1596541164414 0102200b-998f-0100-0073-b48a06b0e038,56512,33995,-91,1596541184322 00e8a8a4-ba58-a790-dde9-2194b9ea1005,3608,40942,-72,1596541109280 b5b182c7-eab1-4988-aa99-b5c1517008d9,1,23832,-84,1596541143967 db983ea6-33c3-4eb3-8c58-bb61b2c880cf,31637,42245,-76,1596541134231 00eebe45-3ee7-7106-3055-5d395b441005,2840,42174,-89,1596541149373 0087a183-69b7-1878-e896-069e07b01006,19230,44032,-86,1596541183990 0081d2d3-4a14-1607-f83e-a9fbab221006,26398,36485,-82,1596541128569 01092000-f58f-0401-0038-1d9e06adb374,22023,22659,-92,1596541188681 0102202b-118f-0200-00e9-6b2f10ce01be,793,54787,-90,1596541179198 0102202b-448f-0100-0027-ff142877f290,35847,33363,-92,1596541174539 b5b182c7-eab1-4988-aa99-b5c1517008d9,1,43644,-97,1596541169466 0102202b-118f-0200-0068-de873940ac27,20160,12106,-96,1596541129015 0102200b-998f-0000-004d-85e34683b895,51668,17638,-75,1596541144130 01022022-f80f-0000-0033-13015a57904b,45465,25042,-95,1596541129276 0102202b-538f-0100-0063-0259d1f63649,65007,16860,-96,1596541166818 01022022-f88f-0000-00f7-d80875a03fe6,58844,46599,-80,1596541149499 0060d9dc-d308-1983-62a9-6d9d501a1006,27422,53244,-86,1596541139151 009bc2b5-2d8e-291d-0a63-d1d5e54d1006,3614,53979,-78,1596541123384 0102202b-538f-0100-0036-3d75865758df,2879,54265,-93,1596541184553 b5b182c7-eab1-4988-aa99-b5c1517008d9,1,48253,-82,1596541148922
1596541189231 b5b182c7-eab1-4988-aa99-b5c1517008d9,1,5661,-90,1596541128501 00efbe50-8c2f-877d-e309-4ba70c0f1005,2840,42174,-85,1596541156589 db983ea6-33c3-4eb3-8c58-bb61b2c880cf,27257,27233,-84,1596541164415 0102200b-998f-0100-0073-b48a06b0e038,56512,33995,-91,1596541184323 00e8a8a4-ba58-a790-dde9-2194b9ea1005,3608,40942,-72,1596541109280 b5b182c7-eab1-4988-aa99-b5c1517008d9,1,23832,-84,1596541143967 db983ea6-33c3-4eb3-8c58-bb61b2c880cf,31637,42245,-76,1596541134231 00eebe45-3ee7-7106-3055-5d395b441005,2840,42174,-89,1596541149373 0087a183-69b7-1878-e896-069e07b01006,19230,44032,-86,1596541183990 0081d2d3-4a14-1607-f83e-a9fbab221006,26398,36485,-82,1596541128569 01092000-f58f-0401-0038-1d9e06adb374,22023,22659,-92,1596541188681 0102202b-118f-0200-00e9-6b2f10ce01be,793,54787,-90,1596541179198 0102202b-448f-0100-0027-ff142877f290,35847,33363,-92,1596541174539 b5b182c7-eab1-4988-aa99-b5c1517008d9,1,43644,-97,1596541169466 0102202b-118f-0200-0068-de873940ac27,20160,12106,-96,1596541129015 0102200b-998f-0000-004d-85e34683b895,51668,17638,-75,1596541144130 01022022-f80f-0000-0033-13015a57904b,45465,25042,-95,1596541129276 0102202b-538f-0100-0063-0259d1f63649,65007,16860,-96,1596541166818 01022022-f88f-0000-00f7-d80875a03fe6,58844,46599,-80,1596541149499 0060d9dc-d308-1983-62a9-6d9d501a1006,27422,53244,-86,1596541139151 009bc2b5-2d8e-291d-0a63-d1d5e54d1006,3614,53979,-78,1596541123384 0102202b-538f-0100-0036-3d75865758df,2879,54265,-93,1596541189231 b5b182c7-eab1-4988-aa99-b5c1517008d9,1,48253,-82,1596541148922
1596541189377 b5b182c7-eab1-4988-aa99-b5c1517008d9,1,5661,-90,1596541128501 00efbe50-8c2f-877d-e309-4ba70c0f1005,2840,42174,-85,1596541156589 db983ea6-33c3-4eb3-8c58-bb61b2c880cf,27257,27233,-84,1596541164415 0102200b-998f-0100-0073-b48a06b0e038,56512,33995,-91,1596541184323 00e8a8a4-ba58-a790-dde9-2194b9ea1005,3608,40942,-72,1596541109280 b5b182c7-eab1-4988-aa99-b5c1517008d9,1,23832,-84,1596541143967 db983ea6-33c3-4eb3-8c58-bb61b2c880cf,31637,42245,-76,1596541134231 00eebe45-3ee7-7106-3055-5d395b441005,2840,42174,-89,1596541149373 0087a183-69b7-1878-e896-069e07b01006,19230,44032,-86,1596541183990 0081d2d3-4a14-1607-f83e-a9fbab221006,26398,36485,-82,1596541128569 01092000-f58f-0401-0038-1d9e06adb374,22023,22659,-92,1596541189377 0102202b-118f-0200-00e9-6b2f10ce01be,793,54787,-90,1596541179198 0102202b-448f-0100-0027-ff142877f290,35847,33363,-92,1596541174539 b5b182c7-eab1-4988-aa99-b5c1517008d9,1,43644,-97,1596541169466 0102202b-118f-0200-0068-de873940ac27,20160,12106,-96,1596541129015 0102200b-998f-0000-004d-85e34683b895,51668,17638,-75,1596541144130 01022022-f80f-0000-0033-13015a57904b,45465,25042,-95,1596541129276 0102202b-538f-0100-0063-0259d1f63649,65007,16860,-96,1596541166817 01022022-f88f-0000-00f7-d80875a03fe6,58844,46599,-80,1596541149499 0060d9dc-d308-1983-62a9-6d9d501a1006,27422,53244,-86,1596541139151 009bc2b5-2d8e-291d-0a63-d1d5e54d1006,3614,53979,-78,1596541123384 0102202b-538f-0100-0036-3d75865758df,2879,54265,-93,1596541189231 b5b182c7-eab1-4988-aa99-b5c1517008d9,1,48253,-82,1596541148922
1596541189480 b5b182c7-eab1-4988-aa99-b5c1517008d9,1,5661,-90,1596541128501 00efbe50-8c2f-877d-e309-4ba70c0f1005,2840,42174,-85,1596541156589 db983ea6-33c3-4eb3-8c58-bb61b2c880cf,27257,27233,-84,1596541164415 0102200b-998f-0100-0073-b48a06b0e038,56512,33995,-91,1596541184323 00e8a8a4-ba58-a790-dde9-2194b9ea1005,3608,40942,-72,1596541109280 b5b182c7-eab1-4988-aa99-b5c1517008d9,1,23832,-84,1596541143967 db983ea6-33c3-4eb3-8c58-bb61b2c880cf,31637,42245,-76,1596541134231 00eebe45-3ee7-7106-3055-5d395b441005,2840,42174,-89,1596541149373 0087a183-69b7-1878-e896-069e07b01006,19230,44032,-86,1596541183990 0081d2d3-4a14-1607-f83e-a9fbab221006,26398,36485,-82,1596541128569 01092000-f58f-0401-0038-1d9e06adb374,22023,22659,-92,1596541189377 0102202b-118f-0200-00e9-6b2f10ce01be,793,54787,-90,1596541179198 0102202b-448f-0100-0027-ff142877f290,35847,33363,-92,1596541174539 b5b182c7-eab1-4988-aa99-b5c1517008d9,1,43644,-97,1596541169466 0102202b-118f-0200-0068-de873940ac27,20160,12106,-96,1596541129015 0102200b-998f-0000-004d-85e34683b895,51668,17638,-75,1596541144129 01022022-f80f-0000-0033-13015a57904b,45465,25042,-95,1596541129275 0102202b-538f-0100-0063-0259d1f63649,65007,16860,-96,1596541166818 01022022-f88f-0000-00f7-d80875a03fe6,58844,46599,-80,1596541149500 0060d9dc-d308-1983-62a9-6d9d501a1006,27422,53244,-86,1596541139151 009bc2b5-2d8e-291d-0a63-d1d5e54d1006,3614,53979,-78,1596541123384 0102202b-538f-0100-0036-3d75865758df,2879,54265,-93,1596541189480 b5b182c7-eab1-4988-aa99-b5c1517008d9,1,48253,-82,1596541148922
1596541194479 b5b182c7-eab1-4988-aa99-b5c1517008d9,1,5661,-90,1596541128501 00efbe50-8c2f-877d-e309-4ba70c0f1005,2840,42174,-85,1596541156589 db983ea6-33c3-4eb3-8c58-bb61b2c880cf,27257,27233,-84,1596541164415 0102200b-998f-0100-0073-b48a06b0e038,56512,33995,-91,1596541184323 00e8a8a4-ba58-a790-dde9-2194b9ea1005,3608,40942,-72,1596541109280 b5b182c7-eab1-4988-aa99-b5c1517008d9,1,23832,-84,1596541143967 db983ea6-33c3-4eb3-8c58-bb61b2c880cf,31637,42245,-76,1596541134231 00eebe45-3ee7-7106-3055-5d395b441005,2840,42174,-89,1596541149372 0087a183-69b7-1878-e896-069e07b01006,19230,44032,-86,1596541183989 0081d2d3-4a14-1607-f83e-a9fbab221006,26398,36485,-82,1596541128569 01092000-f58f-0401-0038-1d9e06adb374,22023,22659,-92,1596541189377 0102202b-118f-0200-00e9-6b2f10ce01be,793,54787,-90,1596541179198 0102202b-448f-0100-0027-ff142877f290,35847,33363,-92,1596541174539 b5b182c7-eab1-4988-aa99-b5c1517008d9,1,43644,-97,1596541169466 0102202b-118f-0200-0068-de873940ac27,20160,12106,-96,1596541129015 0102200b-998f-0000-004d-85e34683b895,51668,17638,-75,1596541144130 01022022-f80f-0000-0033-13015a57904b,45465,25042,-95,1596541129276 0102202b-538f-0100-0063-0259d1f63649,65007,16860,-96,1596541166818 01022022-f88f-0000-00f7-d80875a03fe6,58844,46599,-80,1596541149500 0060d9dc-d308-1983-62a9-6d9d501a1006,27422,53244,-86,1596541139151 009bc2b5-2d8e-291d-0a63-d1d5e54d1006,3614,53979,-78,1596541123384 0102202b-538f-0100-0036-3d75865758df,2879,54265,-93,1596541189480 b5b182c7-eab1-4988-aa99-b5c1517008d9,1,48253,-82,1596541194480
1596541194546 b5b182c7-eab1-4988-aa99-b5c1517008d9,1,5661,-90,1596541128501 00efbe50-8c2f-877d-e309-4ba70c0f1005,2840,42174,-85,1596541156589 db983ea6-33c3-4eb3-8c58-bb61b2c880cf,27257,27233,-84,1596541164415 0102200b-998f-0100-0073-b48a06b0e038,56512,33995,-91,1596541184323 00e8a8a4-ba58-a790-dde9-2194b9ea1005,3608,40942,-72,1596541109280 b5b182c7-eab1-4988-aa99-b5c1517008d9,1,23832,-84,1596541143966 db983ea6-33c3-4eb3-8c58-bb61b2c880cf,31637,42245,-76,1596541134230 00eebe45-3ee7-7106-3055-5d395b441005,2840,42174,-89,1596541149372 0087a183-69b7-1878-e896-069e07b01006,19230,44032,-86,1596541183990 0081d2d3-4a14-1607-f83e-a9fbab221006,26398,36485,-82,1596541128569 01092000-f58f-0401-0038-1d9e06adb374,22023,22659,-92,1596541189377 0102202b-118f-0200-00e9-6b2f10ce01be,793,54787,-90,1596541179198 0102202b-448f-0100-0027-ff142877f290,35847,33363,-92,1596541174539 b5b182c7-eab1-4988-aa99-b5c1517008d9,1,43644,-97,1596541169466 0102202b-118f-0200-0068-de873940ac27,20160,12106,-96,1596541129015 0102200b-998f-0000-004d-85e34683b895,51668,17638,-75,1596541144130 01022022-f80f-0000-0033-13015a57904b,45465,25042,-95,1596541129276 0102202b-538f-0100-0063-0259d1f63649,65007,16860,-96,1596541166818 01022022-f88f-0000-00f7-d80875a03fe6,58844,46599,-80,1596541149500 0060d9dc-d308-1983-62a9-6d9d501a1006,27422,53244,-86,1596541139151 0102202b-448f-0100-001c-aa5d72f1e6f9,939,26063,-86,1596541194546 009bc2b5-2d8e-291d-0a63-d1d5e54d1006,3614,53979,-78,1596541123384 0102202b-538f-0100-0036-3d75865758df,2879,54265,-93,1596541189480 b5b182c7-eab1-4988-aa99-b5c1517008d9,1,48253,-82,1596541194480
1596541199148 b5b182c7-eab1-4988-aa99-b5c1517008d9,1,5661,-90,1596541128501 00efbe50-8c2f-877d-e309-4ba70c0f1005,2840,42174,-85,1596541156589 db983ea6-33c3-4eb3-8c58-bb61b2c880cf,27257,27233,-84,1596541164415 0102200b-998f-0100-0073-b48a06b0e038,56512,33995,-91,1596541184323 00e8a8a4-ba58-a790-dde9-2194b9ea1005,3608,40942,-72,1596541109280 b5b182c7-eab1-4988-aa99-b5c1517008d9,1,23832,-84,1596541143967 db983ea6-33c3-4eb3-8c58-bb61b2c880cf,31637,42245,-76,1596541134231 00eebe45-3ee7-7106-3055-5d395b441005,2840,42174,-89,1596541149373 0087a183-69b7-1878-e896-069e07b01006,19230,44032,-86,1596541183990 0081d2d3-4a14-1607-f83e-a9fbab221006,26398,36485,-82,1596541128569 01092000-f58f-0401-0038-1d9e06adb374,22023,22659,-92,1596541189377 0102202b-118f-0200-00e9-6b2f10ce01be,793,54787,-90,1596541179198 0102202b-448f-0100-0027-ff142877f290,35847,33363,-92,1596541174539 b5b182c7-eab1-4988-aa99-b5c1517008d9,1,43644,-97,1596541169466 0102202b-118f-0200-0068-de873940ac27,20160,12106,-96,1596541129015 0102200b-998f-0000-004d-85e34683b895,51668,17638,-75,1596541144130 01022022-f80f-0000-0033-13015a57904b,45465,25042,-95,1596541129276 0102202b-538f-0100-0063-0259d1f63649,65007,16860,-96,1596541166818 01022022-f88f-0000-00f7-d80875a03fe6,58844,46599,-80,1596541149500 0060d9dc-d308-1983-62a9-6d9d501a1006,27422,53244,-86,1596541139151 0102202b-448f-0100-001c-aa5d72f1e6f9,939,26063,-86,1596541194546 009bc2b5-2d8e-291d-0a63-d1d5e54d1006,3614,53979,-78,1596541123384 0102202b-538f-0100-0036-3d75865758df,2879,54265,-93,1596541199148 b5b182c7-eab1-4988-aa99-b5c1517008d9,1,48253,-82,1596541194480
1596541199303 00efbe50-8c2f-877d-e309-4ba70c0f1005,2840,42174,-85,1596541156589 00e8a8a4-ba58-a790-dde9-2194b9ea1005,3608,40942,-72,1596541109280 b5b182c7-eab1-4988-aa99-b5c1517008d9,1,23832,-84,1596541143967 00eebe45-3ee7-7106-3055-5d395b441005,2840,42174,-89,1596541149373 0081d2d3-4a14-1607-f83e-a9fbab221006,26398,36485,-82,1596541128569 0102202b-448f-0100-007c-33a62091d9a7,61693,30360,-83,1596541199303 01022022-f80f-0000-0033-13015a57904b,45465,25042,-95,1596541129276 0102202b-538f-0100-0063-0259d1f63649,65007,16860,-96,1596541166818 0060d9dc-d308-1983-62a9-6d9d501a1006,27422,53244,-86,1596541139151 0102202b-448f-0100-001c-aa5d72f1e6f9,939,26063,-86,1596541194546 0102202b-538f-0100-0036-3d75865758df,2879,54265,-93,1596541199148 b5b182c7-eab1-4988-aa99-b5c1517008d9,1,48253,-82,1596541194480 b5b182c7-eab1-4988-aa99-b5c1517008d9,1,5661,-90,1596541128501 db983ea6-33c3-4eb3-8c58-bb61b2c880cf,27257,27233,-84,1596541164415 0102200b-998f-0100-0073-b48a06b0e038,56512,33995,-91,1596541184323 db983ea6-33c3-4eb3-8c58-bb61b2c880cf,31637,42245,-76,1596541134231 0087a183-69b7-1878-e896-069e07b01006,19230,44032,-86,1596541183990 01092000-f58f-0401-0038-1d9e06adb374,22023,22659,-92,1596541189376 0102202b-118f-0200-00e9-6b2f10ce01be,793,54787,-90,1596541179198 0102202b-448f-0100-0027-ff142877f290,35847,33363,-92,1596541174539 b5b182c7-eab1-4988-aa99-b5c1517008d9,1,43644,-97,1596541169466 0102202b-118f-0200-0068-de873940ac27,20160,12106,-96,1596541129015 0102200b-998f-0000-004d-85e34683b895,51668,17638,-75,1596541144130 01022022-f88f-0000-00f7-d80875a03fe6,58844,46599,-80,1596541149500 009bc2b5-2d8e-291d-0a63-d1d5e54d1006,3614,53979,-78,1596541123384
1596541204195 00efbe50-8c2f-877d-e309-4ba70c0f1005,2840,42174,-85,1596541156589 00e8a8a4-ba58-a790-dde9-2194b9ea1005,3608,40942,-72,1596541109280 0102202b-448f-0100-003e-d0b26730a2be,65224,41692,-92,1596541204195 b5b182c7-eab1-4988-aa99-b5c1517008d9,1,23832,-84,1596541143967 00eebe45-3ee7-7106-3055-5d395b441005,2840,42174,-89,1596541149373 0081d2d3-4a14-1607-f83e-a9fbab221006,26398,36485,-82,1596541128569 0102202b-448f-0100-007c-33a62091d9a7,61693,30360,-83,1596541199303 01022022-f80f-0000-0033-13015a57904b,45465,25042,-95,1596541129276 0102202b-538f-0100-0063-0259d1f63649,65007,16860,-96,1596541166818 0060d9dc-d308-1983-62a9-6d9d501a1006,27422,53244,-86,1596541139151 0102202b-448f-0100-001c-aa5d72f1e6f9,939,26063,-86,1596541194546 0102202b-538f-0100-0036-3d75865758df,2879,54265,-93,1596541199148 b5b182c7-eab1-4988-aa99-b5c1517008d9,1,48253,-82,1596541194480 b5b182c7-eab1-4988-aa99-b5c1517008d9,1,5661,-90,1596541128501 db983ea6-33c3-4eb3-8c58-bb61b2c880cf,27257,27233,-84,1596541164415 0102200b-998f-0100-0073-b48a06b0e038,56512,33995,-91,1596541184323 db983ea6-33c3-4eb3-8c58-bb61b2c880cf,31637,42245,-76,1596541134231 0087a183-69b7-1878-e896-069e07b01006,19230,44032,-86,1596541183990 01092000-f58f-0401-0038-1d9e06adb374,22023,22659,-92,1596541189377 0102202b-118f-0200-00e9-6b2f10ce01be,793,54787,-90,1596541179198 0102202b-448f-0100-0027-ff142877f290,35847,33363,-92,1596541174539 b5b182c7-eab1-4988-aa99-b5c1517008d9,1,43644,-97,1596541169466 0102202b-118f-0200-0068-de873940ac27,20160,12106,-96,1596541129015 0102200b-998f-0000-004d-85e34683b895,51668,17638,-75,1596541144130 01022022-f88f-0000-00f7-d80875a03fe6,58844,46599,-80,1596541149500 009bc2b5-2d8e-291d-0a63-d1d5e54d1006,3614,53979,-78,1596541123384
1596541204287 00efbe50-8c2f-877d-e309-4ba70c0f1005,2840,42174,-85,1596541156589 00e8a8a4-ba58-a790-dde9-2194b9ea1005,3608,40942,-72,1596541109280 0102202b-448f-0100-003e-d0b26730a2be,65224,41692,-92,1596541204195 b5b182c7-eab1-4988-aa99-b5c1517008d9,1,23832,-84,1596541143967 00eebe45-3ee7-7106-3055-5d395b441005,2840,42174,-89,1596541149373 0081d2d3-4a14-1607-f83e-a9fbab221006,26398,36485,-82,1596541128569 0102202b-448f-0100-007c-33a62091d9a7,61693,30360,-83,1596541199303 01022022-f80f-0000-0033-13015a57904b,45465,25042,-95,1596541129276 0102202b-538f-0100-0063-0259d1f63649,65007,16860,-96,1596541166818 0060d9dc-d308-1983-62a9-6d9d501a1006,27422,53244,-86,1596541139151 0102202b-448f-0100-001c-aa5d72f1e6f9,939,26063,-86,1596541194546 0102202b-538f-0100-0036-3d75865758df,2879,54265,-93,1596541199148 b5b182c7-eab1-4988-aa99-b5c1517008d9,1,48253,-82,1596541194480 b5b182c7-eab1-4988-aa99-b5c1517008d9,1,5661,-90,1596541128501 db983ea6-33c3-4eb3-8c58-bb61b2c880cf,27257,27233,-84,1596541164415 0102200b-998f-0100-0073-b48a06b0e038,56512,33995,-91,1596541184323 e70ce80a-f0e3-4b6d-96d3-be5540bd9cdb,59021,37698,-88,1596541204287 db983ea6-33c3-4eb3-8c58-bb61b2c880cf,31637,42245,-76,1596541134231 0087a183-69b7-1878-e896-069e07b01006,19230,44032,-86,1596541183990 01092000-f58f-0401-0038-1d9e06adb374,22023,22659,-92,1596541189377 0102202b-118f-0200-00e9-6b2f10ce01be,793,54787,-90,1596541179198 0102202b-448f-0100-0027-ff142877f290,35847,33363,-92,1596541174539 b5b182c7-eab1-4988-aa99-b5c1517008d9,1,43644,-97,1596541169466 0102202b-118f-0200-0068-de873940ac27,20160,12106,-96,1596541129015 0102200b-998f-0000-004d-85e34683b895,51668,17638,-75,1596541144130 01022022-f88f-0000-00f7-d80875a03fe6,58844,46599,-80,1596541149500 009bc2b5-2d8e-291d-0a63-d1d5e54d1006,3614,53979,-78,1596541123384
1596541216752 00efbe50-8c2f-877d-e309-4ba70c0f1005,2840,42174,-85,1596541156588 00e8a8a4-ba58-a790-dde9-2194b9ea1005,3608,40942,-72,1596541109279 0102202b-448f-0100-003e-d0b26730a2be,65224,41692,-92,1596541204195 b5b182c7-eab1-4988-aa99-b5c1517008d9,1,23832,-84,1596541143967 00eebe45-3ee7-7106-3055-5d395b441005,2840,42174,-89,1596541149373 0081d2d3-4a14-1607-f83e-a9fbab221006,26398,36485,-82,1596541128569 0102202b-448f-0100-007c-33a62091d9a7,61693,30360,-83,1596541199303 01022022-f80f-0000-0033-13015a57904b,45465,25042,-95,1596541129276 0102202b-538f-0100-0063-0259d1f63649,65007,16860,-96,1596541166818 0060d9dc-d308-1983-62a9-6d9d501a1006,27422,53244,-86,1596541139151 0102202b-448f-0100-001c-aa5d72f1e6f9,939,26063,-86,1596541194546 0102202b-538f-0100-0036-3d75865758df,2879,54265,-93,1596541199148 b5b182c7-eab1-4988-aa99-b5c1517008d9,1,48253,-82,1596541194480 b5b182c7-eab1-4988-aa99-b5c1517008d9,1,5661,-90,1596541128501 db983ea6-33c3-4eb3-8c58-bb61b2c880cf,27257,27233,-84,1596541164415 0102200b-998f-0100-0073-b48a06b0e038,56512,33995,-91,1596541184323 e70ce80a-f0e3-4b6d-96d3-be5540bd9cdb,59021,37698,-88,1596541204287 db983ea6-33c3-4eb3-8c58-bb61b2c880cf,31637,42245,-76,1596541134231 0087a183-69b7-1878-e896-069e07b01006,19230,44032,-86,1596541183990 01092000-f58f-0401-0038-1d9e06adb374,22023,22659,-92,1596541189377 0102202b-118f-0200-00e9-6b2f10ce01be,793,54787,-90,1596541179198 0102202b-448f-0100-0027-ff142877f290,35847,33363,-92,1596541174539 b5b182c7-eab1-4988-aa99-b5c1517008d9,1,43644,-97,1596541169466 0102202b-118f-0200-0068-de873940ac27,20160,12106,-96,1596541129015 0102200b-998f-0000-004d-85e34683b895,51668,17638,-75,1596541144129 01022022-f88f-0000-00f7-d80875a03fe6,58844,46599,-80,1596541149499 009bc2b5-2d8e-291d-0a63-d1d5e54d1006,3614,53979,-78,1596541123384 0102202b-538f-0100-00e8-afe9b3e6ee40,14969,2042,-87,1596541216752
1596541219554 00efbe50-8c2f-877d-e309-4ba70c0f1005,2840,42174,-85,1596541156589 00e8a8a4-ba58-a790-dde9-2194b9ea1005,3608,40942,-72,1596541109280 0102202b-448f-0100-003e-d0b26730a2be,65224,41692,-92,1596541204195 b5b182c7-eab1-4988-aa99-b5c1517008d9,1,23832,-84,1596541143967 00eebe45-3ee7-7106-3055-5d395b441005,2840,42174,-89,1596541149373 0081d2d3-4a14-1607-f83e-a9fbab221006,26398,36485,-82,1596541128569 0102202b-448f-0100-007c-33a62091d9a7,61693,30360,-83,1596541199303 01022022-f80f-0000-0033-13015a57904b,45465,25042,-95,1596541129276 0102202b-538f-0100-0063-0259d1f63649,65007,16860,-96,1596541166818 0060d9dc-d308-1983-62a9-6d9d501a1006,27422,53244,-86,1596541139151 0102202b-448f-0100-001c-aa5d72f1e6f9,939,26063,-86,1596541194546 0102202b-538f-0100-0036-3d75865758df,2879,54265,-93,1596541199147 b5b182c7-eab1-4988-aa99-b5c1517008d9,1,48253,-82,1596541194480 b5b182c7-eab1-4988-aa99-b5c1517008d9,1,5661,-90,1596541128501 db983ea6-33c3-4eb3-8c58-bb61b2c880cf,27257,27233,-84,1596541164415 0102200b-998f-0100-0073-b48a06b0e038,56512,33995,-91,1596541184323 e70ce80a-f0e3-4b6d-96d3-be5540bd9cdb,59021,37698,-88,1596541204287 db983ea6-33c3-4eb3-8c58-bb61b2c880cf,31637,42245,-76,1596541134231 0087a183-69b7-1878-e896-069e07b01006,19230,44032,-86,1596541183990 01092000-f58f-0401-0038-1d9e06adb374,22023,22659,-92,1596541189377 0102202b-118f-0200-00e9-6b2f10ce01be,793,54787,-90,1596541179198 0102202b-448f-0100-0027-ff142877f290,35847,33363,-92,1596541174539 b5b182c7-eab1-4988-aa99-b5c1517008d9,1,43644,-97,1596541169466 0102202b-118f-0200-0068-de873940ac27,20160,12106,-96,1596541129015 0102200b-998f-0000-004d-85e34683b895,51668,17638,-75,1596541144130 01022022-f88f-0000-00f7-d80875a03fe6,58844,46599,-80,1596541149500 009bc2b5-2d8e-291d-0a63-d1d5e54d1006,3614,53979,-78,1596541123384 0102202b-538f-0100-00e8-afe9b3e6ee40,14969,2042,-87,1596541219554
1596541221900 00efbe50-8c2f-877d-e309-4ba70c0f1005,2840,42174,-85,1596541156589 00e8a8a4-ba58-a790-dde9-2194b9ea1005,3608,40942,-72,1596541109280 0102202b-448f-0100-003e-d0b26730a2be,65224,41692,-92,1596541204195 b5b182c7-eab1-4988-aa99-b5c1517008d9,1,23832,-84,1596541143967 00eebe45-3ee7-7106-3055-5d395b441005,2840,42174,-89,1596541149373 0081d2d3-4a14-1607-f83e-a9fbab221006,26398,36485,-82,1596541128569 0102202b-448f-0100-007c-33a62091d9a7,61693,30360,-83,1596541199303 01022022-f80f-0000-0033-13015a57904b,45465,25042,-95,1596541129276 0102202b-538f-0100-0063-0259d1f63649,65007,16860,-96,1596541166818 0060d9dc-d308-1983-62a9-6d9d501a1006,27422,53244,-86,1596541139151 0102202b-448f-0100-001c-aa5d72f1e6f9,939,26063,-86,1596541194546 0102202b-538f-0100-0036-3d75865758df,2879,54265,-93,1596541199148 b5b182c7-eab1-4988-aa99-b5c1517008d9,1,48253,-82,1596541194480 b5b182c7-eab1-4988-aa99-b5c1517008d9,1,5661,-90,1596541128501 db983ea6-33c3-4eb3-8c58-bb61b2c880cf,27257,27233,-84,1596541164415 0102200b-998f-0100-0073-b48a06b0e038,56512,33995,-91,1596541184323 e70ce80a-f0e3-4b6d-96d3-be5540bd9cdb,59021,37698,-88,1596541204287 db983ea6-33c3-4eb3-8c58-bb61b2c880cf,31637,42245,-76,1596541134231 0087a183-69b7-1878-e896-069e07b01006,19230,44032,-86,1596541183990 01092000-f58f-0401-0038-1d9e06adb374,22023,22659,-92,1596541189376 0102202b-118f-0200-00e9-6b2f10ce01be,793,54787,-90,1596541179197 0102202b-448f-0100-0027-ff142877f290,35847,33363,-92,1596541174539 b5b182c7-eab1-4988-aa99-b5c1517008d9,1,43644,-97,1596541169466 0102202b-118f-0200-0068-de873940ac27,20160,12106,-96,1596541129015 0102200b-998f-0000-004d-85e34683b895,51668,17638,-75,1596541144130 0040b0d6-a41a-2e9a-7ece-d594efca1006,16414,54426,-72,1596541221900 01022022-f88f-0000-00f7-d80875a03fe6,58844,46599,-80,1596541149500 009bc2b5-2d8e-291d-0a63-d1d5e54d1006,3614,53979,-78,1596541123384 0102202b-538f-0100-00e8-afe9b3e6ee40,14969,2042,-87,1596541219554
1596541224595 00efbe50-8c2f-877d-e309-4ba70c0f1005,2840,42174,-85,1596541156589 00e8a8a4-ba58-a790-dde9-2194b9ea1005,3608,40942,-72,1596541109280 0102202b-448f-0100-003e-d0b26730a2be,65224,41692,-92,1596541204195 b5b182c7-eab1-4988-aa99-b5c1517008d9,1,23832,-84,1596541143967 00eebe45-3ee7-7106-3055-5d395b441005,2840,42174,-89,1596541149372 0081d2d3-4a14-1607-f83e-a9fbab221006,26398,36485,-82,1596541128568 0102202b-448f-0100-007c-33a62091d9a7,61693,30360,-83,1596541199302 01022022-f80f-0000-0033-13015a57904b,45465,25042,-95,1596541129276 0102202b-538f-0100-0063-0259d1f63649,65007,16860,-96,1596541166818 0060d9dc-d308-1983-62a9-6d9d501a1006,27422,53244,-86,1596541139151 0102202b-448f-0100-001c-aa5d72f1e6f9,939,26063,-86,1596541194546 0102202b-538f-0100-0036-3d75865758df,2879,54265,-93,1596541199148 b5b182c7-eab1-4988-aa99-b5c1517008d9,1,48253,-82,1596541194480 b5b182c7-eab1-4988-aa99-b5c1517008d9,1,5661,-90,1596541128501 db983ea6-33c3-4eb3-8c58-bb61b2c880cf,27257,27233,-84,1596541164415 0102200b-998f-0100-0073-b48a06b0e038,56512,33995,-91,1596541184323 e70ce80a-f0e3-4b6d-96d3-be5540bd9cdb,59021,37698,-88,1596541204287 db983ea6-33c3-4eb3-8c58-bb61b2c880cf,31637,42245,-76,1596541134231 0087a183-69b7-1878-e896-069e07b01006,19230,44032,-86,1596541183990 01092000-f58f-0401-0038-1d9e06adb374,22023,22659,-92,1596541189377 0102202b-118f-0200-00e9-6b2f10ce01be,793,54787,-90,1596541179198 0102202b-448f-0100-0027-ff142877f290,35847,33363,-92,1596541174539 b5b182c7-eab1-4988-aa99-b5c1517008d9,1,43644,-97,1596541169466 0102202b-118f-0200-0068-de873940ac27,20160,12106,-96,1596541129015 0102200b-998f-0000-004d-85e34683b895,51668,17638,-75,1596541144130 0040b0d6-a41a-2e9a-7ece-d594efca1006,16414,54426,-72,1596541221899 01022022-f88f-0000-00f7-d80875a03fe6,58844,46599,-80,1596541149500 0102200b-788f-0100-000d-516d4c79d510,2433,26792,-93,1596541224595 009bc2b5-2d8e-291d-0a63-d1d5e54d1006,3614,53979,-78,1596541123384 0102202b-538f-0100-00e8-afe9b3e6ee40,14969,2042,-87,1596541219554
1596541234283 00efbe50-8c2f-877d-e309-4ba70c0f1005,2840,42174,-85,1596541156589 00e8a8a4-ba58-a790-dde9-2194b9ea1005,3608,40942,-72,1596541109280 0102202b-448f-0100-003e-d0b26730a2be,65224,41692,-92,1596541204195 b5b182c7-eab1-4988-aa99-b5c1517008d9,1,23832,-84,1596541143967 00eebe45-3ee7-7106-3055-5d395b441005,2840,42174,-89,1596541149373 0081d2d3-4a14-1607-f83e-a9fbab221006,26398,36485,-82,1596541128569 0102202b-448f-0100-007c-33a62091d9a7,61693,30360,-83,1596541199303 01022022-f80f-0000-0033-13015a57904b,45465,25042,-95,1596541129276 0102202b-538f-0100-0063-0259d1f63649,65007,16860,-96,1596541166818 0060d9dc-d308-1983-62a9-6d9d501a1006,27422,53244,-86,1596541139151 0102202b-448f-0100-001c-aa5d72f1e6f9,939,26063,-86,1596541194546 0102202b-538f-0100-0036-3d75865758df,2879,54265,-93,1596541199148 b5b182c7-eab1-4988-aa99-b5c1517008d9,1,48253,-82,1596541194480 b5b182c7-eab1-4988-aa99-b5c1517008d9,1,5661,-90,1596541128501 db983ea6-33c3-4eb3-8c58-bb61b2c880cf,27257,27233,-84,1596541164415 0102200b-998f-0100-0073-b48a06b0e038,56512,33995,-91,1596541184323 e70ce80a-f0e3-4b6d-96d3-be5540bd9cdb,59021,37698,-88,1596541204287 db983ea6-33c3-4eb3-8c58-bb61b2c880cf,31637,42245,-76,1596541134231 0087a183-69b7-1878-e896-069e07b01006,19230,44032,-86,1596541183990 00e67a0f-2bdd-74c1-f007-630a07e71006,24350,58921,-88,1596541234283 01092000-f58f-0401-0038-1d9e06adb374,22023,22659,-92,1596541189377 0102202b-118f-0200-00e9-6b2f10ce01be,793,54787,-90,1596541179198 0102202b-448f-0100-0027-ff142877f290,35847,33363,-92,1596541174538 b5b182c7-eab1-4988-aa99-b5c1517008d9,1,43644,-97,1596541169465 0102202b-118f-0200-0068-de873940ac27,20160,12106,-96,1596541129015 0102200b-998f-0000-004d-85e34683b895,51668,17638,-75,1596541144130 0040b0d6-a41a-2e9a-7ece-d594efca1006,16414,54426,-72,1596541221900 01022022-f88f-0000-00f7-d80875a03fe6,58844,46599,-80,1596541149500 0102200b-788f-0100-000d-516d4c79d510,2433,26792,-93,1596541224595 009bc2b5-2d8e-291d-0a63-d1d5e54d1006,3614,53979,-78,1596541123384 0102202b-538f-0100-00e8-afe9b3e6ee40,14969,2042,-87,1596541219554
1596541238912 00efbe50-8c2f-877d-e309-4ba70c0f1005,2840,42174,-85,1596541156589 00e8a8a4-ba58-a790-dde9-2194b9ea1005,3608,40942,-72,1596541109280 0102202b-448f-0100-003e-d0b26730a2be,65224,41692,-92,1596541204195 b5b182c7-eab1-4988-aa99-b5c1517008d9,1,23832,-84,1596541143967 00eebe45-3ee7-7106-3055-5d395b441005,2840,42174,-89,1596541149373 0081d2d3-4a14-1607-f83e-a9fbab221006,26398,36485,-82,1596541128569 0102202b-448f-0100-007c-33a62091d9a7,61693,30360,-83,1596541199303 01022022-f80f-0000-0033-13015a57904b,45465,25042,-95,1596541129276 0102202b-538f-0100-0063-0259d1f63649,65007,16860,-96,1596541166818 0060d9dc-d308-1983-62a9-6d9d501a1006,27422,53244,-86,1596541139151 0102202b-448f-0100-001c-aa5d72f1e6f9,939,26063,-86,1596541194546 0102202b-538f-0100-0036-3d75865758df,2879,54265,-93,1596541199148 b5b182c7-eab1-4988-aa99-b5c1517008d9,1,48253,-82,1596541194480 b5b182c7-eab1-4988-aa99-b5c1517008d9,1,5661,-90,1596541128501 db983ea6-33c3-4eb3-8c58-bb61b2c880cf,27257,27233,-84,1596541164415 0102200b-998f-0100-0073-b48a06b0e038,56512,33995,-91,1596541184323 e70ce80a-f0e3-4b6d-96d3-be5540bd9cdb,59021,37698,-88,1596541204287 db983ea6-33c3-4eb3-8c58-bb61b2c880cf,31637,42245,-76,1596541134230 0087a183-69b7-1878-e896-069e07b01006,19230,44032,-86,1596541183990 00e67a0f-2bdd-74c1-f007-630a07e71006,24350,58921,-88,1596541234283 01092000-f58f-0401-0038-1d9e06adb374,22023,22659,-92,1596541189377 0102202b-118f-0200-00e9-6b2f10ce01be,793,54787,-90,1596541179198 0102202b-448f-0100-0027-ff142877f290,35847,33363,-92,1596541174539 b5b182c7-eab1-4988-aa99-b5c1517008d9,1,43644,-97,1596541169466 0102202b-118f-0200-0068-de873940ac27,20160,12106,-96,1596541129015 0102200b-998f-0000-004d-85e34683b895,51668,17638,-75,1596541144130 0040b0d6-a41a-2e9a-7ece-d594efca1006,16414,54426,-72,1596541221900 01022022-f88f-0000-00f7-d80875a03fe6,58844,46599,-80,1596541149500 0102200b-788f-0100-000d-516d4c79d510,2433,26792,-93,1596541238912 009bc2b5-2d8e-291d-0a63-d1d5e54d1006,3614,53979,-78,1596541123384 0102202b-538f-0100-00e8-afe9b3e6ee40,14969,2042,-87,1596541219554
1596541239291 00efbe50-8c2f-877d-e309-4ba70c0f1005,2840,42174,-85,1596541156589 00e8a8a4-ba58-a790-dde9-2194b9ea1005,3608,40942,-72,1596541109280 0102202b-448f-0100-003e-d0b26730a2be,65224,41692,-92,1596541204195 b5b182c7-eab1-4988-aa99-b5c1517008d9,1,23832,-84,1596541143967 00eebe45-3ee7-7106-3055-5d395b441005,2840,42174,-89,1596541149373 0081d2d3-4a14-1607-f83e-a9fbab221006,26398,36485,-82,1596541128568 0102202b-448f-0100-007c-33a62091d9a7,61693,30360,-83,1596541199302 01022022-f80f-0000-0033-13015a57904b,45465,25042,-95,1596541129275 0102202b-538f-0100-0063-0259d1f63649,65007,16860,-96,1596541166818 0060d9dc-d308-1983-62a9-6d9d501a1006,27422,53244,-86,1596541139151 0102202b-448f-0100-001c-aa5d72f1e6f9,939,26063,-86,1596541194546 0102202b-538f-0100-0036-3d75865758df,2879,54265,-93,1596541199148 b5b182c7-eab1-4988-aa99-b5c1517008d9,1,48253,-82,1596541194480 b5b182c7-eab1-4988-aa99-b5c1517008d9,1,5661,-90,1596541128501 db983ea6-33c3-4eb3-8c58-bb61b2c880cf,27257,27233,-84,1596541164415 0102200b-998f-0100-0073-b48a06b0e038,56512,33995,-91,1596541184323 e70ce80a-f0e3-4b6d-96d3-be5540bd9cdb,59021,37698,-88,1596541204287 db983ea6-33c3-4eb3-8c58-bb61b2c880cf,31637,42245,-76,1596541134231 0087a183-69b7-1878-e896-069e07b01006,19230,44032,-86,1596541183990 00e67a0f-2bdd-74c1-f007-630a07e71006,24350,58921,-88,1596541234283 01092000-f58f-0401-0038-1d9e06adb374,22023,22659,-92,1596541189377 0102202b-118f-0200-00e9-6b2f10ce01be,793,54787,-90,1596541179198 0102202b-448f-0100-0027-ff142877f290,35847,33363,-92,1596541174539 b5b182c7-eab1-4988-aa99-b5c1517008d9,1,43644,-97,1596541169465 0102202b-118f-0200-0068-de873940ac27,20160,12106,-96,1596541129014 0102200b-998f-0000-004d-85e34683b895,51668,17638,-75,1596541144130 0040b0d6-a41a-2e9a-7ece-d594efca1006,16414,54426,-72,1596541221900 01022022-f88f-0000-00f7-d80875a03fe6,58844,46599,-80,1596541149500 0102200b-788f-0100-000d-516d4c79d510,2433,26792,-93,1596541239291 009bc2b5-2d8e-291d-0a63-d1d5e54d1006,3614,53979,-78,1596541123384 0102202b-538f-0100-00e8-afe9b3e6ee40,14969,2042,-87,1596541219554
