Started:Mtr_Ctl_5572a8422e8a67cf_134_621_157_621_1596542397047
134.0928192138672,621.0143432617188 135.3860321044922,715.3809204101562 158.17465209960938,713.6275024414062 157.13926696777344,621.3723754882812 
1596542462378 1596542491820 1596542502411 1596542532568 
1596542463485 00879fa2-02a2-cee6-fc03-05a34f621006,9498,23823,-95,1596542463485
1596542463730 00ba0073-f54d-ee80-caa5-d8d1119c1006,8734,56066,-77,1596542463729 00879fa2-02a2-cee6-fc03-05a34f621006,9498,23823,-95,1596542463485
1596542463770 00ba0073-f54d-ee80-caa5-d8d1119c1006,8734,56066,-77,1596542463730 00879fa2-02a2-cee6-fc03-05a34f621006,9498,23823,-95,1596542463485 00fa3349-b5e4-b111-49ca-16f66bd62233,63949,26688,-79,1596542463770
1596542463855 00ba0073-f54d-ee80-caa5-d8d1119c1006,8734,56066,-77,1596542463730 00879fa2-02a2-cee6-fc03-05a34f621006,9498,23823,-95,1596542463485 00fa3349-b5e4-b111-49ca-16f66bd62233,63949,26688,-79,1596542463769 0102200b-888f-0100-00cc-7418b1770812,35075,5594,-90,1596542463855
1596542464093 00ba0073-f54d-ee80-caa5-d8d1119c1006,8734,56066,-77,1596542463730 00879fa2-02a2-cee6-fc03-05a34f621006,9498,23823,-95,1596542463485 00fa3349-b5e4-b111-49ca-16f66bd62233,63949,26688,-79,1596542463770 0102200b-888f-0100-00cc-7418b1770812,35075,5594,-90,1596542464093
1596542464198 b5b182c7-eab1-4988-aa99-b5c1517008d9,1,47752,-84,1596542464198 00ba0073-f54d-ee80-caa5-d8d1119c1006,8734,56066,-77,1596542463730 00879fa2-02a2-cee6-fc03-05a34f621006,9498,23823,-95,1596542463485 00fa3349-b5e4-b111-49ca-16f66bd62233,63949,26688,-79,1596542463770 0102200b-888f-0100-00cc-7418b1770812,35075,5594,-90,1596542464092
1596542464266 b5b182c7-eab1-4988-aa99-b5c1517008d9,1,47752,-84,1596542464198 00ba0073-f54d-ee80-caa5-d8d1119c1006,8734,56066,-77,1596542463730 00879fa2-02a2-cee6-fc03-05a34f621006,9498,23823,-95,1596542463485 00fa3349-b5e4-b111-49ca-16f66bd62233,63949,26688,-79,1596542463770 b5b182c7-eab1-4988-aa99-b5c1517008d9,1,39045,-90,1596542464266 0102200b-888f-0100-00cc-7418b1770812,35075,5594,-90,1596542464093
1596542464375 b5b182c7-eab1-4988-aa99-b5c1517008d9,1,47752,-84,1596542464198 00ba0073-f54d-ee80-caa5-d8d1119c1006,8734,56066,-77,1596542463730 00879fa2-02a2-cee6-fc03-05a34f621006,9498,23823,-95,1596542463485 00fa3349-b5e4-b111-49ca-16f66bd62233,63949,26688,-79,1596542463770 b5b182c7-eab1-4988-aa99-b5c1517008d9,1,39045,-90,1596542464266 0102200b-888f-0100-00cc-7418b1770812,35075,5594,-90,1596542464376
1596542464405 b5b182c7-eab1-4988-aa99-b5c1517008d9,1,47752,-84,1596542464198 00ba0073-f54d-ee80-caa5-d8d1119c1006,8734,56066,-77,1596542463730 00879fa2-02a2-cee6-fc03-05a34f621006,9498,23823,-95,1596542463485 00fa3349-b5e4-b111-49ca-16f66bd62233,63949,26688,-79,1596542463770 b5b182c7-eab1-4988-aa99-b5c1517008d9,1,39045,-90,1596542464266 0102200b-888f-0100-00cc-7418b1770812,35075,5594,-90,1596542464375 b5b182c7-eab1-4988-aa99-b5c1517008d9,1,9863,-80,1596542464405
1596542464535 b5b182c7-eab1-4988-aa99-b5c1517008d9,1,47752,-84,1596542464198 00ba0073-f54d-ee80-caa5-d8d1119c1006,8734,56066,-77,1596542463730 00879fa2-02a2-cee6-fc03-05a34f621006,9498,23823,-95,1596542463485 00fa3349-b5e4-b111-49ca-16f66bd62233,63949,26688,-79,1596542463770 b5b182c7-eab1-4988-aa99-b5c1517008d9,1,39045,-90,1596542464266 0102200b-888f-0100-00cc-7418b1770812,35075,5594,-90,1596542464376 b5b182c7-eab1-4988-aa99-b5c1517008d9,1,9863,-80,1596542464405 b5b182c7-eab1-4988-aa99-b5c1517008d9,1,54913,-83,1596542464534
1596542464684 b5b182c7-eab1-4988-aa99-b5c1517008d9,1,47752,-84,1596542464198 00ba0073-f54d-ee80-caa5-d8d1119c1006,8734,56066,-77,1596542463730 0102202b-888f-0100-00e7-ca3fe9d9da95,14330,54708,-94,1596542464684 00879fa2-02a2-cee6-fc03-05a34f621006,9498,23823,-95,1596542463485 00fa3349-b5e4-b111-49ca-16f66bd62233,63949,26688,-79,1596542463770 b5b182c7-eab1-4988-aa99-b5c1517008d9,1,39045,-90,1596542464266 0102200b-888f-0100-00cc-7418b1770812,35075,5594,-90,1596542464376 b5b182c7-eab1-4988-aa99-b5c1517008d9,1,9863,-80,1596542464405 b5b182c7-eab1-4988-aa99-b5c1517008d9,1,54913,-83,1596542464535
1596542468629 b5b182c7-eab1-4988-aa99-b5c1517008d9,1,28164,-90,1596542468629 b5b182c7-eab1-4988-aa99-b5c1517008d9,1,47752,-84,1596542464198 00ba0073-f54d-ee80-caa5-d8d1119c1006,8734,56066,-77,1596542463730 0102202b-888f-0100-00e7-ca3fe9d9da95,14330,54708,-94,1596542464684 00879fa2-02a2-cee6-fc03-05a34f621006,9498,23823,-95,1596542463485 00fa3349-b5e4-b111-49ca-16f66bd62233,63949,26688,-79,1596542463770 b5b182c7-eab1-4988-aa99-b5c1517008d9,1,39045,-90,1596542464266 0102200b-888f-0100-00cc-7418b1770812,35075,5594,-90,1596542464376 b5b182c7-eab1-4988-aa99-b5c1517008d9,1,9863,-80,1596542464405 b5b182c7-eab1-4988-aa99-b5c1517008d9,1,54913,-83,1596542464535
1596542468676 b5b182c7-eab1-4988-aa99-b5c1517008d9,1,28164,-90,1596542468629 b5b182c7-eab1-4988-aa99-b5c1517008d9,1,47752,-84,1596542464197 00ba0073-f54d-ee80-caa5-d8d1119c1006,8734,56066,-77,1596542463730 0102202b-888f-0100-00e7-ca3fe9d9da95,14330,54708,-94,1596542464684 00879fa2-02a2-cee6-fc03-05a34f621006,9498,23823,-95,1596542463485 00fa3349-b5e4-b111-49ca-16f66bd62233,63949,26688,-79,1596542463770 b5b182c7-eab1-4988-aa99-b5c1517008d9,1,39045,-90,1596542468676 0102200b-888f-0100-00cc-7418b1770812,35075,5594,-90,1596542464376 b5b182c7-eab1-4988-aa99-b5c1517008d9,1,9863,-80,1596542464405 b5b182c7-eab1-4988-aa99-b5c1517008d9,1,54913,-83,1596542464534
1596542468765 b5b182c7-eab1-4988-aa99-b5c1517008d9,1,28164,-90,1596542468629 b5b182c7-eab1-4988-aa99-b5c1517008d9,1,47752,-84,1596542464198 00ba0073-f54d-ee80-caa5-d8d1119c1006,8734,56066,-77,1596542463730 0102202b-888f-0100-00e7-ca3fe9d9da95,14330,54708,-94,1596542464684 00879fa2-02a2-cee6-fc03-05a34f621006,9498,23823,-95,1596542463485 00fa3349-b5e4-b111-49ca-16f66bd62233,63949,26688,-79,1596542463770 b5b182c7-eab1-4988-aa99-b5c1517008d9,1,39045,-90,1596542468676 0102200b-888f-0100-00cc-7418b1770812,35075,5594,-90,1596542464376 002a9124-e09d-b0a2-edf0-e979b8a2b4b0,11325,27050,-75,1596542468765 b5b182c7-eab1-4988-aa99-b5c1517008d9,1,9863,-80,1596542464405 b5b182c7-eab1-4988-aa99-b5c1517008d9,1,54913,-83,1596542464535
1596542469521 b5b182c7-eab1-4988-aa99-b5c1517008d9,1,28164,-90,1596542468629 b5b182c7-eab1-4988-aa99-b5c1517008d9,1,47752,-84,1596542464198 00ba0073-f54d-ee80-caa5-d8d1119c1006,8734,56066,-77,1596542463730 004ec3ae-f16e-8aa8-8d22-7c4f0a03bef9,51101,5758,-92,1596542469521 0102202b-888f-0100-00e7-ca3fe9d9da95,14330,54708,-94,1596542464684 00879fa2-02a2-cee6-fc03-05a34f621006,9498,23823,-95,1596542463485 00fa3349-b5e4-b111-49ca-16f66bd62233,63949,26688,-79,1596542463769 b5b182c7-eab1-4988-aa99-b5c1517008d9,1,39045,-90,1596542468676 0102200b-888f-0100-00cc-7418b1770812,35075,5594,-90,1596542464376 002a9124-e09d-b0a2-edf0-e979b8a2b4b0,11325,27050,-75,1596542468765 b5b182c7-eab1-4988-aa99-b5c1517008d9,1,9863,-80,1596542464405 b5b182c7-eab1-4988-aa99-b5c1517008d9,1,54913,-83,1596542464535
1596542471168 007e311a-1c5c-450b-0adb-e7e9116b8e66,56092,21010,-92,1596542471168 b5b182c7-eab1-4988-aa99-b5c1517008d9,1,47752,-84,1596542464198 00ba0073-f54d-ee80-caa5-d8d1119c1006,8734,56066,-77,1596542463730 0102202b-888f-0100-00e7-ca3fe9d9da95,14330,54708,-94,1596542464684 00879fa2-02a2-cee6-fc03-05a34f621006,9498,23823,-95,1596542463485 b5b182c7-eab1-4988-aa99-b5c1517008d9,1,39045,-90,1596542468676 b5b182c7-eab1-4988-aa99-b5c1517008d9,1,28164,-90,1596542468628 004ec3ae-f16e-8aa8-8d22-7c4f0a03bef9,51101,5758,-92,1596542469521 00fa3349-b5e4-b111-49ca-16f66bd62233,63949,26688,-79,1596542463770 0102200b-888f-0100-00cc-7418b1770812,35075,5594,-90,1596542464376 002a9124-e09d-b0a2-edf0-e979b8a2b4b0,11325,27050,-75,1596542468765 b5b182c7-eab1-4988-aa99-b5c1517008d9,1,9863,-80,1596542464405 b5b182c7-eab1-4988-aa99-b5c1517008d9,1,54913,-83,1596542464535
1596542473764 007e311a-1c5c-450b-0adb-e7e9116b8e66,56092,21010,-92,1596542471168 b5b182c7-eab1-4988-aa99-b5c1517008d9,1,47752,-84,1596542464198 00ba0073-f54d-ee80-caa5-d8d1119c1006,8734,56066,-77,1596542463730 009a0071-9848-8e2d-046b-4e3984b31006,2846,51890,-84,1596542473764 0102202b-888f-0100-00e7-ca3fe9d9da95,14330,54708,-94,1596542464683 00879fa2-02a2-cee6-fc03-05a34f621006,9498,23823,-95,1596542463485 b5b182c7-eab1-4988-aa99-b5c1517008d9,1,39045,-90,1596542468676 b5b182c7-eab1-4988-aa99-b5c1517008d9,1,28164,-90,1596542468629 004ec3ae-f16e-8aa8-8d22-7c4f0a03bef9,51101,5758,-92,1596542469521 00fa3349-b5e4-b111-49ca-16f66bd62233,63949,26688,-79,1596542463770 0102200b-888f-0100-00cc-7418b1770812,35075,5594,-90,1596542464376 002a9124-e09d-b0a2-edf0-e979b8a2b4b0,11325,27050,-75,1596542468765 b5b182c7-eab1-4988-aa99-b5c1517008d9,1,9863,-80,1596542464405 b5b182c7-eab1-4988-aa99-b5c1517008d9,1,54913,-83,1596542464535
1596542474333 007e311a-1c5c-450b-0adb-e7e9116b8e66,56092,21010,-92,1596542471168 b5b182c7-eab1-4988-aa99-b5c1517008d9,1,47752,-84,1596542464198 00ba0073-f54d-ee80-caa5-d8d1119c1006,8734,56066,-77,1596542463730 009a0071-9848-8e2d-046b-4e3984b31006,2846,51890,-84,1596542473764 0102202b-888f-0100-00e7-ca3fe9d9da95,14330,54708,-94,1596542464684 00879fa2-02a2-cee6-fc03-05a34f621006,9498,23823,-95,1596542463485 b5b182c7-eab1-4988-aa99-b5c1517008d9,1,39045,-90,1596542468676 0102202b-998f-0000-008a-52ecc926a3c1,63533,8257,-92,1596542474334 b5b182c7-eab1-4988-aa99-b5c1517008d9,1,28164,-90,1596542468629 004ec3ae-f16e-8aa8-8d22-7c4f0a03bef9,51101,5758,-92,1596542469521 00fa3349-b5e4-b111-49ca-16f66bd62233,63949,26688,-79,1596542463770 0102200b-888f-0100-00cc-7418b1770812,35075,5594,-90,1596542464375 002a9124-e09d-b0a2-edf0-e979b8a2b4b0,11325,27050,-75,1596542468764 b5b182c7-eab1-4988-aa99-b5c1517008d9,1,9863,-80,1596542464405 b5b182c7-eab1-4988-aa99-b5c1517008d9,1,54913,-83,1596542464535
1596542479333 007e311a-1c5c-450b-0adb-e7e9116b8e66,56092,21010,-92,1596542471168 b5b182c7-eab1-4988-aa99-b5c1517008d9,1,47752,-84,1596542464198 00ba0073-f54d-ee80-caa5-d8d1119c1006,8734,56066,-77,1596542463730 009a0071-9848-8e2d-046b-4e3984b31006,2846,51890,-84,1596542473764 0102202b-888f-0100-00e7-ca3fe9d9da95,14330,54708,-94,1596542464684 00879fa2-02a2-cee6-fc03-05a34f621006,9498,23823,-95,1596542463485 b5b182c7-eab1-4988-aa99-b5c1517008d9,1,39045,-90,1596542468676 0102202b-998f-0000-008a-52ecc926a3c1,63533,8257,-92,1596542474334 b5b182c7-eab1-4988-aa99-b5c1517008d9,1,28164,-90,1596542468629 004ec3ae-f16e-8aa8-8d22-7c4f0a03bef9,51101,5758,-92,1596542469521 00fa3349-b5e4-b111-49ca-16f66bd62233,63949,26688,-79,1596542463770 0102200b-888f-0100-00cc-7418b1770812,35075,5594,-90,1596542464376 002a9124-e09d-b0a2-edf0-e979b8a2b4b0,11325,27050,-75,1596542479332 b5b182c7-eab1-4988-aa99-b5c1517008d9,1,9863,-80,1596542464405 b5b182c7-eab1-4988-aa99-b5c1517008d9,1,54913,-83,1596542464535
1596542484039 007e311a-1c5c-450b-0adb-e7e9116b8e66,56092,21010,-92,1596542471167 b5b182c7-eab1-4988-aa99-b5c1517008d9,1,47752,-84,1596542464198 00ba0073-f54d-ee80-caa5-d8d1119c1006,8734,56066,-77,1596542463730 009a0071-9848-8e2d-046b-4e3984b31006,2846,51890,-84,1596542473764 0102202b-888f-0100-00e7-ca3fe9d9da95,14330,54708,-94,1596542464684 00879fa2-02a2-cee6-fc03-05a34f621006,9498,23823,-95,1596542463485 b5b182c7-eab1-4988-aa99-b5c1517008d9,1,39045,-90,1596542468676 0102202b-998f-0000-008a-52ecc926a3c1,63533,8257,-92,1596542474334 b5b182c7-eab1-4988-aa99-b5c1517008d9,1,28164,-90,1596542468629 004ec3ae-f16e-8aa8-8d22-7c4f0a03bef9,51101,5758,-92,1596542469520 00fa3349-b5e4-b111-49ca-16f66bd62233,63949,26688,-79,1596542463770 b5b182c7-eab1-4988-aa99-b5c1517008d9,1,19727,-88,1596542484039 0102200b-888f-0100-00cc-7418b1770812,35075,5594,-90,1596542464376 002a9124-e09d-b0a2-edf0-e979b8a2b4b0,11325,27050,-75,1596542479333 b5b182c7-eab1-4988-aa99-b5c1517008d9,1,9863,-80,1596542464405 b5b182c7-eab1-4988-aa99-b5c1517008d9,1,54913,-83,1596542464535
1596542484075 007e311a-1c5c-450b-0adb-e7e9116b8e66,56092,21010,-92,1596542471168 b5b182c7-eab1-4988-aa99-b5c1517008d9,1,47752,-84,1596542464198 00ba0073-f54d-ee80-caa5-d8d1119c1006,8734,56066,-77,1596542463730 009a0071-9848-8e2d-046b-4e3984b31006,2846,51890,-84,1596542473764 0102202b-888f-0100-00e7-ca3fe9d9da95,14330,54708,-94,1596542484075 00879fa2-02a2-cee6-fc03-05a34f621006,9498,23823,-95,1596542463485 b5b182c7-eab1-4988-aa99-b5c1517008d9,1,39045,-90,1596542468676 0102202b-998f-0000-008a-52ecc926a3c1,63533,8257,-92,1596542474334 b5b182c7-eab1-4988-aa99-b5c1517008d9,1,28164,-90,1596542468629 004ec3ae-f16e-8aa8-8d22-7c4f0a03bef9,51101,5758,-92,1596542469521 00fa3349-b5e4-b111-49ca-16f66bd62233,63949,26688,-79,1596542463770 b5b182c7-eab1-4988-aa99-b5c1517008d9,1,19727,-88,1596542484039 0102200b-888f-0100-00cc-7418b1770812,35075,5594,-90,1596542464376 002a9124-e09d-b0a2-edf0-e979b8a2b4b0,11325,27050,-75,1596542479333 b5b182c7-eab1-4988-aa99-b5c1517008d9,1,9863,-80,1596542464405 b5b182c7-eab1-4988-aa99-b5c1517008d9,1,54913,-83,1596542464535
1596542489418 007e311a-1c5c-450b-0adb-e7e9116b8e66,56092,21010,-92,1596542471168 b5b182c7-eab1-4988-aa99-b5c1517008d9,1,47752,-84,1596542464198 00ba0073-f54d-ee80-caa5-d8d1119c1006,8734,56066,-77,1596542463729 009a0071-9848-8e2d-046b-4e3984b31006,2846,51890,-84,1596542473764 0102202b-888f-0100-00e7-ca3fe9d9da95,14330,54708,-94,1596542484075 00879fa2-02a2-cee6-fc03-05a34f621006,9498,23823,-95,1596542463485 0102200b-888f-0100-004c-6d94927c5941,7293,44473,-92,1596542489418 b5b182c7-eab1-4988-aa99-b5c1517008d9,1,39045,-90,1596542468676 0102202b-998f-0000-008a-52ecc926a3c1,63533,8257,-92,1596542474334 b5b182c7-eab1-4988-aa99-b5c1517008d9,1,28164,-90,1596542468629 004ec3ae-f16e-8aa8-8d22-7c4f0a03bef9,51101,5758,-92,1596542469521 00fa3349-b5e4-b111-49ca-16f66bd62233,63949,26688,-79,1596542463770 b5b182c7-eab1-4988-aa99-b5c1517008d9,1,19727,-88,1596542484039 0102200b-888f-0100-00cc-7418b1770812,35075,5594,-90,1596542464376 002a9124-e09d-b0a2-edf0-e979b8a2b4b0,11325,27050,-75,1596542479333 b5b182c7-eab1-4988-aa99-b5c1517008d9,1,9863,-80,1596542464404 b5b182c7-eab1-4988-aa99-b5c1517008d9,1,54913,-83,1596542464535
1596542489463 007e311a-1c5c-450b-0adb-e7e9116b8e66,56092,21010,-92,1596542471168 b5b182c7-eab1-4988-aa99-b5c1517008d9,1,47752,-84,1596542464198 00ba0073-f54d-ee80-caa5-d8d1119c1006,8734,56066,-77,1596542463730 009a0071-9848-8e2d-046b-4e3984b31006,2846,51890,-84,1596542473764 0102202b-888f-0100-00e7-ca3fe9d9da95,14330,54708,-94,1596542484075 00879fa2-02a2-cee6-fc03-05a34f621006,9498,23823,-95,1596542463485 0102200b-888f-0100-004c-6d94927c5941,7293,44473,-92,1596542489418 b5b182c7-eab1-4988-aa99-b5c1517008d9,1,39045,-90,1596542468676 0102202b-998f-0000-008a-52ecc926a3c1,63533,8257,-92,1596542474334 b5b182c7-eab1-4988-aa99-b5c1517008d9,1,28164,-90,1596542468629 004ec3ae-f16e-8aa8-8d22-7c4f0a03bef9,51101,5758,-92,1596542469521 00fa3349-b5e4-b111-49ca-16f66bd62233,63949,26688,-79,1596542463770 b5b182c7-eab1-4988-aa99-b5c1517008d9,1,19727,-88,1596542484039 0102200b-888f-0100-00cc-7418b1770812,35075,5594,-90,1596542464376 002a9124-e09d-b0a2-edf0-e979b8a2b4b0,11325,27050,-75,1596542489463 b5b182c7-eab1-4988-aa99-b5c1517008d9,1,9863,-80,1596542464405 b5b182c7-eab1-4988-aa99-b5c1517008d9,1,54913,-83,1596542464535
1596542494270 007e311a-1c5c-450b-0adb-e7e9116b8e66,56092,21010,-92,1596542471168 b5b182c7-eab1-4988-aa99-b5c1517008d9,1,47752,-84,1596542464198 00ba0073-f54d-ee80-caa5-d8d1119c1006,8734,56066,-77,1596542463730 009a0071-9848-8e2d-046b-4e3984b31006,2846,51890,-84,1596542473764 0102202b-888f-0100-00e7-ca3fe9d9da95,14330,54708,-94,1596542484075 00879fa2-02a2-cee6-fc03-05a34f621006,9498,23823,-95,1596542463485 0102202b-998f-0100-008e-c623d7e68c2e,63561,31,-73,1596542494271 0102200b-888f-0100-004c-6d94927c5941,7293,44473,-92,1596542489418 b5b182c7-eab1-4988-aa99-b5c1517008d9,1,39045,-90,1596542468676 0102202b-998f-0000-008a-52ecc926a3c1,63533,8257,-92,1596542474334 b5b182c7-eab1-4988-aa99-b5c1517008d9,1,28164,-90,1596542468629 004ec3ae-f16e-8aa8-8d22-7c4f0a03bef9,51101,5758,-92,1596542469521 00fa3349-b5e4-b111-49ca-16f66bd62233,63949,26688,-79,1596542463770 b5b182c7-eab1-4988-aa99-b5c1517008d9,1,19727,-88,1596542484039 0102200b-888f-0100-00cc-7418b1770812,35075,5594,-90,1596542464375 002a9124-e09d-b0a2-edf0-e979b8a2b4b0,11325,27050,-75,1596542489462 b5b182c7-eab1-4988-aa99-b5c1517008d9,1,9863,-80,1596542464405 b5b182c7-eab1-4988-aa99-b5c1517008d9,1,54913,-83,1596542464535
1596542494511 007e311a-1c5c-450b-0adb-e7e9116b8e66,56092,21010,-92,1596542471168 b5b182c7-eab1-4988-aa99-b5c1517008d9,1,47752,-84,1596542464198 00ba0073-f54d-ee80-caa5-d8d1119c1006,8734,56066,-77,1596542463730 009a0071-9848-8e2d-046b-4e3984b31006,2846,51890,-84,1596542473764 b5b182c7-eab1-4988-aa99-b5c1517008d9,1,31694,-85,1596542494511 0102202b-888f-0100-00e7-ca3fe9d9da95,14330,54708,-94,1596542484075 00879fa2-02a2-cee6-fc03-05a34f621006,9498,23823,-95,1596542463485 0102202b-998f-0100-008e-c623d7e68c2e,63561,31,-73,1596542494271 0102200b-888f-0100-004c-6d94927c5941,7293,44473,-92,1596542489418 b5b182c7-eab1-4988-aa99-b5c1517008d9,1,39045,-90,1596542468676 0102202b-998f-0000-008a-52ecc926a3c1,63533,8257,-92,1596542474334 b5b182c7-eab1-4988-aa99-b5c1517008d9,1,28164,-90,1596542468629 004ec3ae-f16e-8aa8-8d22-7c4f0a03bef9,51101,5758,-92,1596542469521 00fa3349-b5e4-b111-49ca-16f66bd62233,63949,26688,-79,1596542463770 b5b182c7-eab1-4988-aa99-b5c1517008d9,1,19727,-88,1596542484039 0102200b-888f-0100-00cc-7418b1770812,35075,5594,-90,1596542464376 002a9124-e09d-b0a2-edf0-e979b8a2b4b0,11325,27050,-75,1596542489463 b5b182c7-eab1-4988-aa99-b5c1517008d9,1,9863,-80,1596542464405 b5b182c7-eab1-4988-aa99-b5c1517008d9,1,54913,-83,1596542464535
1596542494547 007e311a-1c5c-450b-0adb-e7e9116b8e66,56092,21010,-92,1596542471168 b5b182c7-eab1-4988-aa99-b5c1517008d9,1,47752,-84,1596542464198 00ba0073-f54d-ee80-caa5-d8d1119c1006,8734,56066,-77,1596542463730 009a0071-9848-8e2d-046b-4e3984b31006,2846,51890,-84,1596542473764 b5b182c7-eab1-4988-aa99-b5c1517008d9,1,31694,-85,1596542494511 0102202b-888f-0100-00e7-ca3fe9d9da95,14330,54708,-94,1596542484075 00879fa2-02a2-cee6-fc03-05a34f621006,9498,23823,-95,1596542463485 0102202b-998f-0100-008e-c623d7e68c2e,63561,31,-73,1596542494271 0102200b-888f-0100-004c-6d94927c5941,7293,44473,-92,1596542489418 b5b182c7-eab1-4988-aa99-b5c1517008d9,1,39045,-90,1596542468676 0102202b-998f-0000-008a-52ecc926a3c1,63533,8257,-92,1596542474334 b5b182c7-eab1-4988-aa99-b5c1517008d9,1,28164,-90,1596542468629 004ec3ae-f16e-8aa8-8d22-7c4f0a03bef9,51101,5758,-92,1596542469521 00fa3349-b5e4-b111-49ca-16f66bd62233,63949,26688,-79,1596542463770 b5b182c7-eab1-4988-aa99-b5c1517008d9,1,19727,-88,1596542484039 0102200b-888f-0100-00cc-7418b1770812,35075,5594,-90,1596542464376 002a9124-e09d-b0a2-edf0-e979b8a2b4b0,11325,27050,-75,1596542494548 b5b182c7-eab1-4988-aa99-b5c1517008d9,1,9863,-80,1596542464405 b5b182c7-eab1-4988-aa99-b5c1517008d9,1,54913,-83,1596542464534
1596542499328 007e311a-1c5c-450b-0adb-e7e9116b8e66,56092,21010,-92,1596542471168 b5b182c7-eab1-4988-aa99-b5c1517008d9,1,5661,-91,1596542499328 b5b182c7-eab1-4988-aa99-b5c1517008d9,1,47752,-84,1596542464198 00ba0073-f54d-ee80-caa5-d8d1119c1006,8734,56066,-77,1596542463730 009a0071-9848-8e2d-046b-4e3984b31006,2846,51890,-84,1596542473764 b5b182c7-eab1-4988-aa99-b5c1517008d9,1,31694,-85,1596542494511 0102202b-888f-0100-00e7-ca3fe9d9da95,14330,54708,-94,1596542484075 00879fa2-02a2-cee6-fc03-05a34f621006,9498,23823,-95,1596542463484 0102202b-998f-0100-008e-c623d7e68c2e,63561,31,-73,1596542494270 0102200b-888f-0100-004c-6d94927c5941,7293,44473,-92,1596542489418 b5b182c7-eab1-4988-aa99-b5c1517008d9,1,39045,-90,1596542468676 0102202b-998f-0000-008a-52ecc926a3c1,63533,8257,-92,1596542474334 b5b182c7-eab1-4988-aa99-b5c1517008d9,1,28164,-90,1596542468629 004ec3ae-f16e-8aa8-8d22-7c4f0a03bef9,51101,5758,-92,1596542469521 00fa3349-b5e4-b111-49ca-16f66bd62233,63949,26688,-79,1596542463770 b5b182c7-eab1-4988-aa99-b5c1517008d9,1,19727,-88,1596542484039 0102200b-888f-0100-00cc-7418b1770812,35075,5594,-90,1596542464376 002a9124-e09d-b0a2-edf0-e979b8a2b4b0,11325,27050,-75,1596542494548 b5b182c7-eab1-4988-aa99-b5c1517008d9,1,9863,-80,1596542464405 b5b182c7-eab1-4988-aa99-b5c1517008d9,1,54913,-83,1596542464535
1596542513477 007e311a-1c5c-450b-0adb-e7e9116b8e66,56092,21010,-92,1596542471168 b5b182c7-eab1-4988-aa99-b5c1517008d9,1,5661,-91,1596542499328 b5b182c7-eab1-4988-aa99-b5c1517008d9,1,47752,-84,1596542464198 00ba0073-f54d-ee80-caa5-d8d1119c1006,8734,56066,-77,1596542463730 009a0071-9848-8e2d-046b-4e3984b31006,2846,51890,-84,1596542473764 b5b182c7-eab1-4988-aa99-b5c1517008d9,1,31694,-85,1596542494511 0102202b-888f-0100-00e7-ca3fe9d9da95,14330,54708,-94,1596542484075 00879fa2-02a2-cee6-fc03-05a34f621006,9498,23823,-95,1596542463485 0102202b-998f-0100-008e-c623d7e68c2e,63561,31,-73,1596542494271 0102200b-888f-0100-004c-6d94927c5941,7293,44473,-92,1596542489418 b5b182c7-eab1-4988-aa99-b5c1517008d9,1,39045,-90,1596542468676 0102202b-998f-0000-008a-52ecc926a3c1,63533,8257,-92,1596542474333 00341a67-ee90-c174-7e4c-150012f11006,19486,42371,-74,1596542513477 b5b182c7-eab1-4988-aa99-b5c1517008d9,1,28164,-90,1596542468629 004ec3ae-f16e-8aa8-8d22-7c4f0a03bef9,51101,5758,-92,1596542469521 00fa3349-b5e4-b111-49ca-16f66bd62233,63949,26688,-79,1596542463770 b5b182c7-eab1-4988-aa99-b5c1517008d9,1,19727,-88,1596542484039 0102200b-888f-0100-00cc-7418b1770812,35075,5594,-90,1596542464376 002a9124-e09d-b0a2-edf0-e979b8a2b4b0,11325,27050,-75,1596542494548 b5b182c7-eab1-4988-aa99-b5c1517008d9,1,9863,-80,1596542464405 b5b182c7-eab1-4988-aa99-b5c1517008d9,1,54913,-83,1596542464534
1596542514053 007e311a-1c5c-450b-0adb-e7e9116b8e66,56092,21010,-92,1596542471168 b5b182c7-eab1-4988-aa99-b5c1517008d9,1,5661,-91,1596542499328 b5b182c7-eab1-4988-aa99-b5c1517008d9,1,47752,-84,1596542464198 00ba0073-f54d-ee80-caa5-d8d1119c1006,8734,56066,-77,1596542463730 009a0071-9848-8e2d-046b-4e3984b31006,2846,51890,-84,1596542473764 b5b182c7-eab1-4988-aa99-b5c1517008d9,1,31694,-85,1596542494511 0102202b-888f-0100-00e7-ca3fe9d9da95,14330,54708,-94,1596542484075 00879fa2-02a2-cee6-fc03-05a34f621006,9498,23823,-95,1596542463485 0102202b-998f-0100-008e-c623d7e68c2e,63561,31,-73,1596542494271 0102200b-888f-0100-004c-6d94927c5941,7293,44473,-92,1596542489418 b5b182c7-eab1-4988-aa99-b5c1517008d9,1,39045,-90,1596542468676 0102202b-998f-0000-008a-52ecc926a3c1,63533,8257,-92,1596542474334 00341a67-ee90-c174-7e4c-150012f11006,19486,42371,-74,1596542513477 b5b182c7-eab1-4988-aa99-b5c1517008d9,1,28164,-90,1596542514053 004ec3ae-f16e-8aa8-8d22-7c4f0a03bef9,51101,5758,-92,1596542469521 00fa3349-b5e4-b111-49ca-16f66bd62233,63949,26688,-79,1596542463770 b5b182c7-eab1-4988-aa99-b5c1517008d9,1,19727,-88,1596542484039 0102200b-888f-0100-00cc-7418b1770812,35075,5594,-90,1596542464376 002a9124-e09d-b0a2-edf0-e979b8a2b4b0,11325,27050,-75,1596542494548 b5b182c7-eab1-4988-aa99-b5c1517008d9,1,9863,-80,1596542464405 b5b182c7-eab1-4988-aa99-b5c1517008d9,1,54913,-83,1596542464535
1596542514404 007e311a-1c5c-450b-0adb-e7e9116b8e66,56092,21010,-92,1596542471168 b5b182c7-eab1-4988-aa99-b5c1517008d9,1,5661,-91,1596542499328 b5b182c7-eab1-4988-aa99-b5c1517008d9,1,47752,-84,1596542464198 00ba0073-f54d-ee80-caa5-d8d1119c1006,8734,56066,-77,1596542463730 009a0071-9848-8e2d-046b-4e3984b31006,2846,51890,-84,1596542473764 b5b182c7-eab1-4988-aa99-b5c1517008d9,1,31694,-85,1596542494511 0102202b-888f-0100-00e7-ca3fe9d9da95,14330,54708,-94,1596542484075 00879fa2-02a2-cee6-fc03-05a34f621006,9498,23823,-95,1596542463484 0102202b-998f-0100-008e-c623d7e68c2e,63561,31,-73,1596542494270 0102200b-888f-0100-004c-6d94927c5941,7293,44473,-92,1596542489418 b5b182c7-eab1-4988-aa99-b5c1517008d9,1,39045,-90,1596542468676 0102202b-998f-0000-008a-52ecc926a3c1,63533,8257,-92,1596542474334 00341a67-ee90-c174-7e4c-150012f11006,19486,42371,-74,1596542513477 b5b182c7-eab1-4988-aa99-b5c1517008d9,1,28164,-90,1596542514053 004ec3ae-f16e-8aa8-8d22-7c4f0a03bef9,51101,5758,-92,1596542469520 00fa3349-b5e4-b111-49ca-16f66bd62233,63949,26688,-79,1596542463769 b5b182c7-eab1-4988-aa99-b5c1517008d9,1,19727,-88,1596542484039 0102200b-888f-0100-00cc-7418b1770812,35075,5594,-90,1596542464376 002a9124-e09d-b0a2-edf0-e979b8a2b4b0,11325,27050,-75,1596542494548 b5b182c7-eab1-4988-aa99-b5c1517008d9,1,2954,-78,1596542514404 b5b182c7-eab1-4988-aa99-b5c1517008d9,1,9863,-80,1596542464405 b5b182c7-eab1-4988-aa99-b5c1517008d9,1,54913,-83,1596542464534
1596542514443 007e311a-1c5c-450b-0adb-e7e9116b8e66,56092,21010,-92,1596542471168 b5b182c7-eab1-4988-aa99-b5c1517008d9,1,5661,-91,1596542499328 b5b182c7-eab1-4988-aa99-b5c1517008d9,1,47752,-84,1596542464198 00ba0073-f54d-ee80-caa5-d8d1119c1006,8734,56066,-77,1596542463730 009a0071-9848-8e2d-046b-4e3984b31006,2846,51890,-84,1596542473764 b5b182c7-eab1-4988-aa99-b5c1517008d9,1,31694,-85,1596542494511 0102202b-888f-0100-00e7-ca3fe9d9da95,14330,54708,-94,1596542484075 00879fa2-02a2-cee6-fc03-05a34f621006,9498,23823,-95,1596542463485 0102202b-998f-0100-008e-c623d7e68c2e,63561,31,-73,1596542494271 0102200b-888f-0100-004c-6d94927c5941,7293,44473,-92,1596542489417 b5b182c7-eab1-4988-aa99-b5c1517008d9,1,39045,-90,1596542468676 0102202b-998f-0100-0030-c5ff7c86bd4d,34282,53770,-73,1596542514443 0102202b-998f-0000-008a-52ecc926a3c1,63533,8257,-92,1596542474334 00341a67-ee90-c174-7e4c-150012f11006,19486,42371,-74,1596542513477 b5b182c7-eab1-4988-aa99-b5c1517008d9,1,28164,-90,1596542514053 004ec3ae-f16e-8aa8-8d22-7c4f0a03bef9,51101,5758,-92,1596542469521 00fa3349-b5e4-b111-49ca-16f66bd62233,63949,26688,-79,1596542463770 b5b182c7-eab1-4988-aa99-b5c1517008d9,1,19727,-88,1596542484039 0102200b-888f-0100-00cc-7418b1770812,35075,5594,-90,1596542464376 002a9124-e09d-b0a2-edf0-e979b8a2b4b0,11325,27050,-75,1596542494548 b5b182c7-eab1-4988-aa99-b5c1517008d9,1,2954,-78,1596542514404 b5b182c7-eab1-4988-aa99-b5c1517008d9,1,9863,-80,1596542464405 b5b182c7-eab1-4988-aa99-b5c1517008d9,1,54913,-83,1596542464535
1596542514568 007e311a-1c5c-450b-0adb-e7e9116b8e66,56092,21010,-92,1596542471168 b5b182c7-eab1-4988-aa99-b5c1517008d9,1,55302,-82,1596542514568 b5b182c7-eab1-4988-aa99-b5c1517008d9,1,5661,-91,1596542499328 b5b182c7-eab1-4988-aa99-b5c1517008d9,1,47752,-84,1596542464198 00ba0073-f54d-ee80-caa5-d8d1119c1006,8734,56066,-77,1596542463730 009a0071-9848-8e2d-046b-4e3984b31006,2846,51890,-84,1596542473764 b5b182c7-eab1-4988-aa99-b5c1517008d9,1,31694,-85,1596542494511 0102202b-888f-0100-00e7-ca3fe9d9da95,14330,54708,-94,1596542484075 00879fa2-02a2-cee6-fc03-05a34f621006,9498,23823,-95,1596542463485 0102202b-998f-0100-008e-c623d7e68c2e,63561,31,-73,1596542494271 0102200b-888f-0100-004c-6d94927c5941,7293,44473,-92,1596542489418 b5b182c7-eab1-4988-aa99-b5c1517008d9,1,39045,-90,1596542468676 0102202b-998f-0100-0030-c5ff7c86bd4d,34282,53770,-73,1596542514443 0102202b-998f-0000-008a-52ecc926a3c1,63533,8257,-92,1596542474334 00341a67-ee90-c174-7e4c-150012f11006,19486,42371,-74,1596542513477 b5b182c7-eab1-4988-aa99-b5c1517008d9,1,28164,-90,1596542514053 004ec3ae-f16e-8aa8-8d22-7c4f0a03bef9,51101,5758,-92,1596542469521 00fa3349-b5e4-b111-49ca-16f66bd62233,63949,26688,-79,1596542463769 b5b182c7-eab1-4988-aa99-b5c1517008d9,1,19727,-88,1596542484038 0102200b-888f-0100-00cc-7418b1770812,35075,5594,-90,1596542464376 002a9124-e09d-b0a2-edf0-e979b8a2b4b0,11325,27050,-75,1596542494548 b5b182c7-eab1-4988-aa99-b5c1517008d9,1,2954,-78,1596542514404 b5b182c7-eab1-4988-aa99-b5c1517008d9,1,9863,-80,1596542464405 b5b182c7-eab1-4988-aa99-b5c1517008d9,1,54913,-83,1596542464535
1596542514632 007e311a-1c5c-450b-0adb-e7e9116b8e66,56092,21010,-92,1596542471168 b5b182c7-eab1-4988-aa99-b5c1517008d9,1,55302,-82,1596542514568 b5b182c7-eab1-4988-aa99-b5c1517008d9,1,47752,-84,1596542464198 00ba0073-f54d-ee80-caa5-d8d1119c1006,8734,56066,-77,1596542463730 b5b182c7-eab1-4988-aa99-b5c1517008d9,1,31694,-85,1596542494511 00879fa2-02a2-cee6-fc03-05a34f621006,9498,23823,-95,1596542463485 0102202b-998f-0100-008e-c623d7e68c2e,63561,31,-73,1596542494271 0102200b-888f-0100-004c-6d94927c5941,7293,44473,-92,1596542489418 00341a67-ee90-c174-7e4c-150012f11006,19486,42371,-74,1596542513477 b5b182c7-eab1-4988-aa99-b5c1517008d9,1,28164,-90,1596542514053 004ec3ae-f16e-8aa8-8d22-7c4f0a03bef9,51101,5758,-92,1596542469521 b5b182c7-eab1-4988-aa99-b5c1517008d9,1,2954,-78,1596542514404 b5b182c7-eab1-4988-aa99-b5c1517008d9,1,54913,-83,1596542464535 b5b182c7-eab1-4988-aa99-b5c1517008d9,1,256,-89,1596542514632 b5b182c7-eab1-4988-aa99-b5c1517008d9,1,5661,-91,1596542499328 009a0071-9848-8e2d-046b-4e3984b31006,2846,51890,-84,1596542473764 0102202b-888f-0100-00e7-ca3fe9d9da95,14330,54708,-94,1596542484075 b5b182c7-eab1-4988-aa99-b5c1517008d9,1,39045,-90,1596542468675 0102202b-998f-0100-0030-c5ff7c86bd4d,34282,53770,-73,1596542514443 0102202b-998f-0000-008a-52ecc926a3c1,63533,8257,-92,1596542474334 00fa3349-b5e4-b111-49ca-16f66bd62233,63949,26688,-79,1596542463770 b5b182c7-eab1-4988-aa99-b5c1517008d9,1,19727,-88,1596542484039 0102200b-888f-0100-00cc-7418b1770812,35075,5594,-90,1596542464376 002a9124-e09d-b0a2-edf0-e979b8a2b4b0,11325,27050,-75,1596542494548 b5b182c7-eab1-4988-aa99-b5c1517008d9,1,9863,-80,1596542464405
1596542514702 007e311a-1c5c-450b-0adb-e7e9116b8e66,56092,21010,-92,1596542471168 b5b182c7-eab1-4988-aa99-b5c1517008d9,1,55302,-82,1596542514568 b5b182c7-eab1-4988-aa99-b5c1517008d9,1,47752,-84,1596542464198 00ba0073-f54d-ee80-caa5-d8d1119c1006,8734,56066,-77,1596542463730 b5b182c7-eab1-4988-aa99-b5c1517008d9,1,31694,-85,1596542494511 00879fa2-02a2-cee6-fc03-05a34f621006,9498,23823,-95,1596542463485 0102202b-998f-0100-008e-c623d7e68c2e,63561,31,-73,1596542494270 0102200b-888f-0100-004c-6d94927c5941,7293,44473,-92,1596542489417 00341a67-ee90-c174-7e4c-150012f11006,19486,42371,-74,1596542513476 b5b182c7-eab1-4988-aa99-b5c1517008d9,1,28164,-90,1596542514053 004ec3ae-f16e-8aa8-8d22-7c4f0a03bef9,51101,5758,-92,1596542469521 b5b182c7-eab1-4988-aa99-b5c1517008d9,1,2954,-78,1596542514404 b5b182c7-eab1-4988-aa99-b5c1517008d9,1,54913,-83,1596542464535 b5b182c7-eab1-4988-aa99-b5c1517008d9,1,256,-89,1596542514632 b5b182c7-eab1-4988-aa99-b5c1517008d9,1,5661,-91,1596542499328 009a0071-9848-8e2d-046b-4e3984b31006,2846,51890,-84,1596542473764 0102202b-888f-0100-00e7-ca3fe9d9da95,14330,54708,-94,1596542484075 b5b182c7-eab1-4988-aa99-b5c1517008d9,1,39045,-90,1596542468676 0102202b-998f-0100-0030-c5ff7c86bd4d,34282,53770,-73,1596542514443 0102202b-998f-0000-008a-52ecc926a3c1,63533,8257,-92,1596542474334 00fa3349-b5e4-b111-49ca-16f66bd62233,63949,26688,-79,1596542463770 b5b182c7-eab1-4988-aa99-b5c1517008d9,1,19727,-88,1596542484039 0102200b-888f-0100-00cc-7418b1770812,35075,5594,-90,1596542464376 002a9124-e09d-b0a2-edf0-e979b8a2b4b0,11325,27050,-75,1596542494548 b5b182c7-eab1-4988-aa99-b5c1517008d9,1,9863,-80,1596542464404 0034e773-2f19-ee22-b596-56b0517d1005,11036,26421,-93,1596542514702
1596542518628 007e311a-1c5c-450b-0adb-e7e9116b8e66,56092,21010,-92,1596542471168 b5b182c7-eab1-4988-aa99-b5c1517008d9,1,55302,-82,1596542514568 b5b182c7-eab1-4988-aa99-b5c1517008d9,1,47752,-84,1596542464198 00ba0073-f54d-ee80-caa5-d8d1119c1006,8734,56066,-77,1596542463730 b5b182c7-eab1-4988-aa99-b5c1517008d9,1,31694,-85,1596542494511 00879fa2-02a2-cee6-fc03-05a34f621006,9498,23823,-95,1596542463484 0102202b-998f-0100-008e-c623d7e68c2e,63561,31,-73,1596542494271 0102200b-888f-0100-004c-6d94927c5941,7293,44473,-92,1596542489418 00341a67-ee90-c174-7e4c-150012f11006,19486,42371,-74,1596542513477 b5b182c7-eab1-4988-aa99-b5c1517008d9,1,28164,-90,1596542514053 004ec3ae-f16e-8aa8-8d22-7c4f0a03bef9,51101,5758,-92,1596542469521 b5b182c7-eab1-4988-aa99-b5c1517008d9,1,2954,-78,1596542514404 b5b182c7-eab1-4988-aa99-b5c1517008d9,1,54913,-83,1596542464535 b5b182c7-eab1-4988-aa99-b5c1517008d9,1,256,-89,1596542514632 b5b182c7-eab1-4988-aa99-b5c1517008d9,1,5661,-91,1596542499328 009a0071-9848-8e2d-046b-4e3984b31006,2846,51890,-84,1596542473764 0102202b-888f-0100-00e7-ca3fe9d9da95,14330,54708,-94,1596542484075 b5b182c7-eab1-4988-aa99-b5c1517008d9,1,39045,-90,1596542468676 0102202b-998f-0100-0030-c5ff7c86bd4d,34282,53770,-73,1596542518628 0102202b-998f-0000-008a-52ecc926a3c1,63533,8257,-92,1596542474334 00fa3349-b5e4-b111-49ca-16f66bd62233,63949,26688,-79,1596542463770 b5b182c7-eab1-4988-aa99-b5c1517008d9,1,19727,-88,1596542484039 0102200b-888f-0100-00cc-7418b1770812,35075,5594,-90,1596542464376 002a9124-e09d-b0a2-edf0-e979b8a2b4b0,11325,27050,-75,1596542494548 b5b182c7-eab1-4988-aa99-b5c1517008d9,1,9863,-80,1596542464405 0034e773-2f19-ee22-b596-56b0517d1005,11036,26421,-93,1596542514702
1596542518790 007e311a-1c5c-450b-0adb-e7e9116b8e66,56092,21010,-92,1596542471168 b5b182c7-eab1-4988-aa99-b5c1517008d9,1,55302,-82,1596542514568 b5b182c7-eab1-4988-aa99-b5c1517008d9,1,47752,-84,1596542464198 00ba0073-f54d-ee80-caa5-d8d1119c1006,8734,56066,-77,1596542463730 b5b182c7-eab1-4988-aa99-b5c1517008d9,1,31694,-85,1596542494511 00879fa2-02a2-cee6-fc03-05a34f621006,9498,23823,-95,1596542463484 0102202b-998f-0100-008e-c623d7e68c2e,63561,31,-73,1596542494270 0102200b-888f-0100-004c-6d94927c5941,7293,44473,-92,1596542489417 00341a67-ee90-c174-7e4c-150012f11006,19486,42371,-74,1596542513477 b5b182c7-eab1-4988-aa99-b5c1517008d9,1,28164,-90,1596542514053 004ec3ae-f16e-8aa8-8d22-7c4f0a03bef9,51101,5758,-92,1596542469521 b5b182c7-eab1-4988-aa99-b5c1517008d9,1,2954,-78,1596542514404 b5b182c7-eab1-4988-aa99-b5c1517008d9,1,54913,-83,1596542464535 b5b182c7-eab1-4988-aa99-b5c1517008d9,1,256,-89,1596542514632 b5b182c7-eab1-4988-aa99-b5c1517008d9,1,5661,-91,1596542499328 009a0071-9848-8e2d-046b-4e3984b31006,2846,51890,-84,1596542473764 0102202b-888f-0100-00e7-ca3fe9d9da95,14330,54708,-94,1596542484075 b5b182c7-eab1-4988-aa99-b5c1517008d9,1,39045,-90,1596542468676 0102202b-998f-0100-0030-c5ff7c86bd4d,34282,53770,-73,1596542518628 0102202b-998f-0000-008a-52ecc926a3c1,63533,8257,-92,1596542474334 000bfa07-f3f5-d540-2219-50f84b02e6cd,62513,3047,-80,1596542518790 00fa3349-b5e4-b111-49ca-16f66bd62233,63949,26688,-79,1596542463770 b5b182c7-eab1-4988-aa99-b5c1517008d9,1,19727,-88,1596542484039 0102200b-888f-0100-00cc-7418b1770812,35075,5594,-90,1596542464376 002a9124-e09d-b0a2-edf0-e979b8a2b4b0,11325,27050,-75,1596542494548 b5b182c7-eab1-4988-aa99-b5c1517008d9,1,9863,-80,1596542464404 0034e773-2f19-ee22-b596-56b0517d1005,11036,26421,-93,1596542514701
1596542519566 007e311a-1c5c-450b-0adb-e7e9116b8e66,56092,21010,-92,1596542471168 b5b182c7-eab1-4988-aa99-b5c1517008d9,1,55302,-82,1596542514568 b5b182c7-eab1-4988-aa99-b5c1517008d9,1,47752,-84,1596542464198 00ba0073-f54d-ee80-caa5-d8d1119c1006,8734,56066,-77,1596542463730 b5b182c7-eab1-4988-aa99-b5c1517008d9,1,31694,-85,1596542494511 00879fa2-02a2-cee6-fc03-05a34f621006,9498,23823,-95,1596542463485 0102202b-998f-0100-008e-c623d7e68c2e,63561,31,-73,1596542494271 0102200b-888f-0100-004c-6d94927c5941,7293,44473,-92,1596542489418 00341a67-ee90-c174-7e4c-150012f11006,19486,42371,-74,1596542513477 b5b182c7-eab1-4988-aa99-b5c1517008d9,1,28164,-90,1596542514053 004ec3ae-f16e-8aa8-8d22-7c4f0a03bef9,51101,5758,-92,1596542469521 b5b182c7-eab1-4988-aa99-b5c1517008d9,1,2954,-78,1596542514404 b5b182c7-eab1-4988-aa99-b5c1517008d9,1,54913,-83,1596542464535 b5b182c7-eab1-4988-aa99-b5c1517008d9,1,256,-89,1596542514631 b5b182c7-eab1-4988-aa99-b5c1517008d9,1,5661,-91,1596542499327 009a0071-9848-8e2d-046b-4e3984b31006,2846,51890,-84,1596542473763 0102202b-888f-0100-00e7-ca3fe9d9da95,14330,54708,-94,1596542484075 b5b182c7-eab1-4988-aa99-b5c1517008d9,1,39045,-90,1596542468676 0102202b-998f-0100-0030-c5ff7c86bd4d,34282,53770,-73,1596542519566 0102202b-998f-0000-008a-52ecc926a3c1,63533,8257,-92,1596542474334 000bfa07-f3f5-d540-2219-50f84b02e6cd,62513,3047,-80,1596542518790 00fa3349-b5e4-b111-49ca-16f66bd62233,63949,26688,-79,1596542463770 b5b182c7-eab1-4988-aa99-b5c1517008d9,1,19727,-88,1596542484039 0102200b-888f-0100-00cc-7418b1770812,35075,5594,-90,1596542464376 002a9124-e09d-b0a2-edf0-e979b8a2b4b0,11325,27050,-75,1596542494548 b5b182c7-eab1-4988-aa99-b5c1517008d9,1,9863,-80,1596542464405 0034e773-2f19-ee22-b596-56b0517d1005,11036,26421,-93,1596542514702
1596542523762 007e311a-1c5c-450b-0adb-e7e9116b8e66,56092,21010,-92,1596542471168 b5b182c7-eab1-4988-aa99-b5c1517008d9,1,55302,-82,1596542514568 b5b182c7-eab1-4988-aa99-b5c1517008d9,1,47752,-84,1596542464198 00ba0073-f54d-ee80-caa5-d8d1119c1006,8734,56066,-77,1596542463730 b5b182c7-eab1-4988-aa99-b5c1517008d9,1,31694,-85,1596542494511 00879fa2-02a2-cee6-fc03-05a34f621006,9498,23823,-95,1596542463485 0102202b-998f-0100-008e-c623d7e68c2e,63561,31,-73,1596542494271 0102200b-888f-0100-004c-6d94927c5941,7293,44473,-92,1596542489418 00341a67-ee90-c174-7e4c-150012f11006,19486,42371,-74,1596542513477 b5b182c7-eab1-4988-aa99-b5c1517008d9,1,28164,-90,1596542523762 004ec3ae-f16e-8aa8-8d22-7c4f0a03bef9,51101,5758,-92,1596542469521 b5b182c7-eab1-4988-aa99-b5c1517008d9,1,2954,-78,1596542514404 b5b182c7-eab1-4988-aa99-b5c1517008d9,1,54913,-83,1596542464535 b5b182c7-eab1-4988-aa99-b5c1517008d9,1,256,-89,1596542514631 b5b182c7-eab1-4988-aa99-b5c1517008d9,1,5661,-91,1596542499327 009a0071-9848-8e2d-046b-4e3984b31006,2846,51890,-84,1596542473764 0102202b-888f-0100-00e7-ca3fe9d9da95,14330,54708,-94,1596542484075 b5b182c7-eab1-4988-aa99-b5c1517008d9,1,39045,-90,1596542468676 0102202b-998f-0100-0030-c5ff7c86bd4d,34282,53770,-73,1596542519566 0102202b-998f-0000-008a-52ecc926a3c1,63533,8257,-92,1596542474334 000bfa07-f3f5-d540-2219-50f84b02e6cd,62513,3047,-80,1596542518790 00fa3349-b5e4-b111-49ca-16f66bd62233,63949,26688,-79,1596542463770 b5b182c7-eab1-4988-aa99-b5c1517008d9,1,19727,-88,1596542484039 0102200b-888f-0100-00cc-7418b1770812,35075,5594,-90,1596542464376 002a9124-e09d-b0a2-edf0-e979b8a2b4b0,11325,27050,-75,1596542494548 b5b182c7-eab1-4988-aa99-b5c1517008d9,1,9863,-80,1596542464405 0034e773-2f19-ee22-b596-56b0517d1005,11036,26421,-93,1596542514702
1596542524090 007e311a-1c5c-450b-0adb-e7e9116b8e66,56092,21010,-92,1596542471168 b5b182c7-eab1-4988-aa99-b5c1517008d9,1,55302,-82,1596542514568 b5b182c7-eab1-4988-aa99-b5c1517008d9,1,47752,-84,1596542464198 00ba0073-f54d-ee80-caa5-d8d1119c1006,8734,56066,-77,1596542463730 b5b182c7-eab1-4988-aa99-b5c1517008d9,1,31694,-85,1596542494511 00879fa2-02a2-cee6-fc03-05a34f621006,9498,23823,-95,1596542463485 0102202b-998f-0100-008e-c623d7e68c2e,63561,31,-73,1596542494271 0102200b-888f-0100-004c-6d94927c5941,7293,44473,-92,1596542524090 00341a67-ee90-c174-7e4c-150012f11006,19486,42371,-74,1596542513477 b5b182c7-eab1-4988-aa99-b5c1517008d9,1,28164,-90,1596542523761 004ec3ae-f16e-8aa8-8d22-7c4f0a03bef9,51101,5758,-92,1596542469520 b5b182c7-eab1-4988-aa99-b5c1517008d9,1,2954,-78,1596542514404 b5b182c7-eab1-4988-aa99-b5c1517008d9,1,54913,-83,1596542464535 b5b182c7-eab1-4988-aa99-b5c1517008d9,1,256,-89,1596542514632 b5b182c7-eab1-4988-aa99-b5c1517008d9,1,5661,-91,1596542499328 009a0071-9848-8e2d-046b-4e3984b31006,2846,51890,-84,1596542473764 0102202b-888f-0100-00e7-ca3fe9d9da95,14330,54708,-94,1596542484075 b5b182c7-eab1-4988-aa99-b5c1517008d9,1,39045,-90,1596542468676 0102202b-998f-0100-0030-c5ff7c86bd4d,34282,53770,-73,1596542519566 0102202b-998f-0000-008a-52ecc926a3c1,63533,8257,-92,1596542474334 000bfa07-f3f5-d540-2219-50f84b02e6cd,62513,3047,-80,1596542518790 00fa3349-b5e4-b111-49ca-16f66bd62233,63949,26688,-79,1596542463770 b5b182c7-eab1-4988-aa99-b5c1517008d9,1,19727,-88,1596542484039 0102200b-888f-0100-00cc-7418b1770812,35075,5594,-90,1596542464376 002a9124-e09d-b0a2-edf0-e979b8a2b4b0,11325,27050,-75,1596542494548 b5b182c7-eab1-4988-aa99-b5c1517008d9,1,9863,-80,1596542464405 0034e773-2f19-ee22-b596-56b0517d1005,11036,26421,-93,1596542514702
1596542524168 007e311a-1c5c-450b-0adb-e7e9116b8e66,56092,21010,-92,1596542471168 b5b182c7-eab1-4988-aa99-b5c1517008d9,1,55302,-82,1596542514568 b5b182c7-eab1-4988-aa99-b5c1517008d9,1,47752,-84,1596542464198 00ba0073-f54d-ee80-caa5-d8d1119c1006,8734,56066,-77,1596542463730 b5b182c7-eab1-4988-aa99-b5c1517008d9,1,31694,-85,1596542494511 00879fa2-02a2-cee6-fc03-05a34f621006,9498,23823,-95,1596542463485 0102202b-998f-0100-008e-c623d7e68c2e,63561,31,-73,1596542494271 0102200b-888f-0100-004c-6d94927c5941,7293,44473,-92,1596542524089 00341a67-ee90-c174-7e4c-150012f11006,19486,42371,-74,1596542513476 b5b182c7-eab1-4988-aa99-b5c1517008d9,1,28164,-90,1596542523762 004ec3ae-f16e-8aa8-8d22-7c4f0a03bef9,51101,5758,-92,1596542469521 b5b182c7-eab1-4988-aa99-b5c1517008d9,1,2954,-78,1596542514404 b5b182c7-eab1-4988-aa99-b5c1517008d9,1,54913,-83,1596542464535 b5b182c7-eab1-4988-aa99-b5c1517008d9,1,256,-89,1596542514632 b5b182c7-eab1-4988-aa99-b5c1517008d9,1,5661,-91,1596542499328 009a0071-9848-8e2d-046b-4e3984b31006,2846,51890,-84,1596542473764 0102202b-888f-0100-00e7-ca3fe9d9da95,14330,54708,-94,1596542484075 b5b182c7-eab1-4988-aa99-b5c1517008d9,1,39045,-90,1596542468676 0102202b-998f-0100-0030-c5ff7c86bd4d,34282,53770,-73,1596542519566 0102202b-998f-0000-008a-52ecc926a3c1,63533,8257,-92,1596542474334 000bfa07-f3f5-d540-2219-50f84b02e6cd,62513,3047,-80,1596542518790 00fa3349-b5e4-b111-49ca-16f66bd62233,63949,26688,-79,1596542463770 b5b182c7-eab1-4988-aa99-b5c1517008d9,1,19727,-88,1596542484039 0102200b-888f-0100-00cc-7418b1770812,35075,5594,-90,1596542464376 002a9124-e09d-b0a2-edf0-e979b8a2b4b0,11325,27050,-75,1596542524168 b5b182c7-eab1-4988-aa99-b5c1517008d9,1,9863,-80,1596542464405 0034e773-2f19-ee22-b596-56b0517d1005,11036,26421,-93,1596542514702
1596542524440 007e311a-1c5c-450b-0adb-e7e9116b8e66,56092,21010,-92,1596542471168 b5b182c7-eab1-4988-aa99-b5c1517008d9,1,55302,-82,1596542514568 b5b182c7-eab1-4988-aa99-b5c1517008d9,1,47752,-84,1596542464198 00ba0073-f54d-ee80-caa5-d8d1119c1006,8734,56066,-77,1596542463730 b5b182c7-eab1-4988-aa99-b5c1517008d9,1,31694,-85,1596542494511 00879fa2-02a2-cee6-fc03-05a34f621006,9498,23823,-95,1596542463485 0102202b-998f-0100-008e-c623d7e68c2e,63561,31,-73,1596542494271 0102200b-888f-0100-004c-6d94927c5941,7293,44473,-92,1596542524090 00341a67-ee90-c174-7e4c-150012f11006,19486,42371,-74,1596542513477 b5b182c7-eab1-4988-aa99-b5c1517008d9,1,28164,-90,1596542523762 004ec3ae-f16e-8aa8-8d22-7c4f0a03bef9,51101,5758,-92,1596542469521 b5b182c7-eab1-4988-aa99-b5c1517008d9,1,2954,-78,1596542514404 b5b182c7-eab1-4988-aa99-b5c1517008d9,1,54913,-83,1596542464535 b5b182c7-eab1-4988-aa99-b5c1517008d9,1,256,-89,1596542514632 b5b182c7-eab1-4988-aa99-b5c1517008d9,1,5661,-91,1596542499328 009a0071-9848-8e2d-046b-4e3984b31006,2846,51890,-84,1596542473764 0102202b-888f-0100-00e7-ca3fe9d9da95,14330,54708,-94,1596542484075 b5b182c7-eab1-4988-aa99-b5c1517008d9,1,39045,-90,1596542468676 0102202b-998f-0100-0030-c5ff7c86bd4d,34282,53770,-73,1596542519566 0102202b-998f-0000-008a-52ecc926a3c1,63533,8257,-92,1596542474333 000bfa07-f3f5-d540-2219-50f84b02e6cd,62513,3047,-80,1596542518789 0102200b-668f-0100-0077-12abaf3bb817,5465,34453,-85,1596542524440 00fa3349-b5e4-b111-49ca-16f66bd62233,63949,26688,-79,1596542463770 b5b182c7-eab1-4988-aa99-b5c1517008d9,1,19727,-88,1596542484039 0102200b-888f-0100-00cc-7418b1770812,35075,5594,-90,1596542464376 002a9124-e09d-b0a2-edf0-e979b8a2b4b0,11325,27050,-75,1596542524168 b5b182c7-eab1-4988-aa99-b5c1517008d9,1,9863,-80,1596542464405 0034e773-2f19-ee22-b596-56b0517d1005,11036,26421,-93,1596542514702
1596542528806 007e311a-1c5c-450b-0adb-e7e9116b8e66,56092,21010,-92,1596542471168 b5b182c7-eab1-4988-aa99-b5c1517008d9,1,55302,-82,1596542514568 b5b182c7-eab1-4988-aa99-b5c1517008d9,1,47752,-84,1596542464198 00ba0073-f54d-ee80-caa5-d8d1119c1006,8734,56066,-77,1596542463729 b5b182c7-eab1-4988-aa99-b5c1517008d9,1,31694,-85,1596542494511 00879fa2-02a2-cee6-fc03-05a34f621006,9498,23823,-95,1596542463485 0102202b-998f-0100-008e-c623d7e68c2e,63561,31,-73,1596542494271 0102200b-888f-0100-004c-6d94927c5941,7293,44473,-92,1596542524090 00341a67-ee90-c174-7e4c-150012f11006,19486,42371,-74,1596542513477 b5b182c7-eab1-4988-aa99-b5c1517008d9,1,28164,-90,1596542523762 004ec3ae-f16e-8aa8-8d22-7c4f0a03bef9,51101,5758,-92,1596542469521 b5b182c7-eab1-4988-aa99-b5c1517008d9,1,2954,-78,1596542514404 b5b182c7-eab1-4988-aa99-b5c1517008d9,1,54913,-83,1596542464535 b5b182c7-eab1-4988-aa99-b5c1517008d9,1,256,-89,1596542514632 b5b182c7-eab1-4988-aa99-b5c1517008d9,1,5661,-91,1596542499328 009a0071-9848-8e2d-046b-4e3984b31006,2846,51890,-84,1596542473764 0102202b-888f-0100-00e7-ca3fe9d9da95,14330,54708,-94,1596542484075 b5b182c7-eab1-4988-aa99-b5c1517008d9,1,39045,-90,1596542468676 0102202b-998f-0100-0030-c5ff7c86bd4d,34282,53770,-73,1596542519566 0102202b-998f-0000-008a-52ecc926a3c1,63533,8257,-92,1596542474334 000bfa07-f3f5-d540-2219-50f84b02e6cd,62513,3047,-80,1596542518790 0102200b-668f-0100-0077-12abaf3bb817,5465,34453,-85,1596542524440 00fa3349-b5e4-b111-49ca-16f66bd62233,63949,26688,-79,1596542463769 b5b182c7-eab1-4988-aa99-b5c1517008d9,1,19727,-88,1596542484039 0102200b-888f-0100-00cc-7418b1770812,35075,5594,-90,1596542464376 002a9124-e09d-b0a2-edf0-e979b8a2b4b0,11325,27050,-75,1596542524168 b5b182c7-eab1-4988-aa99-b5c1517008d9,1,9863,-80,1596542464405 00335c80-d8c8-d5cf-5405-e05a4c571005,19228,43902,-73,1596542528806 0034e773-2f19-ee22-b596-56b0517d1005,11036,26421,-93,1596542514702
1596542528957 007e311a-1c5c-450b-0adb-e7e9116b8e66,56092,21010,-92,1596542471168 b5b182c7-eab1-4988-aa99-b5c1517008d9,1,55302,-82,1596542514568 79168cdd-f79a-40dd-a8b8-945f7c0f11c7,39244,26572,-90,1596542528957 b5b182c7-eab1-4988-aa99-b5c1517008d9,1,47752,-84,1596542464198 00ba0073-f54d-ee80-caa5-d8d1119c1006,8734,56066,-77,1596542463730 b5b182c7-eab1-4988-aa99-b5c1517008d9,1,31694,-85,1596542494511 00879fa2-02a2-cee6-fc03-05a34f621006,9498,23823,-95,1596542463485 0102202b-998f-0100-008e-c623d7e68c2e,63561,31,-73,1596542494271 0102200b-888f-0100-004c-6d94927c5941,7293,44473,-92,1596542524090 00341a67-ee90-c174-7e4c-150012f11006,19486,42371,-74,1596542513477 b5b182c7-eab1-4988-aa99-b5c1517008d9,1,28164,-90,1596542523762 004ec3ae-f16e-8aa8-8d22-7c4f0a03bef9,51101,5758,-92,1596542469521 b5b182c7-eab1-4988-aa99-b5c1517008d9,1,2954,-78,1596542514404 b5b182c7-eab1-4988-aa99-b5c1517008d9,1,54913,-83,1596542464535 b5b182c7-eab1-4988-aa99-b5c1517008d9,1,256,-89,1596542514632 b5b182c7-eab1-4988-aa99-b5c1517008d9,1,5661,-91,1596542499328 009a0071-9848-8e2d-046b-4e3984b31006,2846,51890,-84,1596542473764 0102202b-888f-0100-00e7-ca3fe9d9da95,14330,54708,-94,1596542484075 b5b182c7-eab1-4988-aa99-b5c1517008d9,1,39045,-90,1596542468676 0102202b-998f-0100-0030-c5ff7c86bd4d,34282,53770,-73,1596542519566 0102202b-998f-0000-008a-52ecc926a3c1,63533,8257,-92,1596542474334 000bfa07-f3f5-d540-2219-50f84b02e6cd,62513,3047,-80,1596542518790 0102200b-668f-0100-0077-12abaf3bb817,5465,34453,-85,1596542524440 00fa3349-b5e4-b111-49ca-16f66bd62233,63949,26688,-79,1596542463770 b5b182c7-eab1-4988-aa99-b5c1517008d9,1,19727,-88,1596542484039 0102200b-888f-0100-00cc-7418b1770812,35075,5594,-90,1596542464376 002a9124-e09d-b0a2-edf0-e979b8a2b4b0,11325,27050,-75,1596542524168 b5b182c7-eab1-4988-aa99-b5c1517008d9,1,9863,-80,1596542464405 00335c80-d8c8-d5cf-5405-e05a4c571005,19228,43902,-73,1596542528806 0034e773-2f19-ee22-b596-56b0517d1005,11036,26421,-93,1596542514702
1596542528989 007e311a-1c5c-450b-0adb-e7e9116b8e66,56092,21010,-92,1596542471168 b5b182c7-eab1-4988-aa99-b5c1517008d9,1,55302,-82,1596542514568 79168cdd-f79a-40dd-a8b8-945f7c0f11c7,39244,26572,-90,1596542528957 b5b182c7-eab1-4988-aa99-b5c1517008d9,1,47752,-84,1596542464198 00ba0073-f54d-ee80-caa5-d8d1119c1006,8734,56066,-77,1596542463730 b5b182c7-eab1-4988-aa99-b5c1517008d9,1,31694,-85,1596542494511 00879fa2-02a2-cee6-fc03-05a34f621006,9498,23823,-95,1596542463485 0102202b-998f-0100-008e-c623d7e68c2e,63561,31,-73,1596542494270 0102200b-888f-0100-004c-6d94927c5941,7293,44473,-92,1596542524089 1cd7412e-a3b1-4084-a538-d07975e147f4,51892,37919,-96,1596542528988 00341a67-ee90-c174-7e4c-150012f11006,19486,42371,-74,1596542513477 b5b182c7-eab1-4988-aa99-b5c1517008d9,1,28164,-90,1596542523762 004ec3ae-f16e-8aa8-8d22-7c4f0a03bef9,51101,5758,-92,1596542469521 b5b182c7-eab1-4988-aa99-b5c1517008d9,1,2954,-78,1596542514404 b5b182c7-eab1-4988-aa99-b5c1517008d9,1,54913,-83,1596542464535 b5b182c7-eab1-4988-aa99-b5c1517008d9,1,256,-89,1596542514632 b5b182c7-eab1-4988-aa99-b5c1517008d9,1,5661,-91,1596542499328 009a0071-9848-8e2d-046b-4e3984b31006,2846,51890,-84,1596542473764 0102202b-888f-0100-00e7-ca3fe9d9da95,14330,54708,-94,1596542484075 b5b182c7-eab1-4988-aa99-b5c1517008d9,1,39045,-90,1596542468676 0102202b-998f-0100-0030-c5ff7c86bd4d,34282,53770,-73,1596542519566 0102202b-998f-0000-008a-52ecc926a3c1,63533,8257,-92,1596542474334 000bfa07-f3f5-d540-2219-50f84b02e6cd,62513,3047,-80,1596542518790 0102200b-668f-0100-0077-12abaf3bb817,5465,34453,-85,1596542524440 00fa3349-b5e4-b111-49ca-16f66bd62233,63949,26688,-79,1596542463770 b5b182c7-eab1-4988-aa99-b5c1517008d9,1,19727,-88,1596542484039 0102200b-888f-0100-00cc-7418b1770812,35075,5594,-90,1596542464376 002a9124-e09d-b0a2-edf0-e979b8a2b4b0,11325,27050,-75,1596542524168 b5b182c7-eab1-4988-aa99-b5c1517008d9,1,9863,-80,1596542464405 00335c80-d8c8-d5cf-5405-e05a4c571005,19228,43902,-73,1596542528806 0034e773-2f19-ee22-b596-56b0517d1005,11036,26421,-93,1596542514701
1596542529073 007e311a-1c5c-450b-0adb-e7e9116b8e66,56092,21010,-92,1596542471168 b5b182c7-eab1-4988-aa99-b5c1517008d9,1,55302,-82,1596542514568 79168cdd-f79a-40dd-a8b8-945f7c0f11c7,39244,26572,-90,1596542528957 b5b182c7-eab1-4988-aa99-b5c1517008d9,1,47752,-84,1596542464198 00ba0073-f54d-ee80-caa5-d8d1119c1006,8734,56066,-77,1596542463730 b5b182c7-eab1-4988-aa99-b5c1517008d9,1,31694,-85,1596542494511 00879fa2-02a2-cee6-fc03-05a34f621006,9498,23823,-95,1596542463485 0102202b-998f-0100-008e-c623d7e68c2e,63561,31,-73,1596542494271 0102200b-888f-0100-004c-6d94927c5941,7293,44473,-92,1596542524090 1cd7412e-a3b1-4084-a538-d07975e147f4,51892,37919,-96,1596542528989 00341a67-ee90-c174-7e4c-150012f11006,19486,42371,-74,1596542513477 b5b182c7-eab1-4988-aa99-b5c1517008d9,1,28164,-90,1596542523762 004ec3ae-f16e-8aa8-8d22-7c4f0a03bef9,51101,5758,-92,1596542469521 b5b182c7-eab1-4988-aa99-b5c1517008d9,1,2954,-78,1596542514404 b5b182c7-eab1-4988-aa99-b5c1517008d9,1,54913,-83,1596542464535 b5b182c7-eab1-4988-aa99-b5c1517008d9,1,256,-89,1596542514631 b5b182c7-eab1-4988-aa99-b5c1517008d9,1,5661,-91,1596542499327 009a0071-9848-8e2d-046b-4e3984b31006,2846,51890,-84,1596542473764 0102202b-888f-0100-00e7-ca3fe9d9da95,14330,54708,-94,1596542484075 b5b182c7-eab1-4988-aa99-b5c1517008d9,1,39045,-90,1596542468676 0102202b-998f-0100-0030-c5ff7c86bd4d,34282,53770,-73,1596542519566 0102202b-998f-0000-008a-52ecc926a3c1,63533,8257,-92,1596542474334 000bfa07-f3f5-d540-2219-50f84b02e6cd,62513,3047,-80,1596542518790 0102200b-668f-0100-0077-12abaf3bb817,5465,34453,-85,1596542524439 00fa3349-b5e4-b111-49ca-16f66bd62233,63949,26688,-79,1596542463770 b5b182c7-eab1-4988-aa99-b5c1517008d9,1,19727,-88,1596542484039 0102200b-888f-0100-00cc-7418b1770812,35075,5594,-90,1596542464376 002a9124-e09d-b0a2-edf0-e979b8a2b4b0,11325,27050,-75,1596542529073 b5b182c7-eab1-4988-aa99-b5c1517008d9,1,9863,-80,1596542464405 00335c80-d8c8-d5cf-5405-e05a4c571005,19228,43902,-73,1596542528806 0034e773-2f19-ee22-b596-56b0517d1005,11036,26421,-93,1596542514702
1596542529304 007e311a-1c5c-450b-0adb-e7e9116b8e66,56092,21010,-92,1596542471168 b5b182c7-eab1-4988-aa99-b5c1517008d9,1,55302,-82,1596542514568 79168cdd-f79a-40dd-a8b8-945f7c0f11c7,39244,26572,-90,1596542528957 b5b182c7-eab1-4988-aa99-b5c1517008d9,1,47752,-84,1596542464198 00ba0073-f54d-ee80-caa5-d8d1119c1006,8734,56066,-77,1596542463730 b5b182c7-eab1-4988-aa99-b5c1517008d9,1,31694,-85,1596542494511 00879fa2-02a2-cee6-fc03-05a34f621006,9498,23823,-95,1596542463485 0102202b-998f-0100-008e-c623d7e68c2e,63561,31,-73,1596542494271 0102200b-888f-0100-004c-6d94927c5941,7293,44473,-92,1596542524090 1cd7412e-a3b1-4084-a538-d07975e147f4,51892,37919,-96,1596542528989 00341a67-ee90-c174-7e4c-150012f11006,19486,42371,-74,1596542513477 b5b182c7-eab1-4988-aa99-b5c1517008d9,1,28164,-90,1596542523762 004ec3ae-f16e-8aa8-8d22-7c4f0a03bef9,51101,5758,-92,1596542469521 b5b182c7-eab1-4988-aa99-b5c1517008d9,1,2954,-78,1596542529304 b5b182c7-eab1-4988-aa99-b5c1517008d9,1,54913,-83,1596542464535 b5b182c7-eab1-4988-aa99-b5c1517008d9,1,256,-89,1596542514632 b5b182c7-eab1-4988-aa99-b5c1517008d9,1,5661,-91,1596542499328 009a0071-9848-8e2d-046b-4e3984b31006,2846,51890,-84,1596542473764 0102202b-888f-0100-00e7-ca3fe9d9da95,14330,54708,-94,1596542484075 b5b182c7-eab1-4988-aa99-b5c1517008d9,1,39045,-90,1596542468676 0102202b-998f-0100-0030-c5ff7c86bd4d,34282,53770,-73,1596542519566 0102202b-998f-0000-008a-52ecc926a3c1,63533,8257,-92,1596542474334 000bfa07-f3f5-d540-2219-50f84b02e6cd,62513,3047,-80,1596542518790 0102200b-668f-0100-0077-12abaf3bb817,5465,34453,-85,1596542524440 00fa3349-b5e4-b111-49ca-16f66bd62233,63949,26688,-79,1596542463770 b5b182c7-eab1-4988-aa99-b5c1517008d9,1,19727,-88,1596542484039 0102200b-888f-0100-00cc-7418b1770812,35075,5594,-90,1596542464376 002a9124-e09d-b0a2-edf0-e979b8a2b4b0,11325,27050,-75,1596542529073 b5b182c7-eab1-4988-aa99-b5c1517008d9,1,9863,-80,1596542464405 00335c80-d8c8-d5cf-5405-e05a4c571005,19228,43902,-73,1596542528806 0034e773-2f19-ee22-b596-56b0517d1005,11036,26421,-93,1596542514702
1596542529649 007e311a-1c5c-450b-0adb-e7e9116b8e66,56092,21010,-92,1596542471168 b5b182c7-eab1-4988-aa99-b5c1517008d9,1,55302,-82,1596542514568 79168cdd-f79a-40dd-a8b8-945f7c0f11c7,39244,26572,-90,1596542528957 b5b182c7-eab1-4988-aa99-b5c1517008d9,1,47752,-84,1596542464198 00ba0073-f54d-ee80-caa5-d8d1119c1006,8734,56066,-77,1596542463730 b5b182c7-eab1-4988-aa99-b5c1517008d9,1,31694,-85,1596542494511 00879fa2-02a2-cee6-fc03-05a34f621006,9498,23823,-95,1596542463485 0102202b-998f-0100-008e-c623d7e68c2e,63561,31,-73,1596542494271 0102200b-888f-0100-004c-6d94927c5941,7293,44473,-92,1596542524090 b28e7807-3517-4048-90cd-29e4826ae511,28856,58963,-91,1596542529649 1cd7412e-a3b1-4084-a538-d07975e147f4,51892,37919,-96,1596542528989 00341a67-ee90-c174-7e4c-150012f11006,19486,42371,-74,1596542513477 b5b182c7-eab1-4988-aa99-b5c1517008d9,1,28164,-90,1596542523762 004ec3ae-f16e-8aa8-8d22-7c4f0a03bef9,51101,5758,-92,1596542469521 b5b182c7-eab1-4988-aa99-b5c1517008d9,1,2954,-78,1596542529304 b5b182c7-eab1-4988-aa99-b5c1517008d9,1,54913,-83,1596542464535 b5b182c7-eab1-4988-aa99-b5c1517008d9,1,256,-89,1596542514632 b5b182c7-eab1-4988-aa99-b5c1517008d9,1,5661,-91,1596542499328 009a0071-9848-8e2d-046b-4e3984b31006,2846,51890,-84,1596542473764 0102202b-888f-0100-00e7-ca3fe9d9da95,14330,54708,-94,1596542484075 b5b182c7-eab1-4988-aa99-b5c1517008d9,1,39045,-90,1596542468676 0102202b-998f-0100-0030-c5ff7c86bd4d,34282,53770,-73,1596542519566 0102202b-998f-0000-008a-52ecc926a3c1,63533,8257,-92,1596542474334 000bfa07-f3f5-d540-2219-50f84b02e6cd,62513,3047,-80,1596542518790 0102200b-668f-0100-0077-12abaf3bb817,5465,34453,-85,1596542524440 00fa3349-b5e4-b111-49ca-16f66bd62233,63949,26688,-79,1596542463770 b5b182c7-eab1-4988-aa99-b5c1517008d9,1,19727,-88,1596542484039 0102200b-888f-0100-00cc-7418b1770812,35075,5594,-90,1596542464376 002a9124-e09d-b0a2-edf0-e979b8a2b4b0,11325,27050,-75,1596542529072 b5b182c7-eab1-4988-aa99-b5c1517008d9,1,9863,-80,1596542464404 00335c80-d8c8-d5cf-5405-e05a4c571005,19228,43902,-73,1596542528806 0034e773-2f19-ee22-b596-56b0517d1005,11036,26421,-93,1596542514702
1596542529683 007e311a-1c5c-450b-0adb-e7e9116b8e66,56092,21010,-92,1596542471167 b5b182c7-eab1-4988-aa99-b5c1517008d9,1,55302,-82,1596542514568 79168cdd-f79a-40dd-a8b8-945f7c0f11c7,39244,26572,-90,1596542528957 b5b182c7-eab1-4988-aa99-b5c1517008d9,1,47752,-84,1596542464198 00ba0073-f54d-ee80-caa5-d8d1119c1006,8734,56066,-77,1596542463730 b5b182c7-eab1-4988-aa99-b5c1517008d9,1,31694,-85,1596542494511 00879fa2-02a2-cee6-fc03-05a34f621006,9498,23823,-95,1596542463485 0102202b-998f-0100-008e-c623d7e68c2e,63561,31,-73,1596542494271 0102200b-888f-0100-004c-6d94927c5941,7293,44473,-92,1596542524090 b28e7807-3517-4048-90cd-29e4826ae511,28856,58963,-91,1596542529649 1cd7412e-a3b1-4084-a538-d07975e147f4,51892,37919,-96,1596542528989 00341a67-ee90-c174-7e4c-150012f11006,19486,42371,-74,1596542513477 b5b182c7-eab1-4988-aa99-b5c1517008d9,1,28164,-90,1596542523762 004ec3ae-f16e-8aa8-8d22-7c4f0a03bef9,51101,5758,-92,1596542469521 b5b182c7-eab1-4988-aa99-b5c1517008d9,1,2954,-78,1596542529304 b5b182c7-eab1-4988-aa99-b5c1517008d9,1,54913,-83,1596542464535 b5b182c7-eab1-4988-aa99-b5c1517008d9,1,256,-89,1596542514632 b5b182c7-eab1-4988-aa99-b5c1517008d9,1,5661,-91,1596542499328 009a0071-9848-8e2d-046b-4e3984b31006,2846,51890,-84,1596542473764 0102202b-888f-0100-00e7-ca3fe9d9da95,14330,54708,-94,1596542484075 b5b182c7-eab1-4988-aa99-b5c1517008d9,1,39045,-90,1596542468676 0102202b-998f-0100-0030-c5ff7c86bd4d,34282,53770,-73,1596542529682 0102202b-998f-0000-008a-52ecc926a3c1,63533,8257,-92,1596542474334 000bfa07-f3f5-d540-2219-50f84b02e6cd,62513,3047,-80,1596542518790 0102200b-668f-0100-0077-12abaf3bb817,5465,34453,-85,1596542524440 00fa3349-b5e4-b111-49ca-16f66bd62233,63949,26688,-79,1596542463770 b5b182c7-eab1-4988-aa99-b5c1517008d9,1,19727,-88,1596542484039 0102200b-888f-0100-00cc-7418b1770812,35075,5594,-90,1596542464376 002a9124-e09d-b0a2-edf0-e979b8a2b4b0,11325,27050,-75,1596542529073 b5b182c7-eab1-4988-aa99-b5c1517008d9,1,9863,-80,1596542464405 00335c80-d8c8-d5cf-5405-e05a4c571005,19228,43902,-73,1596542528806 0034e773-2f19-ee22-b596-56b0517d1005,11036,26421,-93,1596542514702
1596542529791 007e311a-1c5c-450b-0adb-e7e9116b8e66,56092,21010,-92,1596542471168 b5b182c7-eab1-4988-aa99-b5c1517008d9,1,55302,-82,1596542514568 79168cdd-f79a-40dd-a8b8-945f7c0f11c7,39244,26572,-90,1596542528957 b5b182c7-eab1-4988-aa99-b5c1517008d9,1,47752,-84,1596542464198 00ba0073-f54d-ee80-caa5-d8d1119c1006,8734,56066,-77,1596542463730 b5b182c7-eab1-4988-aa99-b5c1517008d9,1,31694,-85,1596542494511 00879fa2-02a2-cee6-fc03-05a34f621006,9498,23823,-95,1596542463485 0102202b-998f-0100-008e-c623d7e68c2e,63561,31,-73,1596542494271 0102200b-888f-0100-004c-6d94927c5941,7293,44473,-92,1596542524090 b28e7807-3517-4048-90cd-29e4826ae511,28856,58963,-91,1596542529649 1cd7412e-a3b1-4084-a538-d07975e147f4,51892,37919,-96,1596542528989 00341a67-ee90-c174-7e4c-150012f11006,19486,42371,-74,1596542513477 b5b182c7-eab1-4988-aa99-b5c1517008d9,1,28164,-90,1596542523762 004ec3ae-f16e-8aa8-8d22-7c4f0a03bef9,51101,5758,-92,1596542469521 b5b182c7-eab1-4988-aa99-b5c1517008d9,1,2954,-78,1596542529304 b5b182c7-eab1-4988-aa99-b5c1517008d9,1,54913,-83,1596542464535 b5b182c7-eab1-4988-aa99-b5c1517008d9,1,256,-89,1596542514632 b5b182c7-eab1-4988-aa99-b5c1517008d9,1,5661,-91,1596542499328 009a0071-9848-8e2d-046b-4e3984b31006,2846,51890,-84,1596542473764 0102202b-888f-0100-00e7-ca3fe9d9da95,14330,54708,-94,1596542484075 b5b182c7-eab1-4988-aa99-b5c1517008d9,1,29707,-88,1596542529791 b5b182c7-eab1-4988-aa99-b5c1517008d9,1,39045,-90,1596542468676 0102202b-998f-0100-0030-c5ff7c86bd4d,34282,53770,-73,1596542529683 0102202b-998f-0000-008a-52ecc926a3c1,63533,8257,-92,1596542474334 000bfa07-f3f5-d540-2219-50f84b02e6cd,62513,3047,-80,1596542518789 0102200b-668f-0100-0077-12abaf3bb817,5465,34453,-85,1596542524439 00fa3349-b5e4-b111-49ca-16f66bd62233,63949,26688,-79,1596542463770 b5b182c7-eab1-4988-aa99-b5c1517008d9,1,19727,-88,1596542484039 0102200b-888f-0100-00cc-7418b1770812,35075,5594,-90,1596542464376 002a9124-e09d-b0a2-edf0-e979b8a2b4b0,11325,27050,-75,1596542529073 b5b182c7-eab1-4988-aa99-b5c1517008d9,1,9863,-80,1596542464405 00335c80-d8c8-d5cf-5405-e05a4c571005,19228,43902,-73,1596542528806 0034e773-2f19-ee22-b596-56b0517d1005,11036,26421,-93,1596542514702
1596542529972 007e311a-1c5c-450b-0adb-e7e9116b8e66,56092,21010,-92,1596542471168 b5b182c7-eab1-4988-aa99-b5c1517008d9,1,55302,-82,1596542514568 79168cdd-f79a-40dd-a8b8-945f7c0f11c7,39244,26572,-90,1596542528957 b5b182c7-eab1-4988-aa99-b5c1517008d9,1,47752,-84,1596542464198 00ba0073-f54d-ee80-caa5-d8d1119c1006,8734,56066,-77,1596542463730 b5b182c7-eab1-4988-aa99-b5c1517008d9,1,31694,-85,1596542494511 00879fa2-02a2-cee6-fc03-05a34f621006,9498,23823,-95,1596542463485 0102202b-998f-0100-008e-c623d7e68c2e,63561,31,-73,1596542494271 0102200b-888f-0100-004c-6d94927c5941,7293,44473,-92,1596542524090 b28e7807-3517-4048-90cd-29e4826ae511,28856,58963,-91,1596542529649 1cd7412e-a3b1-4084-a538-d07975e147f4,51892,37919,-96,1596542528989 00341a67-ee90-c174-7e4c-150012f11006,19486,42371,-74,1596542513477 b5b182c7-eab1-4988-aa99-b5c1517008d9,1,28164,-90,1596542523761 004ec3ae-f16e-8aa8-8d22-7c4f0a03bef9,51101,5758,-92,1596542469520 b5b182c7-eab1-4988-aa99-b5c1517008d9,1,2954,-78,1596542529304 b5b182c7-eab1-4988-aa99-b5c1517008d9,1,54913,-83,1596542464535 b5b182c7-eab1-4988-aa99-b5c1517008d9,1,256,-89,1596542514632 b5b182c7-eab1-4988-aa99-b5c1517008d9,1,5661,-91,1596542499328 009a0071-9848-8e2d-046b-4e3984b31006,2846,51890,-84,1596542473764 0102202b-888f-0100-00e7-ca3fe9d9da95,14330,54708,-94,1596542484075 b5b182c7-eab1-4988-aa99-b5c1517008d9,1,29707,-88,1596542529791 b5b182c7-eab1-4988-aa99-b5c1517008d9,1,39045,-90,1596542468676 0102202b-998f-0100-0030-c5ff7c86bd4d,34282,53770,-73,1596542529972 0102202b-998f-0000-008a-52ecc926a3c1,63533,8257,-92,1596542474334 000bfa07-f3f5-d540-2219-50f84b02e6cd,62513,3047,-80,1596542518790 0102200b-668f-0100-0077-12abaf3bb817,5465,34453,-85,1596542524440 00fa3349-b5e4-b111-49ca-16f66bd62233,63949,26688,-79,1596542463770 b5b182c7-eab1-4988-aa99-b5c1517008d9,1,19727,-88,1596542484039 0102200b-888f-0100-00cc-7418b1770812,35075,5594,-90,1596542464375 002a9124-e09d-b0a2-edf0-e979b8a2b4b0,11325,27050,-75,1596542529073 b5b182c7-eab1-4988-aa99-b5c1517008d9,1,9863,-80,1596542464405 00335c80-d8c8-d5cf-5405-e05a4c571005,19228,43902,-73,1596542528806 0034e773-2f19-ee22-b596-56b0517d1005,11036,26421,-93,1596542514702
1596542530414 007e311a-1c5c-450b-0adb-e7e9116b8e66,56092,21010,-92,1596542471168 b5b182c7-eab1-4988-aa99-b5c1517008d9,1,55302,-82,1596542514568 79168cdd-f79a-40dd-a8b8-945f7c0f11c7,39244,26572,-90,1596542528957 b5b182c7-eab1-4988-aa99-b5c1517008d9,1,47752,-84,1596542464198 00ba0073-f54d-ee80-caa5-d8d1119c1006,8734,56066,-77,1596542463730 b5b182c7-eab1-4988-aa99-b5c1517008d9,1,31694,-85,1596542494511 00879fa2-02a2-cee6-fc03-05a34f621006,9498,23823,-95,1596542463485 0102202b-998f-0100-008e-c623d7e68c2e,63561,31,-73,1596542494271 0102200b-888f-0100-004c-6d94927c5941,7293,44473,-92,1596542524090 b28e7807-3517-4048-90cd-29e4826ae511,28856,58963,-91,1596542529649 1cd7412e-a3b1-4084-a538-d07975e147f4,51892,37919,-96,1596542528989 00341a67-ee90-c174-7e4c-150012f11006,19486,42371,-74,1596542513477 b5b182c7-eab1-4988-aa99-b5c1517008d9,1,28164,-90,1596542523762 004ec3ae-f16e-8aa8-8d22-7c4f0a03bef9,51101,5758,-92,1596542469521 b5b182c7-eab1-4988-aa99-b5c1517008d9,1,2954,-78,1596542529304 b5b182c7-eab1-4988-aa99-b5c1517008d9,1,54913,-83,1596542464535 b5b182c7-eab1-4988-aa99-b5c1517008d9,1,16270,-87,1596542530414 b5b182c7-eab1-4988-aa99-b5c1517008d9,1,256,-89,1596542514632 b5b182c7-eab1-4988-aa99-b5c1517008d9,1,5661,-91,1596542499327 009a0071-9848-8e2d-046b-4e3984b31006,2846,51890,-84,1596542473763 0102202b-888f-0100-00e7-ca3fe9d9da95,14330,54708,-94,1596542484075 b5b182c7-eab1-4988-aa99-b5c1517008d9,1,29707,-88,1596542529791 b5b182c7-eab1-4988-aa99-b5c1517008d9,1,39045,-90,1596542468676 0102202b-998f-0100-0030-c5ff7c86bd4d,34282,53770,-73,1596542529972 0102202b-998f-0000-008a-52ecc926a3c1,63533,8257,-92,1596542474334 000bfa07-f3f5-d540-2219-50f84b02e6cd,62513,3047,-80,1596542518790 0102200b-668f-0100-0077-12abaf3bb817,5465,34453,-85,1596542524440 00fa3349-b5e4-b111-49ca-16f66bd62233,63949,26688,-79,1596542463770 b5b182c7-eab1-4988-aa99-b5c1517008d9,1,19727,-88,1596542484039 0102200b-888f-0100-00cc-7418b1770812,35075,5594,-90,1596542464376 002a9124-e09d-b0a2-edf0-e979b8a2b4b0,11325,27050,-75,1596542529073 b5b182c7-eab1-4988-aa99-b5c1517008d9,1,9863,-80,1596542464405 00335c80-d8c8-d5cf-5405-e05a4c571005,19228,43902,-73,1596542528806 0034e773-2f19-ee22-b596-56b0517d1005,11036,26421,-93,1596542514702
1596542530627 007e311a-1c5c-450b-0adb-e7e9116b8e66,56092,21010,-92,1596542471167 b5b182c7-eab1-4988-aa99-b5c1517008d9,1,55302,-82,1596542514567 79168cdd-f79a-40dd-a8b8-945f7c0f11c7,39244,26572,-90,1596542528957 b5b182c7-eab1-4988-aa99-b5c1517008d9,1,47752,-84,1596542464198 00ba0073-f54d-ee80-caa5-d8d1119c1006,8734,56066,-77,1596542463730 b5b182c7-eab1-4988-aa99-b5c1517008d9,1,31694,-85,1596542494511 00879fa2-02a2-cee6-fc03-05a34f621006,9498,23823,-95,1596542463485 0102202b-998f-0100-008e-c623d7e68c2e,63561,31,-73,1596542494271 0102200b-888f-0100-004c-6d94927c5941,7293,44473,-92,1596542524090 b28e7807-3517-4048-90cd-29e4826ae511,28856,58963,-91,1596542529649 1cd7412e-a3b1-4084-a538-d07975e147f4,51892,37919,-96,1596542528989 00341a67-ee90-c174-7e4c-150012f11006,19486,42371,-74,1596542513477 b5b182c7-eab1-4988-aa99-b5c1517008d9,1,28164,-90,1596542523762 004ec3ae-f16e-8aa8-8d22-7c4f0a03bef9,51101,5758,-92,1596542469521 b5b182c7-eab1-4988-aa99-b5c1517008d9,1,2954,-78,1596542529304 b5b182c7-eab1-4988-aa99-b5c1517008d9,1,54913,-83,1596542464535 b5b182c7-eab1-4988-aa99-b5c1517008d9,1,16270,-87,1596542530414 b5b182c7-eab1-4988-aa99-b5c1517008d9,1,256,-89,1596542514632 b5b182c7-eab1-4988-aa99-b5c1517008d9,1,5661,-91,1596542499328 009a0071-9848-8e2d-046b-4e3984b31006,2846,51890,-84,1596542473764 0102202b-888f-0100-00e7-ca3fe9d9da95,14330,54708,-94,1596542484075 b5b182c7-eab1-4988-aa99-b5c1517008d9,1,29707,-88,1596542529790 b5b182c7-eab1-4988-aa99-b5c1517008d9,1,39045,-90,1596542468675 b5b182c7-eab1-4988-aa99-b5c1517008d9,1,42119,-82,1596542530627 0102202b-998f-0100-0030-c5ff7c86bd4d,34282,53770,-73,1596542529972 0102202b-998f-0000-008a-52ecc926a3c1,63533,8257,-92,1596542474334 000bfa07-f3f5-d540-2219-50f84b02e6cd,62513,3047,-80,1596542518790 0102200b-668f-0100-0077-12abaf3bb817,5465,34453,-85,1596542524440 00fa3349-b5e4-b111-49ca-16f66bd62233,63949,26688,-79,1596542463770 b5b182c7-eab1-4988-aa99-b5c1517008d9,1,19727,-88,1596542484039 0102200b-888f-0100-00cc-7418b1770812,35075,5594,-90,1596542464376 002a9124-e09d-b0a2-edf0-e979b8a2b4b0,11325,27050,-75,1596542529073 b5b182c7-eab1-4988-aa99-b5c1517008d9,1,9863,-80,1596542464405 00335c80-d8c8-d5cf-5405-e05a4c571005,19228,43902,-73,1596542528806 0034e773-2f19-ee22-b596-56b0517d1005,11036,26421,-93,1596542514701
1596542530664 007e311a-1c5c-450b-0adb-e7e9116b8e66,56092,21010,-92,1596542471168 b5b182c7-eab1-4988-aa99-b5c1517008d9,1,55302,-82,1596542514568 79168cdd-f79a-40dd-a8b8-945f7c0f11c7,39244,26572,-90,1596542528956 b5b182c7-eab1-4988-aa99-b5c1517008d9,1,47752,-84,1596542464197 00ba0073-f54d-ee80-caa5-d8d1119c1006,8734,56066,-77,1596542463729 b5b182c7-eab1-4988-aa99-b5c1517008d9,1,31694,-85,1596542494510 00879fa2-02a2-cee6-fc03-05a34f621006,9498,23823,-95,1596542463485 0102202b-998f-0100-008e-c623d7e68c2e,63561,31,-73,1596542494271 0102200b-888f-0100-004c-6d94927c5941,7293,44473,-92,1596542524090 b28e7807-3517-4048-90cd-29e4826ae511,28856,58963,-91,1596542529649 1cd7412e-a3b1-4084-a538-d07975e147f4,51892,37919,-96,1596542528989 00341a67-ee90-c174-7e4c-150012f11006,19486,42371,-74,1596542513477 b5b182c7-eab1-4988-aa99-b5c1517008d9,1,28164,-90,1596542523762 004ec3ae-f16e-8aa8-8d22-7c4f0a03bef9,51101,5758,-92,1596542469521 b5b182c7-eab1-4988-aa99-b5c1517008d9,1,2954,-78,1596542529304 b5b182c7-eab1-4988-aa99-b5c1517008d9,1,54913,-83,1596542464535 b5b182c7-eab1-4988-aa99-b5c1517008d9,1,16270,-87,1596542530414 b5b182c7-eab1-4988-aa99-b5c1517008d9,1,256,-89,1596542514632 b5b182c7-eab1-4988-aa99-b5c1517008d9,1,5661,-91,1596542499328 009a0071-9848-8e2d-046b-4e3984b31006,2846,51890,-84,1596542473764 0102202b-888f-0100-00e7-ca3fe9d9da95,14330,54708,-94,1596542484075 b5b182c7-eab1-4988-aa99-b5c1517008d9,1,29707,-88,1596542529791 b5b182c7-eab1-4988-aa99-b5c1517008d9,1,39045,-90,1596542468676 b5b182c7-eab1-4988-aa99-b5c1517008d9,1,42119,-82,1596542530627 0102202b-998f-0100-0030-c5ff7c86bd4d,34282,53770,-73,1596542529972 0102202b-998f-0000-008a-52ecc926a3c1,63533,8257,-92,1596542474334 000bfa07-f3f5-d540-2219-50f84b02e6cd,62513,3047,-80,1596542518790 0102200b-668f-0100-0077-12abaf3bb817,5465,34453,-85,1596542530663 00fa3349-b5e4-b111-49ca-16f66bd62233,63949,26688,-79,1596542463770 b5b182c7-eab1-4988-aa99-b5c1517008d9,1,19727,-88,1596542484039 0102200b-888f-0100-00cc-7418b1770812,35075,5594,-90,1596542464376 002a9124-e09d-b0a2-edf0-e979b8a2b4b0,11325,27050,-75,1596542529073 b5b182c7-eab1-4988-aa99-b5c1517008d9,1,9863,-80,1596542464405 00335c80-d8c8-d5cf-5405-e05a4c571005,19228,43902,-73,1596542528806 0034e773-2f19-ee22-b596-56b0517d1005,11036,26421,-93,1596542514702
1596542530764 007e311a-1c5c-450b-0adb-e7e9116b8e66,56092,21010,-92,1596542471167 b5b182c7-eab1-4988-aa99-b5c1517008d9,1,55302,-82,1596542514568 79168cdd-f79a-40dd-a8b8-945f7c0f11c7,39244,26572,-90,1596542528957 b5b182c7-eab1-4988-aa99-b5c1517008d9,1,47752,-84,1596542464198 00ba0073-f54d-ee80-caa5-d8d1119c1006,8734,56066,-77,1596542463730 b5b182c7-eab1-4988-aa99-b5c1517008d9,1,31694,-85,1596542494511 00879fa2-02a2-cee6-fc03-05a34f621006,9498,23823,-95,1596542463485 0102202b-998f-0100-008e-c623d7e68c2e,63561,31,-73,1596542494271 0102200b-888f-0100-004c-6d94927c5941,7293,44473,-92,1596542524090 b28e7807-3517-4048-90cd-29e4826ae511,28856,58963,-91,1596542529649 1cd7412e-a3b1-4084-a538-d07975e147f4,51892,37919,-96,1596542528989 00341a67-ee90-c174-7e4c-150012f11006,19486,42371,-74,1596542513477 b5b182c7-eab1-4988-aa99-b5c1517008d9,1,28164,-90,1596542523762 004ec3ae-f16e-8aa8-8d22-7c4f0a03bef9,51101,5758,-92,1596542469521 b5b182c7-eab1-4988-aa99-b5c1517008d9,1,2954,-78,1596542529304 b5b182c7-eab1-4988-aa99-b5c1517008d9,1,54913,-83,1596542464535 b5b182c7-eab1-4988-aa99-b5c1517008d9,1,16270,-87,1596542530414 b5b182c7-eab1-4988-aa99-b5c1517008d9,1,256,-89,1596542514632 b5b182c7-eab1-4988-aa99-b5c1517008d9,1,5661,-91,1596542499328 009a0071-9848-8e2d-046b-4e3984b31006,2846,51890,-84,1596542473764 0102202b-888f-0100-00e7-ca3fe9d9da95,14330,54708,-94,1596542484075 b5b182c7-eab1-4988-aa99-b5c1517008d9,1,29707,-88,1596542529791 b5b182c7-eab1-4988-aa99-b5c1517008d9,1,39045,-90,1596542530764 b5b182c7-eab1-4988-aa99-b5c1517008d9,1,42119,-82,1596542530627 0102202b-998f-0100-0030-c5ff7c86bd4d,34282,53770,-73,1596542529972 0102202b-998f-0000-008a-52ecc926a3c1,63533,8257,-92,1596542474333 000bfa07-f3f5-d540-2219-50f84b02e6cd,62513,3047,-80,1596542518789 0102200b-668f-0100-0077-12abaf3bb817,5465,34453,-85,1596542530664 00fa3349-b5e4-b111-49ca-16f66bd62233,63949,26688,-79,1596542463770 b5b182c7-eab1-4988-aa99-b5c1517008d9,1,19727,-88,1596542484039 0102200b-888f-0100-00cc-7418b1770812,35075,5594,-90,1596542464376 002a9124-e09d-b0a2-edf0-e979b8a2b4b0,11325,27050,-75,1596542529073 b5b182c7-eab1-4988-aa99-b5c1517008d9,1,9863,-80,1596542464405 00335c80-d8c8-d5cf-5405-e05a4c571005,19228,43902,-73,1596542528806 0034e773-2f19-ee22-b596-56b0517d1005,11036,26421,-93,1596542514702
1596542530874 007e311a-1c5c-450b-0adb-e7e9116b8e66,56092,21010,-92,1596542471168 b5b182c7-eab1-4988-aa99-b5c1517008d9,1,55302,-82,1596542514568 79168cdd-f79a-40dd-a8b8-945f7c0f11c7,39244,26572,-90,1596542528957 b5b182c7-eab1-4988-aa99-b5c1517008d9,1,47752,-84,1596542464198 00ba0073-f54d-ee80-caa5-d8d1119c1006,8734,56066,-77,1596542463730 b5b182c7-eab1-4988-aa99-b5c1517008d9,1,31694,-85,1596542494511 00879fa2-02a2-cee6-fc03-05a34f621006,9498,23823,-95,1596542463485 0102202b-998f-0100-008e-c623d7e68c2e,63561,31,-73,1596542494271 0102200b-888f-0100-004c-6d94927c5941,7293,44473,-92,1596542524090 b28e7807-3517-4048-90cd-29e4826ae511,28856,58963,-91,1596542529649 1cd7412e-a3b1-4084-a538-d07975e147f4,51892,37919,-96,1596542528989 00341a67-ee90-c174-7e4c-150012f11006,19486,42371,-74,1596542513477 b5b182c7-eab1-4988-aa99-b5c1517008d9,1,28164,-90,1596542523762 004ec3ae-f16e-8aa8-8d22-7c4f0a03bef9,51101,5758,-92,1596542469521 b5b182c7-eab1-4988-aa99-b5c1517008d9,1,2954,-78,1596542529304 b5b182c7-eab1-4988-aa99-b5c1517008d9,1,54913,-83,1596542530873 b5b182c7-eab1-4988-aa99-b5c1517008d9,1,16270,-87,1596542530413 b5b182c7-eab1-4988-aa99-b5c1517008d9,1,256,-89,1596542514632 b5b182c7-eab1-4988-aa99-b5c1517008d9,1,5661,-91,1596542499328 009a0071-9848-8e2d-046b-4e3984b31006,2846,51890,-84,1596542473764 0102202b-888f-0100-00e7-ca3fe9d9da95,14330,54708,-94,1596542484075 b5b182c7-eab1-4988-aa99-b5c1517008d9,1,29707,-88,1596542529791 b5b182c7-eab1-4988-aa99-b5c1517008d9,1,39045,-90,1596542530764 b5b182c7-eab1-4988-aa99-b5c1517008d9,1,42119,-82,1596542530627 0102202b-998f-0100-0030-c5ff7c86bd4d,34282,53770,-73,1596542529972 0102202b-998f-0000-008a-52ecc926a3c1,63533,8257,-92,1596542474334 000bfa07-f3f5-d540-2219-50f84b02e6cd,62513,3047,-80,1596542518790 0102200b-668f-0100-0077-12abaf3bb817,5465,34453,-85,1596542530664 00fa3349-b5e4-b111-49ca-16f66bd62233,63949,26688,-79,1596542463770 b5b182c7-eab1-4988-aa99-b5c1517008d9,1,19727,-88,1596542484039 0102200b-888f-0100-00cc-7418b1770812,35075,5594,-90,1596542464376 002a9124-e09d-b0a2-edf0-e979b8a2b4b0,11325,27050,-75,1596542529073 b5b182c7-eab1-4988-aa99-b5c1517008d9,1,9863,-80,1596542464405 00335c80-d8c8-d5cf-5405-e05a4c571005,19228,43902,-73,1596542528806 0034e773-2f19-ee22-b596-56b0517d1005,11036,26421,-93,1596542514701
1596542531096 007e311a-1c5c-450b-0adb-e7e9116b8e66,56092,21010,-92,1596542471168 b5b182c7-eab1-4988-aa99-b5c1517008d9,1,55302,-82,1596542514568 79168cdd-f79a-40dd-a8b8-945f7c0f11c7,39244,26572,-90,1596542528957 b5b182c7-eab1-4988-aa99-b5c1517008d9,1,47752,-84,1596542464198 00ba0073-f54d-ee80-caa5-d8d1119c1006,8734,56066,-77,1596542463730 b5b182c7-eab1-4988-aa99-b5c1517008d9,1,31694,-85,1596542494511 00879fa2-02a2-cee6-fc03-05a34f621006,9498,23823,-95,1596542463485 0102202b-998f-0100-008e-c623d7e68c2e,63561,31,-73,1596542494271 0102200b-888f-0100-004c-6d94927c5941,7293,44473,-92,1596542524090 b28e7807-3517-4048-90cd-29e4826ae511,28856,58963,-91,1596542529649 1cd7412e-a3b1-4084-a538-d07975e147f4,51892,37919,-96,1596542528989 00341a67-ee90-c174-7e4c-150012f11006,19486,42371,-74,1596542513477 b5b182c7-eab1-4988-aa99-b5c1517008d9,1,28164,-90,1596542523762 004ec3ae-f16e-8aa8-8d22-7c4f0a03bef9,51101,5758,-92,1596542469521 b5b182c7-eab1-4988-aa99-b5c1517008d9,1,2954,-78,1596542529304 b5b182c7-eab1-4988-aa99-b5c1517008d9,1,54913,-83,1596542530874 b5b182c7-eab1-4988-aa99-b5c1517008d9,1,16270,-87,1596542531097 b5b182c7-eab1-4988-aa99-b5c1517008d9,1,256,-89,1596542514632 b5b182c7-eab1-4988-aa99-b5c1517008d9,1,5661,-91,1596542499328 009a0071-9848-8e2d-046b-4e3984b31006,2846,51890,-84,1596542473764 0102202b-888f-0100-00e7-ca3fe9d9da95,14330,54708,-94,1596542484075 b5b182c7-eab1-4988-aa99-b5c1517008d9,1,29707,-88,1596542529791 b5b182c7-eab1-4988-aa99-b5c1517008d9,1,39045,-90,1596542530764 b5b182c7-eab1-4988-aa99-b5c1517008d9,1,42119,-82,1596542530627 0102202b-998f-0100-0030-c5ff7c86bd4d,34282,53770,-73,1596542529972 0102202b-998f-0000-008a-52ecc926a3c1,63533,8257,-92,1596542474334 000bfa07-f3f5-d540-2219-50f84b02e6cd,62513,3047,-80,1596542518789 0102200b-668f-0100-0077-12abaf3bb817,5465,34453,-85,1596542530663 00fa3349-b5e4-b111-49ca-16f66bd62233,63949,26688,-79,1596542463770 b5b182c7-eab1-4988-aa99-b5c1517008d9,1,19727,-88,1596542484039 0102200b-888f-0100-00cc-7418b1770812,35075,5594,-90,1596542464376 002a9124-e09d-b0a2-edf0-e979b8a2b4b0,11325,27050,-75,1596542529073 b5b182c7-eab1-4988-aa99-b5c1517008d9,1,9863,-80,1596542464405 00335c80-d8c8-d5cf-5405-e05a4c571005,19228,43902,-73,1596542528806 0034e773-2f19-ee22-b596-56b0517d1005,11036,26421,-93,1596542514702
