Started:Mtr_Ctl_5572a8422e8a67cf_409_684_327_744_1596542067235
409.69000244140625,684.11376953125 366.13665771484375,700.1524047851562 327.61553955078125,744.7938232421875 
1596542115107 1596542124207 1596542140480 
1596542119163 0102202b-988f-0000-009a-8fa7f7ce3d51,16623,18448,-81,1596542119163
1596542119301 0102202b-988f-0000-009a-8fa7f7ce3d51,16623,18448,-81,1596542119163 b5b182c7-eab1-4988-aa99-b5c1517008d9,1,29297,-88,1596542119301
1596542119485 0102202b-988f-0000-009a-8fa7f7ce3d51,16623,18448,-81,1596542119163 b5b182c7-eab1-4988-aa99-b5c1517008d9,1,29297,-88,1596542119301 b5b182c7-eab1-4988-aa99-b5c1517008d9,1,50284,-98,1596542119485
1596542119710 0102202b-988f-0000-009a-8fa7f7ce3d51,16623,18448,-81,1596542119162 b5b182c7-eab1-4988-aa99-b5c1517008d9,1,4213,-80,1596542119710 b5b182c7-eab1-4988-aa99-b5c1517008d9,1,29297,-88,1596542119301 b5b182c7-eab1-4988-aa99-b5c1517008d9,1,50284,-98,1596542119485
1596542119749 0102202b-988f-0000-009a-8fa7f7ce3d51,16623,18448,-81,1596542119748 b5b182c7-eab1-4988-aa99-b5c1517008d9,1,4213,-80,1596542119710 b5b182c7-eab1-4988-aa99-b5c1517008d9,1,29297,-88,1596542119301 b5b182c7-eab1-4988-aa99-b5c1517008d9,1,50284,-98,1596542119485
1596542124462 db983ea6-33c3-4eb3-8c58-bb61b2c880cf,27257,27233,-81,1596542124462 0102202b-988f-0000-009a-8fa7f7ce3d51,16623,18448,-81,1596542119749 b5b182c7-eab1-4988-aa99-b5c1517008d9,1,4213,-80,1596542119710 b5b182c7-eab1-4988-aa99-b5c1517008d9,1,29297,-88,1596542119301 b5b182c7-eab1-4988-aa99-b5c1517008d9,1,50284,-98,1596542119485
1596542124562 db983ea6-33c3-4eb3-8c58-bb61b2c880cf,27257,27233,-81,1596542124462 00f4eead-116a-aa95-5deb-93b38c4c1005,280,47866,-91,1596542124561 0102202b-988f-0000-009a-8fa7f7ce3d51,16623,18448,-81,1596542119749 b5b182c7-eab1-4988-aa99-b5c1517008d9,1,4213,-80,1596542119710 b5b182c7-eab1-4988-aa99-b5c1517008d9,1,29297,-88,1596542119301 b5b182c7-eab1-4988-aa99-b5c1517008d9,1,50284,-98,1596542119485
1596542124613 db983ea6-33c3-4eb3-8c58-bb61b2c880cf,27257,27233,-81,1596542124462 00f4eead-116a-aa95-5deb-93b38c4c1005,280,47866,-91,1596542124562 0102202b-988f-0000-009a-8fa7f7ce3d51,16623,18448,-81,1596542119748 00faca52-1d1b-6e21-120b-93919ac31006,542,16258,-94,1596542124613 b5b182c7-eab1-4988-aa99-b5c1517008d9,1,4213,-80,1596542119710 b5b182c7-eab1-4988-aa99-b5c1517008d9,1,29297,-88,1596542119300 b5b182c7-eab1-4988-aa99-b5c1517008d9,1,50284,-98,1596542119485
1596542125162 db983ea6-33c3-4eb3-8c58-bb61b2c880cf,27257,27233,-81,1596542124462 00f4eead-116a-aa95-5deb-93b38c4c1005,280,47866,-91,1596542124562 0102202b-988f-0000-009a-8fa7f7ce3d51,16623,18448,-81,1596542119749 00faca52-1d1b-6e21-120b-93919ac31006,542,16258,-94,1596542124612 b5b182c7-eab1-4988-aa99-b5c1517008d9,1,4213,-80,1596542119710 b5b182c7-eab1-4988-aa99-b5c1517008d9,1,29297,-88,1596542125161 b5b182c7-eab1-4988-aa99-b5c1517008d9,1,50284,-98,1596542119485
1596542129540 db983ea6-33c3-4eb3-8c58-bb61b2c880cf,27257,27233,-81,1596542124462 00f4eead-116a-aa95-5deb-93b38c4c1005,280,47866,-91,1596542124562 b5b182c7-eab1-4988-aa99-b5c1517008d9,1,20341,-95,1596542129540 0102202b-988f-0000-009a-8fa7f7ce3d51,16623,18448,-81,1596542119749 00faca52-1d1b-6e21-120b-93919ac31006,542,16258,-94,1596542124613 b5b182c7-eab1-4988-aa99-b5c1517008d9,1,4213,-80,1596542119710 b5b182c7-eab1-4988-aa99-b5c1517008d9,1,29297,-88,1596542125161 b5b182c7-eab1-4988-aa99-b5c1517008d9,1,50284,-98,1596542119485
1596542129584 db983ea6-33c3-4eb3-8c58-bb61b2c880cf,27257,27233,-81,1596542124462 00f4eead-116a-aa95-5deb-93b38c4c1005,280,47866,-91,1596542124562 b5b182c7-eab1-4988-aa99-b5c1517008d9,1,20341,-95,1596542129540 0102202b-988f-0000-009a-8fa7f7ce3d51,16623,18448,-81,1596542129584 00faca52-1d1b-6e21-120b-93919ac31006,542,16258,-94,1596542124613 b5b182c7-eab1-4988-aa99-b5c1517008d9,1,4213,-80,1596542119710 b5b182c7-eab1-4988-aa99-b5c1517008d9,1,29297,-88,1596542125161 b5b182c7-eab1-4988-aa99-b5c1517008d9,1,50284,-98,1596542119485
1596542129721 db983ea6-33c3-4eb3-8c58-bb61b2c880cf,27257,27233,-81,1596542124462 00f4eead-116a-aa95-5deb-93b38c4c1005,280,47866,-91,1596542124562 b5b182c7-eab1-4988-aa99-b5c1517008d9,1,14549,-88,1596542129721 b5b182c7-eab1-4988-aa99-b5c1517008d9,1,20341,-95,1596542129540 0102202b-988f-0000-009a-8fa7f7ce3d51,16623,18448,-81,1596542129584 00faca52-1d1b-6e21-120b-93919ac31006,542,16258,-94,1596542124613 b5b182c7-eab1-4988-aa99-b5c1517008d9,1,4213,-80,1596542119710 b5b182c7-eab1-4988-aa99-b5c1517008d9,1,29297,-88,1596542125162 b5b182c7-eab1-4988-aa99-b5c1517008d9,1,50284,-98,1596542119485
1596542133232 00c4602c-c572-fc50-8e77-2226ca0a1006,2842,7569,-87,1596542133232 db983ea6-33c3-4eb3-8c58-bb61b2c880cf,27257,27233,-81,1596542124462 00f4eead-116a-aa95-5deb-93b38c4c1005,280,47866,-91,1596542124562 b5b182c7-eab1-4988-aa99-b5c1517008d9,1,14549,-88,1596542129721 b5b182c7-eab1-4988-aa99-b5c1517008d9,1,20341,-95,1596542129539 0102202b-988f-0000-009a-8fa7f7ce3d51,16623,18448,-81,1596542129584 00faca52-1d1b-6e21-120b-93919ac31006,542,16258,-94,1596542124613 b5b182c7-eab1-4988-aa99-b5c1517008d9,1,4213,-80,1596542119710 b5b182c7-eab1-4988-aa99-b5c1517008d9,1,29297,-88,1596542125162 b5b182c7-eab1-4988-aa99-b5c1517008d9,1,50284,-98,1596542119485
1596542134560 00c4602c-c572-fc50-8e77-2226ca0a1006,2842,7569,-87,1596542134559 db983ea6-33c3-4eb3-8c58-bb61b2c880cf,27257,27233,-81,1596542124462 00f4eead-116a-aa95-5deb-93b38c4c1005,280,47866,-91,1596542124562 b5b182c7-eab1-4988-aa99-b5c1517008d9,1,14549,-88,1596542129721 b5b182c7-eab1-4988-aa99-b5c1517008d9,1,20341,-95,1596542129540 0102202b-988f-0000-009a-8fa7f7ce3d51,16623,18448,-81,1596542129583 00faca52-1d1b-6e21-120b-93919ac31006,542,16258,-94,1596542124613 b5b182c7-eab1-4988-aa99-b5c1517008d9,1,4213,-80,1596542119710 b5b182c7-eab1-4988-aa99-b5c1517008d9,1,29297,-88,1596542125162 b5b182c7-eab1-4988-aa99-b5c1517008d9,1,50284,-98,1596542119485
1596542138654 00c4602c-c572-fc50-8e77-2226ca0a1006,2842,7569,-87,1596542134560 db983ea6-33c3-4eb3-8c58-bb61b2c880cf,27257,27233,-81,1596542124462 00f4eead-116a-aa95-5deb-93b38c4c1005,280,47866,-91,1596542124562 b5b182c7-eab1-4988-aa99-b5c1517008d9,1,14549,-88,1596542138654 b5b182c7-eab1-4988-aa99-b5c1517008d9,1,20341,-95,1596542129540 0102202b-988f-0000-009a-8fa7f7ce3d51,16623,18448,-81,1596542129584 00faca52-1d1b-6e21-120b-93919ac31006,542,16258,-94,1596542124613 b5b182c7-eab1-4988-aa99-b5c1517008d9,1,4213,-80,1596542119710 b5b182c7-eab1-4988-aa99-b5c1517008d9,1,29297,-88,1596542125161 b5b182c7-eab1-4988-aa99-b5c1517008d9,1,50284,-98,1596542119485
1596542138829 00c4602c-c572-fc50-8e77-2226ca0a1006,2842,7569,-87,1596542134560 db983ea6-33c3-4eb3-8c58-bb61b2c880cf,27257,27233,-81,1596542124461 00f4eead-116a-aa95-5deb-93b38c4c1005,280,47866,-91,1596542124562 b5b182c7-eab1-4988-aa99-b5c1517008d9,1,14549,-88,1596542138654 b5b182c7-eab1-4988-aa99-b5c1517008d9,1,20341,-95,1596542129540 0102202b-988f-0000-009a-8fa7f7ce3d51,16623,18448,-81,1596542129584 0102202b-998f-0100-008c-de3afe4cd544,45764,27182,-96,1596542138829 00faca52-1d1b-6e21-120b-93919ac31006,542,16258,-94,1596542124613 b5b182c7-eab1-4988-aa99-b5c1517008d9,1,4213,-80,1596542119710 b5b182c7-eab1-4988-aa99-b5c1517008d9,1,29297,-88,1596542125162 b5b182c7-eab1-4988-aa99-b5c1517008d9,1,50284,-98,1596542119485
1596542138951 00c4602c-c572-fc50-8e77-2226ca0a1006,2842,7569,-87,1596542134560 db983ea6-33c3-4eb3-8c58-bb61b2c880cf,27257,27233,-81,1596542124462 db983ea6-33c3-4eb3-8c58-bb61b2c880cf,31047,27238,-88,1596542138951 00f4eead-116a-aa95-5deb-93b38c4c1005,280,47866,-91,1596542124562 b5b182c7-eab1-4988-aa99-b5c1517008d9,1,14549,-88,1596542138654 b5b182c7-eab1-4988-aa99-b5c1517008d9,1,20341,-95,1596542129540 0102202b-988f-0000-009a-8fa7f7ce3d51,16623,18448,-81,1596542129584 0102202b-998f-0100-008c-de3afe4cd544,45764,27182,-96,1596542138829 00faca52-1d1b-6e21-120b-93919ac31006,542,16258,-94,1596542124613 b5b182c7-eab1-4988-aa99-b5c1517008d9,1,4213,-80,1596542119710 b5b182c7-eab1-4988-aa99-b5c1517008d9,1,29297,-88,1596542125162 b5b182c7-eab1-4988-aa99-b5c1517008d9,1,50284,-98,1596542119485
1596542139202 00c4602c-c572-fc50-8e77-2226ca0a1006,2842,7569,-87,1596542134560 db983ea6-33c3-4eb3-8c58-bb61b2c880cf,27257,27233,-81,1596542124462 db983ea6-33c3-4eb3-8c58-bb61b2c880cf,31047,27238,-88,1596542138951 00f4eead-116a-aa95-5deb-93b38c4c1005,280,47866,-91,1596542124562 b5b182c7-eab1-4988-aa99-b5c1517008d9,1,14549,-88,1596542138654 b5b182c7-eab1-4988-aa99-b5c1517008d9,1,20341,-95,1596542129539 0102202b-988f-0000-009a-8fa7f7ce3d51,16623,18448,-81,1596542129584 0102202b-998f-0100-008c-de3afe4cd544,45764,27182,-96,1596542139203 00faca52-1d1b-6e21-120b-93919ac31006,542,16258,-94,1596542124613 b5b182c7-eab1-4988-aa99-b5c1517008d9,1,4213,-80,1596542119710 b5b182c7-eab1-4988-aa99-b5c1517008d9,1,29297,-88,1596542125162 b5b182c7-eab1-4988-aa99-b5c1517008d9,1,50284,-98,1596542119485
1596542139252 00c4602c-c572-fc50-8e77-2226ca0a1006,2842,7569,-87,1596542134560 db983ea6-33c3-4eb3-8c58-bb61b2c880cf,27257,27233,-81,1596542124462 b5b182c7-eab1-4988-aa99-b5c1517008d9,1,14549,-88,1596542138654 b5b182c7-eab1-4988-aa99-b5c1517008d9,1,20341,-95,1596542129540 0102202b-988f-0000-009a-8fa7f7ce3d51,16623,18448,-81,1596542129584 0102202b-998f-0100-008c-de3afe4cd544,45764,27182,-96,1596542139202 b5b182c7-eab1-4988-aa99-b5c1517008d9,1,4213,-80,1596542119710 b5b182c7-eab1-4988-aa99-b5c1517008d9,1,50284,-98,1596542119485 db983ea6-33c3-4eb3-8c58-bb61b2c880cf,31047,27238,-88,1596542138951 00f4eead-116a-aa95-5deb-93b38c4c1005,280,47866,-91,1596542124562 01022022-f08f-0000-00d1-1da88babe011,60057,27323,-86,1596542139252 00faca52-1d1b-6e21-120b-93919ac31006,542,16258,-94,1596542124613 b5b182c7-eab1-4988-aa99-b5c1517008d9,1,29297,-88,1596542125162
1596542139379 00c4602c-c572-fc50-8e77-2226ca0a1006,2842,7569,-87,1596542134560 db983ea6-33c3-4eb3-8c58-bb61b2c880cf,27257,27233,-81,1596542124462 b5b182c7-eab1-4988-aa99-b5c1517008d9,1,14549,-88,1596542138654 b5b182c7-eab1-4988-aa99-b5c1517008d9,1,20341,-95,1596542129540 0102202b-988f-0000-009a-8fa7f7ce3d51,16623,18448,-81,1596542129584 0102202b-998f-0100-008c-de3afe4cd544,45764,27182,-96,1596542139203 b5b182c7-eab1-4988-aa99-b5c1517008d9,1,4213,-80,1596542119710 001fbab1-5544-8b38-b9d0-f5a289081006,31518,63152,-90,1596542139380 b5b182c7-eab1-4988-aa99-b5c1517008d9,1,50284,-98,1596542119485 db983ea6-33c3-4eb3-8c58-bb61b2c880cf,31047,27238,-88,1596542138951 00f4eead-116a-aa95-5deb-93b38c4c1005,280,47866,-91,1596542124561 01022022-f08f-0000-00d1-1da88babe011,60057,27323,-86,1596542139252 00faca52-1d1b-6e21-120b-93919ac31006,542,16258,-94,1596542124613 b5b182c7-eab1-4988-aa99-b5c1517008d9,1,29297,-88,1596542125162
1596542139418 00c4602c-c572-fc50-8e77-2226ca0a1006,2842,7569,-87,1596542134560 db983ea6-33c3-4eb3-8c58-bb61b2c880cf,27257,27233,-81,1596542124462 b5b182c7-eab1-4988-aa99-b5c1517008d9,1,14549,-88,1596542138654 b5b182c7-eab1-4988-aa99-b5c1517008d9,1,20341,-95,1596542129540 0102202b-988f-0000-009a-8fa7f7ce3d51,16623,18448,-81,1596542129584 0102202b-998f-0100-008c-de3afe4cd544,45764,27182,-96,1596542139417 b5b182c7-eab1-4988-aa99-b5c1517008d9,1,4213,-80,1596542119710 001fbab1-5544-8b38-b9d0-f5a289081006,31518,63152,-90,1596542139380 b5b182c7-eab1-4988-aa99-b5c1517008d9,1,50284,-98,1596542119485 db983ea6-33c3-4eb3-8c58-bb61b2c880cf,31047,27238,-88,1596542138951 00f4eead-116a-aa95-5deb-93b38c4c1005,280,47866,-91,1596542124562 01022022-f08f-0000-00d1-1da88babe011,60057,27323,-86,1596542139252 00faca52-1d1b-6e21-120b-93919ac31006,542,16258,-94,1596542124613 b5b182c7-eab1-4988-aa99-b5c1517008d9,1,29297,-88,1596542125162
1596542139554 00c4602c-c572-fc50-8e77-2226ca0a1006,2842,7569,-87,1596542134560 db983ea6-33c3-4eb3-8c58-bb61b2c880cf,27257,27233,-81,1596542124462 b5b182c7-eab1-4988-aa99-b5c1517008d9,1,14549,-88,1596542138654 b5b182c7-eab1-4988-aa99-b5c1517008d9,1,20341,-95,1596542129540 0102202b-988f-0000-009a-8fa7f7ce3d51,16623,18448,-81,1596542129583 0102202b-998f-0100-008c-de3afe4cd544,45764,27182,-96,1596542139418 b5b182c7-eab1-4988-aa99-b5c1517008d9,1,4213,-80,1596542119710 001fbab1-5544-8b38-b9d0-f5a289081006,31518,63152,-90,1596542139380 b5b182c7-eab1-4988-aa99-b5c1517008d9,1,50284,-98,1596542119485 db983ea6-33c3-4eb3-8c58-bb61b2c880cf,31047,27238,-88,1596542138950 00f4eead-116a-aa95-5deb-93b38c4c1005,280,47866,-91,1596542124562 01022022-f08f-0000-00d1-1da88babe011,60057,27323,-86,1596542139252 00faca52-1d1b-6e21-120b-93919ac31006,542,16258,-94,1596542124613 b5b182c7-eab1-4988-aa99-b5c1517008d9,1,44919,-82,1596542139554 b5b182c7-eab1-4988-aa99-b5c1517008d9,1,29297,-88,1596542125162
