Started:Mtr_Ymt_5572a8422e8a67cf_50_340_55_365_1596532777414
50.0,340.0 440.0,340.0 440.0,365.0 55.0,365.0 
1596532805008 1596532844547 1596532849135 1596532888894 
1596532808866 975fb7e9-2181-fe7b-9ced-84dd2010dc32,33042,1474,-81,1596532808867
1596532808952 975fb7e9-2181-fe7b-9ced-84dd2010dc32,33042,1474,-81,1596532808867 003517b0-c477-756c-a4a6-eceddb3b4741,36424,53229,-92,1596532808951
1596532809036 975fb7e9-2181-fe7b-9ced-84dd2010dc32,33042,1474,-81,1596532808867 8c1c6494-028a-4127-ab85-8f589a082daf,55802,21624,-88,1596532809036 003517b0-c477-756c-a4a6-eceddb3b4741,36424,53229,-92,1596532808952
1596532809104 975fb7e9-2181-fe7b-9ced-84dd2010dc32,33042,1474,-81,1596532808867 8c1c6494-028a-4127-ab85-8f589a082daf,55802,21624,-88,1596532809036 fda50693-a4e2-4fb1-afcf-c6eb07647825,10196,38690,-95,1596532809105 003517b0-c477-756c-a4a6-eceddb3b4741,36424,53229,-92,1596532808952
1596532809283 975fb7e9-2181-fe7b-0000-0a515c0b0512,2357,22102,-88,1596532809283 975fb7e9-2181-fe7b-9ced-84dd2010dc32,33042,1474,-81,1596532808867 8c1c6494-028a-4127-ab85-8f589a082daf,55802,21624,-88,1596532809036 fda50693-a4e2-4fb1-afcf-c6eb07647825,10196,38690,-95,1596532809105 003517b0-c477-756c-a4a6-eceddb3b4741,36424,53229,-92,1596532808952
1596532818750 975fb7e9-2181-fe7b-0000-0a515c0b0512,2357,22102,-88,1596532809283 975fb7e9-2181-fe7b-9ced-84dd2010dc32,33042,1474,-81,1596532818750 8c1c6494-028a-4127-ab85-8f589a082daf,55802,21624,-88,1596532809036 fda50693-a4e2-4fb1-afcf-c6eb07647825,10196,38690,-95,1596532809105 003517b0-c477-756c-a4a6-eceddb3b4741,36424,53229,-92,1596532808952
1596532818952 975fb7e9-2181-fe7b-0000-0a515c0b0512,2357,22102,-88,1596532809283 975fb7e9-2181-fe7b-9ced-84dd2010dc32,33042,1474,-81,1596532818750 8c1c6494-028a-4127-ab85-8f589a082daf,55802,21624,-88,1596532809036 975fb7e9-2181-fe7b-9ced-84dd21c20512,2908,20746,-82,1596532818952 fda50693-a4e2-4fb1-afcf-c6eb07647825,10196,38690,-95,1596532809105 003517b0-c477-756c-a4a6-eceddb3b4741,36424,53229,-92,1596532808952
1596532818973 975fb7e9-2181-fe7b-0000-0a515c0b0512,2357,22102,-88,1596532809283 975fb7e9-2181-fe7b-9ced-84dd2010dc32,33042,1474,-81,1596532818750 8c1c6494-028a-4127-ab85-8f589a082daf,55802,21624,-88,1596532809036 975fb7e9-2181-fe7b-9ced-84dd21c20512,2908,20746,-82,1596532818952 fda50693-a4e2-4fb1-afcf-c6eb07647825,10196,38690,-95,1596532809105 003517b0-c477-756c-a4a6-eceddb3b4741,36424,53229,-92,1596532818973
1596532818991 975fb7e9-2181-fe7b-0000-0a515c0b0512,2357,22102,-88,1596532809283 975fb7e9-2181-fe7b-9ced-84dd2010dc32,33042,1474,-81,1596532818750 8c1c6494-028a-4127-ab85-8f589a082daf,55802,21624,-88,1596532809035 975fb7e9-2181-fe7b-9ced-84dd21c20512,2908,20746,-82,1596532818952 00582ec9-3492-d466-295d-0df515fc1005,2840,38658,-95,1596532818991 fda50693-a4e2-4fb1-afcf-c6eb07647825,10196,38690,-95,1596532809104 003517b0-c477-756c-a4a6-eceddb3b4741,36424,53229,-92,1596532818973
1596532819104 975fb7e9-2181-fe7b-0000-0a515c0b0512,2357,22102,-88,1596532809282 975fb7e9-2181-fe7b-9ced-84dd2010dc32,33042,1474,-81,1596532818750 8c1c6494-028a-4127-ab85-8f589a082daf,55802,21624,-88,1596532809036 975fb7e9-2181-fe7b-9ced-84dd21c20512,2908,20746,-82,1596532818952 00582ec9-3492-d466-295d-0df515fc1005,2840,38658,-95,1596532818991 fda50693-a4e2-4fb1-afcf-c6eb07647825,10196,38690,-95,1596532819104 003517b0-c477-756c-a4a6-eceddb3b4741,36424,53229,-92,1596532818973
1596532823913 975fb7e9-2181-fe7b-0000-0a515c0b0512,2357,22102,-88,1596532809283 975fb7e9-2181-fe7b-9ced-84dd2010dc32,33042,1474,-81,1596532818750 8c1c6494-028a-4127-ab85-8f589a082daf,55802,21624,-88,1596532809036 975fb7e9-2181-fe7b-9ced-84dd21c20512,2908,20746,-82,1596532823913 00582ec9-3492-d466-295d-0df515fc1005,2840,38658,-95,1596532818991 fda50693-a4e2-4fb1-afcf-c6eb07647825,10196,38690,-95,1596532819104 003517b0-c477-756c-a4a6-eceddb3b4741,36424,53229,-92,1596532818973
1596532824057 975fb7e9-2181-fe7b-0000-0a515c0b0512,2357,22102,-88,1596532809283 0102200b-778f-0100-00c0-0e343f0749d3,28272,12183,-101,1596532824057 975fb7e9-2181-fe7b-9ced-84dd2010dc32,33042,1474,-81,1596532818750 8c1c6494-028a-4127-ab85-8f589a082daf,55802,21624,-88,1596532809036 975fb7e9-2181-fe7b-9ced-84dd21c20512,2908,20746,-82,1596532823912 00582ec9-3492-d466-295d-0df515fc1005,2840,38658,-95,1596532818991 fda50693-a4e2-4fb1-afcf-c6eb07647825,10196,38690,-95,1596532819104 003517b0-c477-756c-a4a6-eceddb3b4741,36424,53229,-92,1596532818973
1596532824313 975fb7e9-2181-fe7b-0000-0a515c0b0512,2357,22102,-88,1596532809283 0102200b-778f-0100-00c0-0e343f0749d3,28272,12183,-101,1596532824057 975fb7e9-2181-fe7b-9ced-84dd2010dc32,33042,1474,-81,1596532818750 8c1c6494-028a-4127-ab85-8f589a082daf,55802,21624,-88,1596532809036 975fb7e9-2181-fe7b-9ced-84dd21c20512,2908,20746,-82,1596532823913 00582ec9-3492-d466-295d-0df515fc1005,2840,38658,-95,1596532818991 0061d66a-cbdc-3d3a-c16b-fc727c164d4d,4776,65445,-83,1596532824313 fda50693-a4e2-4fb1-afcf-c6eb07647825,10196,38690,-95,1596532819104 003517b0-c477-756c-a4a6-eceddb3b4741,36424,53229,-92,1596532818973
1596532824349 975fb7e9-2181-fe7b-0000-0a515c0b0512,2357,22102,-88,1596532809283 0102200b-778f-0100-00c0-0e343f0749d3,28272,12183,-101,1596532824056 975fb7e9-2181-fe7b-9ced-84dd2010dc32,33042,1474,-81,1596532818750 8c1c6494-028a-4127-ab85-8f589a082daf,55802,21624,-88,1596532809036 975fb7e9-2181-fe7b-9ced-84dd21c20512,2908,20746,-82,1596532823913 00582ec9-3492-d466-295d-0df515fc1005,2840,38658,-95,1596532818991 0061d66a-cbdc-3d3a-c16b-fc727c164d4d,4776,65445,-83,1596532824313 fda50693-a4e2-4fb1-afcf-c6eb07647825,10196,38690,-95,1596532819104 003517b0-c477-756c-a4a6-eceddb3b4741,36424,53229,-92,1596532818973 fda50693-a4e2-4fb1-afcf-c6eb07647825,10196,38742,-82,1596532824349
1596532829201 975fb7e9-2181-fe7b-0000-0a515c0b0512,2357,22102,-88,1596532809283 0102202b-998f-0100-0018-6c18be854ba9,54946,58286,-96,1596532829201 0102200b-778f-0100-00c0-0e343f0749d3,28272,12183,-101,1596532824056 975fb7e9-2181-fe7b-9ced-84dd2010dc32,33042,1474,-81,1596532818750 8c1c6494-028a-4127-ab85-8f589a082daf,55802,21624,-88,1596532809036 975fb7e9-2181-fe7b-9ced-84dd21c20512,2908,20746,-82,1596532823913 00582ec9-3492-d466-295d-0df515fc1005,2840,38658,-95,1596532818991 0061d66a-cbdc-3d3a-c16b-fc727c164d4d,4776,65445,-83,1596532824313 fda50693-a4e2-4fb1-afcf-c6eb07647825,10196,38690,-95,1596532819104 003517b0-c477-756c-a4a6-eceddb3b4741,36424,53229,-92,1596532818973 fda50693-a4e2-4fb1-afcf-c6eb07647825,10196,38742,-82,1596532824349
1596532829237 975fb7e9-2181-fe7b-0000-0a515c0b0512,2357,22102,-88,1596532809283 0102202b-998f-0100-0018-6c18be854ba9,54946,58286,-96,1596532829201 0102200b-778f-0100-00c0-0e343f0749d3,28272,12183,-101,1596532824057 975fb7e9-2181-fe7b-9ced-84dd2010dc32,33042,1474,-81,1596532818750 00033446-0cc1-2df6-fb26-359adb68f4f9,52704,50775,-78,1596532829237 8c1c6494-028a-4127-ab85-8f589a082daf,55802,21624,-88,1596532809035 975fb7e9-2181-fe7b-9ced-84dd21c20512,2908,20746,-82,1596532823913 00582ec9-3492-d466-295d-0df515fc1005,2840,38658,-95,1596532818991 0061d66a-cbdc-3d3a-c16b-fc727c164d4d,4776,65445,-83,1596532824313 fda50693-a4e2-4fb1-afcf-c6eb07647825,10196,38690,-95,1596532819104 003517b0-c477-756c-a4a6-eceddb3b4741,36424,53229,-92,1596532818973 fda50693-a4e2-4fb1-afcf-c6eb07647825,10196,38742,-82,1596532824349
1596532829524 975fb7e9-2181-fe7b-0000-0a515c0b0512,2357,22102,-88,1596532809283 0102202b-998f-0100-0018-6c18be854ba9,54946,58286,-96,1596532829201 975fb7e9-2181-fe7b-9ced-84dd2010dc32,33042,1474,-81,1596532818750 003517b0-c477-756c-a4a6-eceddb3b4741,36424,53229,-92,1596532818973 fda50693-a4e2-4fb1-afcf-c6eb07647825,10196,38742,-82,1596532824349 0102200b-778f-0100-00c0-0e343f0749d3,28272,12183,-101,1596532824056 0040fcfb-0080-bf05-0acc-826176921006,19230,21072,-68,1596532829524 00033446-0cc1-2df6-fb26-359adb68f4f9,52704,50775,-78,1596532829237 8c1c6494-028a-4127-ab85-8f589a082daf,55802,21624,-88,1596532809036 975fb7e9-2181-fe7b-9ced-84dd21c20512,2908,20746,-82,1596532823913 00582ec9-3492-d466-295d-0df515fc1005,2840,38658,-95,1596532818991 0061d66a-cbdc-3d3a-c16b-fc727c164d4d,4776,65445,-83,1596532824313 fda50693-a4e2-4fb1-afcf-c6eb07647825,10196,38690,-95,1596532819104
1596532834337 975fb7e9-2181-fe7b-0000-0a515c0b0512,2357,22102,-88,1596532809283 0102202b-998f-0100-0018-6c18be854ba9,54946,58286,-96,1596532829201 975fb7e9-2181-fe7b-9ced-84dd2010dc32,33042,1474,-81,1596532818750 003517b0-c477-756c-a4a6-eceddb3b4741,36424,53229,-92,1596532818973 fda50693-a4e2-4fb1-afcf-c6eb07647825,10196,38742,-82,1596532824349 0102200b-778f-0100-00c0-0e343f0749d3,28272,12183,-101,1596532824057 0040fcfb-0080-bf05-0acc-826176921006,19230,21072,-68,1596532829524 00033446-0cc1-2df6-fb26-359adb68f4f9,52704,50775,-78,1596532829237 8c1c6494-028a-4127-ab85-8f589a082daf,55802,21624,-88,1596532809036 975fb7e9-2181-fe7b-9ced-84dd21c20512,2908,20746,-82,1596532823912 00582ec9-3492-d466-295d-0df515fc1005,2840,38658,-95,1596532818991 0061d66a-cbdc-3d3a-c16b-fc727c164d4d,4776,65445,-83,1596532834337 fda50693-a4e2-4fb1-afcf-c6eb07647825,10196,38690,-95,1596532819104
1596532834410 975fb7e9-2181-fe7b-0000-0a515c0b0512,2357,22102,-88,1596532809282 0102202b-998f-0100-0018-6c18be854ba9,54946,58286,-96,1596532829201 975fb7e9-2181-fe7b-9ced-84dd2010dc32,33042,1474,-81,1596532834410 003517b0-c477-756c-a4a6-eceddb3b4741,36424,53229,-92,1596532818973 fda50693-a4e2-4fb1-afcf-c6eb07647825,10196,38742,-82,1596532824349 0102200b-778f-0100-00c0-0e343f0749d3,28272,12183,-101,1596532824057 0040fcfb-0080-bf05-0acc-826176921006,19230,21072,-68,1596532829524 00033446-0cc1-2df6-fb26-359adb68f4f9,52704,50775,-78,1596532829237 8c1c6494-028a-4127-ab85-8f589a082daf,55802,21624,-88,1596532809035 975fb7e9-2181-fe7b-9ced-84dd21c20512,2908,20746,-82,1596532823913 00582ec9-3492-d466-295d-0df515fc1005,2840,38658,-95,1596532818991 0061d66a-cbdc-3d3a-c16b-fc727c164d4d,4776,65445,-83,1596532834337 fda50693-a4e2-4fb1-afcf-c6eb07647825,10196,38690,-95,1596532819104
1596532839246 975fb7e9-2181-fe7b-0000-0a515c0b0512,2357,22102,-88,1596532809283 0102202b-998f-0100-0018-6c18be854ba9,54946,58286,-96,1596532829200 975fb7e9-2181-fe7b-9ced-84dd2010dc32,33042,1474,-81,1596532834410 003517b0-c477-756c-a4a6-eceddb3b4741,36424,53229,-92,1596532818973 fda50693-a4e2-4fb1-afcf-c6eb07647825,10196,38742,-82,1596532824349 0102200b-778f-0100-00c0-0e343f0749d3,28272,12183,-101,1596532824057 0040fcfb-0080-bf05-0acc-826176921006,19230,21072,-68,1596532829524 00033446-0cc1-2df6-fb26-359adb68f4f9,52704,50775,-78,1596532839246 8c1c6494-028a-4127-ab85-8f589a082daf,55802,21624,-88,1596532809036 975fb7e9-2181-fe7b-9ced-84dd21c20512,2908,20746,-82,1596532823913 00582ec9-3492-d466-295d-0df515fc1005,2840,38658,-95,1596532818991 0061d66a-cbdc-3d3a-c16b-fc727c164d4d,4776,65445,-83,1596532834337 fda50693-a4e2-4fb1-afcf-c6eb07647825,10196,38690,-95,1596532819103
1596532839345 975fb7e9-2181-fe7b-0000-0a515c0b0512,2357,22102,-88,1596532809283 0102202b-998f-0100-0018-6c18be854ba9,54946,58286,-96,1596532829201 975fb7e9-2181-fe7b-9ced-84dd2010dc32,33042,1474,-81,1596532834410 003517b0-c477-756c-a4a6-eceddb3b4741,36424,53229,-92,1596532818973 fda50693-a4e2-4fb1-afcf-c6eb07647825,10196,38742,-82,1596532839344 0102200b-778f-0100-00c0-0e343f0749d3,28272,12183,-101,1596532824057 0040fcfb-0080-bf05-0acc-826176921006,19230,21072,-68,1596532829524 00033446-0cc1-2df6-fb26-359adb68f4f9,52704,50775,-78,1596532839246 8c1c6494-028a-4127-ab85-8f589a082daf,55802,21624,-88,1596532809036 975fb7e9-2181-fe7b-9ced-84dd21c20512,2908,20746,-82,1596532823913 00582ec9-3492-d466-295d-0df515fc1005,2840,38658,-95,1596532818991 0061d66a-cbdc-3d3a-c16b-fc727c164d4d,4776,65445,-83,1596532834336 fda50693-a4e2-4fb1-afcf-c6eb07647825,10196,38690,-95,1596532819104
1596532844294 975fb7e9-2181-fe7b-0000-0a515c0b0512,2357,22102,-88,1596532809283 0102202b-998f-0100-0018-6c18be854ba9,54946,58286,-96,1596532829201 975fb7e9-2181-fe7b-9ced-84dd2010dc32,33042,1474,-81,1596532844294 003517b0-c477-756c-a4a6-eceddb3b4741,36424,53229,-92,1596532818973 fda50693-a4e2-4fb1-afcf-c6eb07647825,10196,38742,-82,1596532839345 0102200b-778f-0100-00c0-0e343f0749d3,28272,12183,-101,1596532824057 0040fcfb-0080-bf05-0acc-826176921006,19230,21072,-68,1596532829524 00033446-0cc1-2df6-fb26-359adb68f4f9,52704,50775,-78,1596532839246 8c1c6494-028a-4127-ab85-8f589a082daf,55802,21624,-88,1596532809036 975fb7e9-2181-fe7b-9ced-84dd21c20512,2908,20746,-82,1596532823913 00582ec9-3492-d466-295d-0df515fc1005,2840,38658,-95,1596532818991 0061d66a-cbdc-3d3a-c16b-fc727c164d4d,4776,65445,-83,1596532834337 fda50693-a4e2-4fb1-afcf-c6eb07647825,10196,38690,-95,1596532819104
1596532844510 975fb7e9-2181-fe7b-0000-0a515c0b0512,2357,22102,-88,1596532809283 0102202b-998f-0100-0018-6c18be854ba9,54946,58286,-96,1596532829201 975fb7e9-2181-fe7b-9ced-84dd2010dc32,33042,1474,-81,1596532844294 003517b0-c477-756c-a4a6-eceddb3b4741,36424,53229,-92,1596532818973 fda50693-a4e2-4fb1-afcf-c6eb07647825,10196,38742,-82,1596532839344 0102200b-778f-0100-00c0-0e343f0749d3,28272,12183,-101,1596532824057 0040fcfb-0080-bf05-0acc-826176921006,19230,21072,-68,1596532829524 00033446-0cc1-2df6-fb26-359adb68f4f9,52704,50775,-78,1596532839246 8c1c6494-028a-4127-ab85-8f589a082daf,55802,21624,-88,1596532809036 975fb7e9-2181-fe7b-9ced-84dd21c20512,2908,20746,-82,1596532844510 00582ec9-3492-d466-295d-0df515fc1005,2840,38658,-95,1596532818991 0061d66a-cbdc-3d3a-c16b-fc727c164d4d,4776,65445,-83,1596532834337 fda50693-a4e2-4fb1-afcf-c6eb07647825,10196,38690,-95,1596532819104
1596532844530 975fb7e9-2181-fe7b-0000-0a515c0b0512,2357,22102,-88,1596532809283 0102202b-998f-0100-0018-6c18be854ba9,54946,58286,-96,1596532829201 975fb7e9-2181-fe7b-9ced-84dd2010dc32,33042,1474,-81,1596532844293 003517b0-c477-756c-a4a6-eceddb3b4741,36424,53229,-92,1596532818973 fda50693-a4e2-4fb1-afcf-c6eb07647825,10196,38742,-82,1596532839345 0102200b-778f-0100-00c0-0e343f0749d3,28272,12183,-101,1596532824057 0040fcfb-0080-bf05-0acc-826176921006,19230,21072,-68,1596532829524 00033446-0cc1-2df6-fb26-359adb68f4f9,52704,50775,-78,1596532839246 00f98b14-e387-c376-20b3-f25fcd47c038,26979,16808,-93,1596532844530 8c1c6494-028a-4127-ab85-8f589a082daf,55802,21624,-88,1596532809036 975fb7e9-2181-fe7b-9ced-84dd21c20512,2908,20746,-82,1596532844510 00582ec9-3492-d466-295d-0df515fc1005,2840,38658,-95,1596532818991 0061d66a-cbdc-3d3a-c16b-fc727c164d4d,4776,65445,-83,1596532834337 fda50693-a4e2-4fb1-afcf-c6eb07647825,10196,38690,-95,1596532819104
1596532858835 975fb7e9-2181-fe7b-0000-0a515c0b0512,2357,22102,-88,1596532809283 0102202b-998f-0100-0018-6c18be854ba9,54946,58286,-96,1596532829201 975fb7e9-2181-fe7b-9ced-84dd2010dc32,33042,1474,-81,1596532844294 b5b182c7-eab1-4988-aa99-b5c1517008d9,1,15648,-90,1596532858835 003517b0-c477-756c-a4a6-eceddb3b4741,36424,53229,-92,1596532818973 fda50693-a4e2-4fb1-afcf-c6eb07647825,10196,38742,-82,1596532839345 0102200b-778f-0100-00c0-0e343f0749d3,28272,12183,-101,1596532824057 0040fcfb-0080-bf05-0acc-826176921006,19230,21072,-68,1596532829524 00033446-0cc1-2df6-fb26-359adb68f4f9,52704,50775,-78,1596532839246 00f98b14-e387-c376-20b3-f25fcd47c038,26979,16808,-93,1596532844530 8c1c6494-028a-4127-ab85-8f589a082daf,55802,21624,-88,1596532809036 975fb7e9-2181-fe7b-9ced-84dd21c20512,2908,20746,-82,1596532844510 00582ec9-3492-d466-295d-0df515fc1005,2840,38658,-95,1596532818991 0061d66a-cbdc-3d3a-c16b-fc727c164d4d,4776,65445,-83,1596532834337 fda50693-a4e2-4fb1-afcf-c6eb07647825,10196,38690,-95,1596532819104
1596532858997 975fb7e9-2181-fe7b-0000-0a515c0b0512,2357,22102,-88,1596532809283 0102202b-998f-0100-0018-6c18be854ba9,54946,58286,-96,1596532829201 975fb7e9-2181-fe7b-9ced-84dd2010dc32,33042,1474,-81,1596532844294 b5b182c7-eab1-4988-aa99-b5c1517008d9,1,15648,-90,1596532858835 003517b0-c477-756c-a4a6-eceddb3b4741,36424,53229,-92,1596532858997 fda50693-a4e2-4fb1-afcf-c6eb07647825,10196,38742,-82,1596532839344 0102200b-778f-0100-00c0-0e343f0749d3,28272,12183,-101,1596532824057 0040fcfb-0080-bf05-0acc-826176921006,19230,21072,-68,1596532829524 00033446-0cc1-2df6-fb26-359adb68f4f9,52704,50775,-78,1596532839246 00f98b14-e387-c376-20b3-f25fcd47c038,26979,16808,-93,1596532844530 8c1c6494-028a-4127-ab85-8f589a082daf,55802,21624,-88,1596532809036 975fb7e9-2181-fe7b-9ced-84dd21c20512,2908,20746,-82,1596532844510 00582ec9-3492-d466-295d-0df515fc1005,2840,38658,-95,1596532818991 0061d66a-cbdc-3d3a-c16b-fc727c164d4d,4776,65445,-83,1596532834337 fda50693-a4e2-4fb1-afcf-c6eb07647825,10196,38690,-95,1596532819104
1596532863683 975fb7e9-2181-fe7b-0000-0a515c0b0512,2357,22102,-88,1596532809283 0102202b-998f-0100-0018-6c18be854ba9,54946,58286,-96,1596532829201 975fb7e9-2181-fe7b-9ced-84dd2010dc32,33042,1474,-81,1596532844294 b5b182c7-eab1-4988-aa99-b5c1517008d9,1,15648,-90,1596532858835 003517b0-c477-756c-a4a6-eceddb3b4741,36424,53229,-92,1596532858997 fda50693-a4e2-4fb1-afcf-c6eb07647825,10196,38742,-82,1596532839345 0102200b-778f-0100-00c0-0e343f0749d3,28272,12183,-101,1596532824057 0040fcfb-0080-bf05-0acc-826176921006,19230,21072,-68,1596532829524 00033446-0cc1-2df6-fb26-359adb68f4f9,52704,50775,-78,1596532839246 00f98b14-e387-c376-20b3-f25fcd47c038,26979,16808,-93,1596532844530 8c1c6494-028a-4127-ab85-8f589a082daf,55802,21624,-88,1596532809036 975fb7e9-2181-fe7b-9ced-84dd21c20512,2908,20746,-82,1596532844510 00c30dc2-af99-4b4d-0047-dde2445c1006,6938,21664,-80,1596532863683 00582ec9-3492-d466-295d-0df515fc1005,2840,38658,-95,1596532818991 0061d66a-cbdc-3d3a-c16b-fc727c164d4d,4776,65445,-83,1596532834337 fda50693-a4e2-4fb1-afcf-c6eb07647825,10196,38690,-95,1596532819104
1596532864278 975fb7e9-2181-fe7b-0000-0a515c0b0512,2357,22102,-88,1596532809283 0102202b-998f-0100-0018-6c18be854ba9,54946,58286,-96,1596532829201 975fb7e9-2181-fe7b-9ced-84dd2010dc32,33042,1474,-81,1596532844294 b5b182c7-eab1-4988-aa99-b5c1517008d9,1,15648,-90,1596532858835 003517b0-c477-756c-a4a6-eceddb3b4741,36424,53229,-92,1596532858997 fda50693-a4e2-4fb1-afcf-c6eb07647825,10196,38742,-82,1596532839345 0102200b-778f-0100-00c0-0e343f0749d3,28272,12183,-101,1596532824057 0040fcfb-0080-bf05-0acc-826176921006,19230,21072,-68,1596532829524 00033446-0cc1-2df6-fb26-359adb68f4f9,52704,50775,-78,1596532839246 00f98b14-e387-c376-20b3-f25fcd47c038,26979,16808,-93,1596532844530 8c1c6494-028a-4127-ab85-8f589a082daf,55802,21624,-88,1596532809036 975fb7e9-2181-fe7b-9ced-84dd21c20512,2908,20746,-82,1596532844510 00c30dc2-af99-4b4d-0047-dde2445c1006,6938,21664,-80,1596532863683 00582ec9-3492-d466-295d-0df515fc1005,2840,38658,-95,1596532818991 0061d66a-cbdc-3d3a-c16b-fc727c164d4d,4776,65445,-83,1596532834336 fda50693-a4e2-4fb1-afcf-c6eb07647825,10196,38690,-95,1596532819103 082131c4-529b-402b-2c59-3cb66e7b1006,31518,40585,-69,1596532864278
1596532864328 975fb7e9-2181-fe7b-0000-0a515c0b0512,2357,22102,-88,1596532809283 0102202b-998f-0100-0018-6c18be854ba9,54946,58286,-96,1596532829201 975fb7e9-2181-fe7b-9ced-84dd2010dc32,33042,1474,-81,1596532844294 b5b182c7-eab1-4988-aa99-b5c1517008d9,1,15648,-90,1596532858835 003517b0-c477-756c-a4a6-eceddb3b4741,36424,53229,-92,1596532858997 fda50693-a4e2-4fb1-afcf-c6eb07647825,10196,38742,-82,1596532864328 0102200b-778f-0100-00c0-0e343f0749d3,28272,12183,-101,1596532824057 0040fcfb-0080-bf05-0acc-826176921006,19230,21072,-68,1596532829524 00033446-0cc1-2df6-fb26-359adb68f4f9,52704,50775,-78,1596532839246 00f98b14-e387-c376-20b3-f25fcd47c038,26979,16808,-93,1596532844530 8c1c6494-028a-4127-ab85-8f589a082daf,55802,21624,-88,1596532809036 975fb7e9-2181-fe7b-9ced-84dd21c20512,2908,20746,-82,1596532844510 00c30dc2-af99-4b4d-0047-dde2445c1006,6938,21664,-80,1596532863683 00582ec9-3492-d466-295d-0df515fc1005,2840,38658,-95,1596532818991 0061d66a-cbdc-3d3a-c16b-fc727c164d4d,4776,65445,-83,1596532834337 fda50693-a4e2-4fb1-afcf-c6eb07647825,10196,38690,-95,1596532819104 082131c4-529b-402b-2c59-3cb66e7b1006,31518,40585,-69,1596532864277
1596532874349 975fb7e9-2181-fe7b-0000-0a515c0b0512,2357,22102,-88,1596532809283 0102202b-998f-0100-0018-6c18be854ba9,54946,58286,-96,1596532829201 00c40dd3-1d4a-c1a0-d279-d4d378cd1006,6938,21664,-88,1596532874349 975fb7e9-2181-fe7b-9ced-84dd2010dc32,33042,1474,-81,1596532844294 b5b182c7-eab1-4988-aa99-b5c1517008d9,1,15648,-90,1596532858835 003517b0-c477-756c-a4a6-eceddb3b4741,36424,53229,-92,1596532858997 fda50693-a4e2-4fb1-afcf-c6eb07647825,10196,38742,-82,1596532864328 0102200b-778f-0100-00c0-0e343f0749d3,28272,12183,-101,1596532824057 0040fcfb-0080-bf05-0acc-826176921006,19230,21072,-68,1596532829524 00033446-0cc1-2df6-fb26-359adb68f4f9,52704,50775,-78,1596532839246 00f98b14-e387-c376-20b3-f25fcd47c038,26979,16808,-93,1596532844530 8c1c6494-028a-4127-ab85-8f589a082daf,55802,21624,-88,1596532809036 975fb7e9-2181-fe7b-9ced-84dd21c20512,2908,20746,-82,1596532844510 00c30dc2-af99-4b4d-0047-dde2445c1006,6938,21664,-80,1596532863682 00582ec9-3492-d466-295d-0df515fc1005,2840,38658,-95,1596532818990 0061d66a-cbdc-3d3a-c16b-fc727c164d4d,4776,65445,-83,1596532834337 fda50693-a4e2-4fb1-afcf-c6eb07647825,10196,38690,-95,1596532819104 082131c4-529b-402b-2c59-3cb66e7b1006,31518,40585,-69,1596532864278
1596532879109 975fb7e9-2181-fe7b-0000-0a515c0b0512,2357,22102,-88,1596532809283 0102202b-998f-0100-0018-6c18be854ba9,54946,58286,-96,1596532829201 00c40dd3-1d4a-c1a0-d279-d4d378cd1006,6938,21664,-88,1596532874349 975fb7e9-2181-fe7b-9ced-84dd2010dc32,33042,1474,-81,1596532844294 b5b182c7-eab1-4988-aa99-b5c1517008d9,1,15648,-90,1596532858835 003517b0-c477-756c-a4a6-eceddb3b4741,36424,53229,-92,1596532858997 fda50693-a4e2-4fb1-afcf-c6eb07647825,10196,38742,-82,1596532864328 0102200b-778f-0100-00c0-0e343f0749d3,28272,12183,-101,1596532824057 0040fcfb-0080-bf05-0acc-826176921006,19230,21072,-68,1596532829524 00033446-0cc1-2df6-fb26-359adb68f4f9,52704,50775,-78,1596532839246 00f98b14-e387-c376-20b3-f25fcd47c038,26979,16808,-93,1596532844530 8c1c6494-028a-4127-ab85-8f589a082daf,55802,21624,-88,1596532809036 975fb7e9-2181-fe7b-9ced-84dd21c20512,2908,20746,-82,1596532844510 00c30dc2-af99-4b4d-0047-dde2445c1006,6938,21664,-80,1596532863683 00582ec9-3492-d466-295d-0df515fc1005,2840,38658,-95,1596532818991 0061d66a-cbdc-3d3a-c16b-fc727c164d4d,4776,65445,-83,1596532834337 fda50693-a4e2-4fb1-afcf-c6eb07647825,10196,38690,-95,1596532879109 082131c4-529b-402b-2c59-3cb66e7b1006,31518,40585,-69,1596532864278
1596532879338 975fb7e9-2181-fe7b-0000-0a515c0b0512,2357,22102,-88,1596532809283 0102202b-998f-0100-0018-6c18be854ba9,54946,58286,-96,1596532829201 00c40dd3-1d4a-c1a0-d279-d4d378cd1006,6938,21664,-88,1596532874349 975fb7e9-2181-fe7b-9ced-84dd2010dc32,33042,1474,-81,1596532844294 b5b182c7-eab1-4988-aa99-b5c1517008d9,1,15648,-90,1596532858835 003517b0-c477-756c-a4a6-eceddb3b4741,36424,53229,-92,1596532858997 fda50693-a4e2-4fb1-afcf-c6eb07647825,10196,38742,-82,1596532879337 0102200b-778f-0100-00c0-0e343f0749d3,28272,12183,-101,1596532824056 0040fcfb-0080-bf05-0acc-826176921006,19230,21072,-68,1596532829524 00033446-0cc1-2df6-fb26-359adb68f4f9,52704,50775,-78,1596532839246 00f98b14-e387-c376-20b3-f25fcd47c038,26979,16808,-93,1596532844530 8c1c6494-028a-4127-ab85-8f589a082daf,55802,21624,-88,1596532809036 975fb7e9-2181-fe7b-9ced-84dd21c20512,2908,20746,-82,1596532844510 00c30dc2-af99-4b4d-0047-dde2445c1006,6938,21664,-80,1596532863683 00582ec9-3492-d466-295d-0df515fc1005,2840,38658,-95,1596532818991 0061d66a-cbdc-3d3a-c16b-fc727c164d4d,4776,65445,-83,1596532834337 fda50693-a4e2-4fb1-afcf-c6eb07647825,10196,38690,-95,1596532879109 082131c4-529b-402b-2c59-3cb66e7b1006,31518,40585,-69,1596532864278
1596532884295 975fb7e9-2181-fe7b-0000-0a515c0b0512,2357,22102,-88,1596532809282 0102202b-998f-0100-0018-6c18be854ba9,54946,58286,-96,1596532829201 00c40dd3-1d4a-c1a0-d279-d4d378cd1006,6938,21664,-88,1596532874349 975fb7e9-2181-fe7b-9ced-84dd2010dc32,33042,1474,-81,1596532844294 b5b182c7-eab1-4988-aa99-b5c1517008d9,1,15648,-90,1596532858835 ea43594a-1652-4c0a-a396-ae4877d105f0,62381,49937,-82,1596532884295 003517b0-c477-756c-a4a6-eceddb3b4741,36424,53229,-92,1596532858997 fda50693-a4e2-4fb1-afcf-c6eb07647825,10196,38742,-82,1596532879338 0102200b-778f-0100-00c0-0e343f0749d3,28272,12183,-101,1596532824057 0040fcfb-0080-bf05-0acc-826176921006,19230,21072,-68,1596532829524 00033446-0cc1-2df6-fb26-359adb68f4f9,52704,50775,-78,1596532839246 00f98b14-e387-c376-20b3-f25fcd47c038,26979,16808,-93,1596532844530 8c1c6494-028a-4127-ab85-8f589a082daf,55802,21624,-88,1596532809036 975fb7e9-2181-fe7b-9ced-84dd21c20512,2908,20746,-82,1596532844510 00c30dc2-af99-4b4d-0047-dde2445c1006,6938,21664,-80,1596532863683 00582ec9-3492-d466-295d-0df515fc1005,2840,38658,-95,1596532818991 0061d66a-cbdc-3d3a-c16b-fc727c164d4d,4776,65445,-83,1596532834337 fda50693-a4e2-4fb1-afcf-c6eb07647825,10196,38690,-95,1596532879109 082131c4-529b-402b-2c59-3cb66e7b1006,31518,40585,-69,1596532864278
