Started:Mtr_Ymt_5572a8422e8a67cf_1165_360_1085_230_1596530327752
1165.0,360.0 1165.0,230.0 1125.0,230.0 1125.0,360.0 1085.0,360.0 1085.0,230.0 
1596530368076 1596530383842 1596530389954 1596530406425 1596530411412 1596530427432 
1596530368754 b5b182c7-eab1-4988-aa99-b5c1517008d9,1,32491,-87,1596530368754
1596530369294 b5b182c7-eab1-4988-aa99-b5c1517008d9,1,32491,-87,1596530368754 01022023-688f-0000-0047-15c1cebb02d6,3114,21554,-97,1596530369294
1596530369395 b5b182c7-eab1-4988-aa99-b5c1517008d9,1,32491,-87,1596530368754 ea43594a-1652-4c0a-a396-ae4877d105f0,151,55782,-86,1596530369395 01022023-688f-0000-0047-15c1cebb02d6,3114,21554,-97,1596530369294
1596530369413 b5b182c7-eab1-4988-aa99-b5c1517008d9,1,32491,-87,1596530368754 ea43594a-1652-4c0a-a396-ae4877d105f0,151,55782,-86,1596530369395 01022023-688f-0000-0047-15c1cebb02d6,3114,21554,-97,1596530369294 0102202b-888f-0100-0000-4958fc9734cc,4328,65322,-84,1596530369413
1596530370022 b5b182c7-eab1-4988-aa99-b5c1517008d9,1,32491,-87,1596530368754 ea43594a-1652-4c0a-a396-ae4877d105f0,151,55782,-86,1596530369395 01022023-688f-0000-0047-15c1cebb02d6,3114,21554,-97,1596530369294 01022022-f78f-0100-00d3-0ed396cf66c5,3161,19205,-97,1596530370022 0102202b-888f-0100-0000-4958fc9734cc,4328,65322,-84,1596530369412
1596530373945 b5b182c7-eab1-4988-aa99-b5c1517008d9,1,32491,-87,1596530368754 ea43594a-1652-4c0a-a396-ae4877d105f0,151,55782,-86,1596530369395 01022023-688f-0000-0047-15c1cebb02d6,3114,21554,-97,1596530373945 01022022-f78f-0100-00d3-0ed396cf66c5,3161,19205,-97,1596530370022 0102202b-888f-0100-0000-4958fc9734cc,4328,65322,-84,1596530369413
1596530374399 b5b182c7-eab1-4988-aa99-b5c1517008d9,1,32491,-87,1596530368754 ea43594a-1652-4c0a-a396-ae4877d105f0,151,55782,-86,1596530369395 01022023-688f-0000-0047-15c1cebb02d6,3114,21554,-97,1596530373945 01022022-f78f-0100-00d3-0ed396cf66c5,3161,19205,-97,1596530370021 0102202b-888f-0100-0000-4958fc9734cc,4328,65322,-84,1596530369413 01022002-f98f-0000-0009-b0ad290ee495,54931,58756,-77,1596530374400
1596530374499 b5b182c7-eab1-4988-aa99-b5c1517008d9,1,32491,-87,1596530368754 ea43594a-1652-4c0a-a396-ae4877d105f0,151,55782,-86,1596530369395 01022023-688f-0000-0047-15c1cebb02d6,3114,21554,-97,1596530374499 01022022-f78f-0100-00d3-0ed396cf66c5,3161,19205,-97,1596530370022 0102202b-888f-0100-0000-4958fc9734cc,4328,65322,-84,1596530369413 01022002-f98f-0000-0009-b0ad290ee495,54931,58756,-77,1596530374400
1596530376428 b5b182c7-eab1-4988-aa99-b5c1517008d9,1,32491,-87,1596530368754 ea43594a-1652-4c0a-a396-ae4877d105f0,151,55782,-86,1596530369395 01022023-688f-0000-0047-15c1cebb02d6,3114,21554,-97,1596530374499 b5b182c7-eab1-4988-aa99-b5c1517008d9,1,38761,-86,1596530376428 01022022-f78f-0100-00d3-0ed396cf66c5,3161,19205,-97,1596530370022 0102202b-888f-0100-0000-4958fc9734cc,4328,65322,-84,1596530369413 01022002-f98f-0000-0009-b0ad290ee495,54931,58756,-77,1596530374400
1596530377688 b5b182c7-eab1-4988-aa99-b5c1517008d9,1,32491,-87,1596530368754 ea43594a-1652-4c0a-a396-ae4877d105f0,151,55782,-86,1596530369395 00bae9b2-78aa-7187-046e-f1b9a5251006,7710,24610,-74,1596530377688 01022023-688f-0000-0047-15c1cebb02d6,3114,21554,-97,1596530374499 b5b182c7-eab1-4988-aa99-b5c1517008d9,1,38761,-86,1596530376428 01022022-f78f-0100-00d3-0ed396cf66c5,3161,19205,-97,1596530370021 0102202b-888f-0100-0000-4958fc9734cc,4328,65322,-84,1596530369413 01022002-f98f-0000-0009-b0ad290ee495,54931,58756,-77,1596530374400
1596530379029 b5b182c7-eab1-4988-aa99-b5c1517008d9,1,32491,-87,1596530368754 ea43594a-1652-4c0a-a396-ae4877d105f0,151,55782,-86,1596530369395 00bae9b2-78aa-7187-046e-f1b9a5251006,7710,24610,-74,1596530377688 00bbe97d-8eb4-578d-6ad8-e29ed35d1006,7710,24610,-97,1596530379029 01022023-688f-0000-0047-15c1cebb02d6,3114,21554,-97,1596530374498 b5b182c7-eab1-4988-aa99-b5c1517008d9,1,38761,-86,1596530376428 01022022-f78f-0100-00d3-0ed396cf66c5,3161,19205,-97,1596530370022 0102202b-888f-0100-0000-4958fc9734cc,4328,65322,-84,1596530369413 01022002-f98f-0000-0009-b0ad290ee495,54931,58756,-77,1596530374400
1596530379141 b5b182c7-eab1-4988-aa99-b5c1517008d9,1,27480,-78,1596530379141 b5b182c7-eab1-4988-aa99-b5c1517008d9,1,32491,-87,1596530368754 ea43594a-1652-4c0a-a396-ae4877d105f0,151,55782,-86,1596530369395 00bae9b2-78aa-7187-046e-f1b9a5251006,7710,24610,-74,1596530377688 00bbe97d-8eb4-578d-6ad8-e29ed35d1006,7710,24610,-97,1596530379029 01022023-688f-0000-0047-15c1cebb02d6,3114,21554,-97,1596530374499 b5b182c7-eab1-4988-aa99-b5c1517008d9,1,38761,-86,1596530376428 01022022-f78f-0100-00d3-0ed396cf66c5,3161,19205,-97,1596530370022 0102202b-888f-0100-0000-4958fc9734cc,4328,65322,-84,1596530369413 01022002-f98f-0000-0009-b0ad290ee495,54931,58756,-77,1596530374400
1596530379194 b5b182c7-eab1-4988-aa99-b5c1517008d9,1,27480,-78,1596530379141 b5b182c7-eab1-4988-aa99-b5c1517008d9,1,32491,-87,1596530368754 ea43594a-1652-4c0a-a396-ae4877d105f0,151,55782,-86,1596530369394 00bae9b2-78aa-7187-046e-f1b9a5251006,7710,24610,-74,1596530377688 00bbe97d-8eb4-578d-6ad8-e29ed35d1006,7710,24610,-97,1596530379194 01022023-688f-0000-0047-15c1cebb02d6,3114,21554,-97,1596530374499 b5b182c7-eab1-4988-aa99-b5c1517008d9,1,38761,-86,1596530376428 01022022-f78f-0100-00d3-0ed396cf66c5,3161,19205,-97,1596530370022 0102202b-888f-0100-0000-4958fc9734cc,4328,65322,-84,1596530369413 01022002-f98f-0000-0009-b0ad290ee495,54931,58756,-77,1596530374400
1596530379212 b5b182c7-eab1-4988-aa99-b5c1517008d9,1,27480,-78,1596530379141 b5b182c7-eab1-4988-aa99-b5c1517008d9,1,32491,-87,1596530368754 ea43594a-1652-4c0a-a396-ae4877d105f0,151,55782,-86,1596530369394 00bae9b2-78aa-7187-046e-f1b9a5251006,7710,24610,-74,1596530377688 00bbe97d-8eb4-578d-6ad8-e29ed35d1006,7710,24610,-97,1596530379194 01022023-688f-0000-0047-15c1cebb02d6,3114,21554,-97,1596530379212 b5b182c7-eab1-4988-aa99-b5c1517008d9,1,38761,-86,1596530376428 01022022-f78f-0100-00d3-0ed396cf66c5,3161,19205,-97,1596530370022 0102202b-888f-0100-0000-4958fc9734cc,4328,65322,-84,1596530369413 01022002-f98f-0000-0009-b0ad290ee495,54931,58756,-77,1596530374400
1596530379249 b5b182c7-eab1-4988-aa99-b5c1517008d9,1,27480,-78,1596530379141 b5b182c7-eab1-4988-aa99-b5c1517008d9,1,32491,-87,1596530368753 ea43594a-1652-4c0a-a396-ae4877d105f0,151,55782,-86,1596530369395 00bae9b2-78aa-7187-046e-f1b9a5251006,7710,24610,-74,1596530377688 00bbe97d-8eb4-578d-6ad8-e29ed35d1006,7710,24610,-97,1596530379194 01022023-688f-0000-0047-15c1cebb02d6,3114,21554,-97,1596530379212 b5b182c7-eab1-4988-aa99-b5c1517008d9,1,38761,-86,1596530376428 b5b182c7-eab1-4988-aa99-b5c1517008d9,1,50110,-86,1596530379249 01022022-f78f-0100-00d3-0ed396cf66c5,3161,19205,-97,1596530370022 0102202b-888f-0100-0000-4958fc9734cc,4328,65322,-84,1596530369413 01022002-f98f-0000-0009-b0ad290ee495,54931,58756,-77,1596530374400
1596530379284 b5b182c7-eab1-4988-aa99-b5c1517008d9,1,27480,-78,1596530379141 b5b182c7-eab1-4988-aa99-b5c1517008d9,1,32491,-87,1596530368754 ea43594a-1652-4c0a-a396-ae4877d105f0,151,55782,-86,1596530369395 00bae9b2-78aa-7187-046e-f1b9a5251006,7710,24610,-74,1596530377688 00bbe97d-8eb4-578d-6ad8-e29ed35d1006,7710,24610,-97,1596530379284 01022023-688f-0000-0047-15c1cebb02d6,3114,21554,-97,1596530379212 b5b182c7-eab1-4988-aa99-b5c1517008d9,1,38761,-86,1596530376427 b5b182c7-eab1-4988-aa99-b5c1517008d9,1,50110,-86,1596530379249 01022022-f78f-0100-00d3-0ed396cf66c5,3161,19205,-97,1596530370022 0102202b-888f-0100-0000-4958fc9734cc,4328,65322,-84,1596530369413 01022002-f98f-0000-0009-b0ad290ee495,54931,58756,-77,1596530374400
1596530379365 b5b182c7-eab1-4988-aa99-b5c1517008d9,1,27480,-78,1596530379141 b5b182c7-eab1-4988-aa99-b5c1517008d9,1,32491,-87,1596530368754 ea43594a-1652-4c0a-a396-ae4877d105f0,151,55782,-86,1596530369395 b5b182c7-eab1-4988-aa99-b5c1517008d9,1,30535,-74,1596530379365 00bae9b2-78aa-7187-046e-f1b9a5251006,7710,24610,-74,1596530377688 00bbe97d-8eb4-578d-6ad8-e29ed35d1006,7710,24610,-97,1596530379284 01022023-688f-0000-0047-15c1cebb02d6,3114,21554,-97,1596530379212 b5b182c7-eab1-4988-aa99-b5c1517008d9,1,38761,-86,1596530376428 b5b182c7-eab1-4988-aa99-b5c1517008d9,1,50110,-86,1596530379248 01022022-f78f-0100-00d3-0ed396cf66c5,3161,19205,-97,1596530370022 0102202b-888f-0100-0000-4958fc9734cc,4328,65322,-84,1596530369413 01022002-f98f-0000-0009-b0ad290ee495,54931,58756,-77,1596530374400
1596530379396 b5b182c7-eab1-4988-aa99-b5c1517008d9,1,27480,-78,1596530379141 b5b182c7-eab1-4988-aa99-b5c1517008d9,1,32491,-87,1596530368754 ea43594a-1652-4c0a-a396-ae4877d105f0,151,55782,-86,1596530369394 b5b182c7-eab1-4988-aa99-b5c1517008d9,1,30535,-74,1596530379365 00bae9b2-78aa-7187-046e-f1b9a5251006,7710,24610,-74,1596530377688 00bbe97d-8eb4-578d-6ad8-e29ed35d1006,7710,24610,-97,1596530379396 01022023-688f-0000-0047-15c1cebb02d6,3114,21554,-97,1596530379212 b5b182c7-eab1-4988-aa99-b5c1517008d9,1,38761,-86,1596530376428 b5b182c7-eab1-4988-aa99-b5c1517008d9,1,50110,-86,1596530379249 01022022-f78f-0100-00d3-0ed396cf66c5,3161,19205,-97,1596530370022 0102202b-888f-0100-0000-4958fc9734cc,4328,65322,-84,1596530369413 01022002-f98f-0000-0009-b0ad290ee495,54931,58756,-77,1596530374400
1596530379446 b5b182c7-eab1-4988-aa99-b5c1517008d9,1,27480,-78,1596530379141 b5b182c7-eab1-4988-aa99-b5c1517008d9,1,32491,-87,1596530368754 ea43594a-1652-4c0a-a396-ae4877d105f0,151,55782,-86,1596530369395 b5b182c7-eab1-4988-aa99-b5c1517008d9,1,30535,-74,1596530379364 00bae9b2-78aa-7187-046e-f1b9a5251006,7710,24610,-74,1596530377688 00bbe97d-8eb4-578d-6ad8-e29ed35d1006,7710,24610,-97,1596530379396 01022023-688f-0000-0047-15c1cebb02d6,3114,21554,-97,1596530379212 b5b182c7-eab1-4988-aa99-b5c1517008d9,1,38761,-86,1596530376428 b5b182c7-eab1-4988-aa99-b5c1517008d9,1,50110,-86,1596530379446 01022022-f78f-0100-00d3-0ed396cf66c5,3161,19205,-97,1596530370022 0102202b-888f-0100-0000-4958fc9734cc,4328,65322,-84,1596530369413 01022002-f98f-0000-0009-b0ad290ee495,54931,58756,-77,1596530374400
1596530379462 b5b182c7-eab1-4988-aa99-b5c1517008d9,1,27480,-78,1596530379141 b5b182c7-eab1-4988-aa99-b5c1517008d9,1,32491,-87,1596530368754 ea43594a-1652-4c0a-a396-ae4877d105f0,151,55782,-86,1596530369395 b5b182c7-eab1-4988-aa99-b5c1517008d9,1,30535,-74,1596530379365 00bae9b2-78aa-7187-046e-f1b9a5251006,7710,24610,-74,1596530377688 00bbe97d-8eb4-578d-6ad8-e29ed35d1006,7710,24610,-97,1596530379462 01022023-688f-0000-0047-15c1cebb02d6,3114,21554,-97,1596530379212 b5b182c7-eab1-4988-aa99-b5c1517008d9,1,38761,-86,1596530376428 b5b182c7-eab1-4988-aa99-b5c1517008d9,1,50110,-86,1596530379446 01022022-f78f-0100-00d3-0ed396cf66c5,3161,19205,-97,1596530370022 0102202b-888f-0100-0000-4958fc9734cc,4328,65322,-84,1596530369413 01022002-f98f-0000-0009-b0ad290ee495,54931,58756,-77,1596530374399
1596530379536 b5b182c7-eab1-4988-aa99-b5c1517008d9,1,27480,-78,1596530379141 b5b182c7-eab1-4988-aa99-b5c1517008d9,1,32491,-87,1596530368754 ea43594a-1652-4c0a-a396-ae4877d105f0,151,55782,-86,1596530369395 b5b182c7-eab1-4988-aa99-b5c1517008d9,1,30535,-74,1596530379364 00bae9b2-78aa-7187-046e-f1b9a5251006,7710,24610,-74,1596530377688 00bbe97d-8eb4-578d-6ad8-e29ed35d1006,7710,24610,-97,1596530379462 01022023-688f-0000-0047-15c1cebb02d6,3114,21554,-97,1596530379212 b5b182c7-eab1-4988-aa99-b5c1517008d9,1,38761,-86,1596530379536 b5b182c7-eab1-4988-aa99-b5c1517008d9,1,50110,-86,1596530379446 01022022-f78f-0100-00d3-0ed396cf66c5,3161,19205,-97,1596530370022 0102202b-888f-0100-0000-4958fc9734cc,4328,65322,-84,1596530369413 01022002-f98f-0000-0009-b0ad290ee495,54931,58756,-77,1596530374400
1596530379617 b5b182c7-eab1-4988-aa99-b5c1517008d9,1,27480,-78,1596530379141 b5b182c7-eab1-4988-aa99-b5c1517008d9,1,32491,-87,1596530368753 ea43594a-1652-4c0a-a396-ae4877d105f0,151,55782,-86,1596530369395 b5b182c7-eab1-4988-aa99-b5c1517008d9,1,30535,-74,1596530379365 00bae9b2-78aa-7187-046e-f1b9a5251006,7710,24610,-74,1596530377688 00bbe97d-8eb4-578d-6ad8-e29ed35d1006,7710,24610,-97,1596530379462 01022023-688f-0000-0047-15c1cebb02d6,3114,21554,-97,1596530379212 b5b182c7-eab1-4988-aa99-b5c1517008d9,1,38761,-86,1596530379536 b5b182c7-eab1-4988-aa99-b5c1517008d9,1,50110,-86,1596530379617 01022022-f78f-0100-00d3-0ed396cf66c5,3161,19205,-97,1596530370022 0102202b-888f-0100-0000-4958fc9734cc,4328,65322,-84,1596530369413 01022002-f98f-0000-0009-b0ad290ee495,54931,58756,-77,1596530374400
1596530379653 b5b182c7-eab1-4988-aa99-b5c1517008d9,1,27480,-78,1596530379141 b5b182c7-eab1-4988-aa99-b5c1517008d9,1,32491,-87,1596530368754 ea43594a-1652-4c0a-a396-ae4877d105f0,151,55782,-86,1596530369395 b5b182c7-eab1-4988-aa99-b5c1517008d9,1,30535,-74,1596530379365 00bae9b2-78aa-7187-046e-f1b9a5251006,7710,24610,-74,1596530377688 00bbe97d-8eb4-578d-6ad8-e29ed35d1006,7710,24610,-97,1596530379653 01022023-688f-0000-0047-15c1cebb02d6,3114,21554,-97,1596530379212 b5b182c7-eab1-4988-aa99-b5c1517008d9,1,38761,-86,1596530379536 b5b182c7-eab1-4988-aa99-b5c1517008d9,1,50110,-86,1596530379617 01022022-f78f-0100-00d3-0ed396cf66c5,3161,19205,-97,1596530370021 0102202b-888f-0100-0000-4958fc9734cc,4328,65322,-84,1596530369413 01022002-f98f-0000-0009-b0ad290ee495,54931,58756,-77,1596530374400
1596530380249 b5b182c7-eab1-4988-aa99-b5c1517008d9,1,27480,-78,1596530379141 b5b182c7-eab1-4988-aa99-b5c1517008d9,1,32491,-87,1596530368754 b5b182c7-eab1-4988-aa99-b5c1517008d9,1,23037,-95,1596530380249 b5b182c7-eab1-4988-aa99-b5c1517008d9,1,30535,-74,1596530379365 01022023-688f-0000-0047-15c1cebb02d6,3114,21554,-97,1596530379212 b5b182c7-eab1-4988-aa99-b5c1517008d9,1,38761,-86,1596530379536 01022002-f98f-0000-0009-b0ad290ee495,54931,58756,-77,1596530374399 ea43594a-1652-4c0a-a396-ae4877d105f0,151,55782,-86,1596530369395 00bae9b2-78aa-7187-046e-f1b9a5251006,7710,24610,-74,1596530377688 00bbe97d-8eb4-578d-6ad8-e29ed35d1006,7710,24610,-97,1596530379653 b5b182c7-eab1-4988-aa99-b5c1517008d9,1,50110,-86,1596530379617 01022022-f78f-0100-00d3-0ed396cf66c5,3161,19205,-97,1596530370022 0102202b-888f-0100-0000-4958fc9734cc,4328,65322,-84,1596530369413
1596530380276 b5b182c7-eab1-4988-aa99-b5c1517008d9,1,27480,-78,1596530379141 b5b182c7-eab1-4988-aa99-b5c1517008d9,1,32491,-87,1596530368754 b5b182c7-eab1-4988-aa99-b5c1517008d9,1,23037,-95,1596530380249 b5b182c7-eab1-4988-aa99-b5c1517008d9,1,30535,-74,1596530379364 01022023-688f-0000-0047-15c1cebb02d6,3114,21554,-97,1596530380276 b5b182c7-eab1-4988-aa99-b5c1517008d9,1,38761,-86,1596530379536 01022002-f98f-0000-0009-b0ad290ee495,54931,58756,-77,1596530374400 ea43594a-1652-4c0a-a396-ae4877d105f0,151,55782,-86,1596530369395 00bae9b2-78aa-7187-046e-f1b9a5251006,7710,24610,-74,1596530377688 00bbe97d-8eb4-578d-6ad8-e29ed35d1006,7710,24610,-97,1596530379653 b5b182c7-eab1-4988-aa99-b5c1517008d9,1,50110,-86,1596530379617 01022022-f78f-0100-00d3-0ed396cf66c5,3161,19205,-97,1596530370022 0102202b-888f-0100-0000-4958fc9734cc,4328,65322,-84,1596530369413
1596530384105 b5b182c7-eab1-4988-aa99-b5c1517008d9,1,27480,-78,1596530379141 b5b182c7-eab1-4988-aa99-b5c1517008d9,1,32491,-87,1596530368754 b5b182c7-eab1-4988-aa99-b5c1517008d9,1,23037,-95,1596530380249 b5b182c7-eab1-4988-aa99-b5c1517008d9,1,30535,-74,1596530379365 01022023-688f-0000-0047-15c1cebb02d6,3114,21554,-97,1596530380276 b5b182c7-eab1-4988-aa99-b5c1517008d9,1,38761,-86,1596530379536 01022002-f98f-0000-0009-b0ad290ee495,54931,58756,-77,1596530384105 ea43594a-1652-4c0a-a396-ae4877d105f0,151,55782,-86,1596530369395 00bae9b2-78aa-7187-046e-f1b9a5251006,7710,24610,-74,1596530377688 00bbe97d-8eb4-578d-6ad8-e29ed35d1006,7710,24610,-97,1596530379653 b5b182c7-eab1-4988-aa99-b5c1517008d9,1,50110,-86,1596530379617 01022022-f78f-0100-00d3-0ed396cf66c5,3161,19205,-97,1596530370022 0102202b-888f-0100-0000-4958fc9734cc,4328,65322,-84,1596530369413
1596530384169 b5b182c7-eab1-4988-aa99-b5c1517008d9,1,27480,-78,1596530379141 b5b182c7-eab1-4988-aa99-b5c1517008d9,1,32491,-87,1596530368754 b5b182c7-eab1-4988-aa99-b5c1517008d9,1,23037,-95,1596530380249 b5b182c7-eab1-4988-aa99-b5c1517008d9,1,30535,-74,1596530379365 01022023-688f-0000-0047-15c1cebb02d6,3114,21554,-97,1596530380276 b5b182c7-eab1-4988-aa99-b5c1517008d9,1,38761,-86,1596530379536 01022002-f98f-0000-0009-b0ad290ee495,54931,58756,-77,1596530384105 b5b182c7-eab1-4988-aa99-b5c1517008d9,1,51769,-85,1596530384169 ea43594a-1652-4c0a-a396-ae4877d105f0,151,55782,-86,1596530369395 00bae9b2-78aa-7187-046e-f1b9a5251006,7710,24610,-74,1596530377687 00bbe97d-8eb4-578d-6ad8-e29ed35d1006,7710,24610,-97,1596530379652 b5b182c7-eab1-4988-aa99-b5c1517008d9,1,50110,-86,1596530379617 01022022-f78f-0100-00d3-0ed396cf66c5,3161,19205,-97,1596530370022 0102202b-888f-0100-0000-4958fc9734cc,4328,65322,-84,1596530369413
1596530384218 b5b182c7-eab1-4988-aa99-b5c1517008d9,1,27480,-78,1596530379141 b5b182c7-eab1-4988-aa99-b5c1517008d9,1,32491,-87,1596530368754 b5b182c7-eab1-4988-aa99-b5c1517008d9,1,23037,-95,1596530380248 b5b182c7-eab1-4988-aa99-b5c1517008d9,1,30535,-74,1596530379364 01022023-688f-0000-0047-15c1cebb02d6,3114,21554,-97,1596530380276 b5b182c7-eab1-4988-aa99-b5c1517008d9,1,38761,-86,1596530379536 01022002-f98f-0000-0009-b0ad290ee495,54931,58756,-77,1596530384105 b5b182c7-eab1-4988-aa99-b5c1517008d9,1,51769,-85,1596530384169 ea43594a-1652-4c0a-a396-ae4877d105f0,151,55782,-86,1596530369395 00bae9b2-78aa-7187-046e-f1b9a5251006,7710,24610,-74,1596530377688 00bbe97d-8eb4-578d-6ad8-e29ed35d1006,7710,24610,-97,1596530379653 b5b182c7-eab1-4988-aa99-b5c1517008d9,1,50110,-86,1596530384218 01022022-f78f-0100-00d3-0ed396cf66c5,3161,19205,-97,1596530370022 0102202b-888f-0100-0000-4958fc9734cc,4328,65322,-84,1596530369413
1596530384351 b5b182c7-eab1-4988-aa99-b5c1517008d9,1,27480,-78,1596530379141 b5b182c7-eab1-4988-aa99-b5c1517008d9,1,32491,-87,1596530368754 b5b182c7-eab1-4988-aa99-b5c1517008d9,1,23037,-95,1596530380249 b5b182c7-eab1-4988-aa99-b5c1517008d9,1,30535,-74,1596530379365 01022023-688f-0000-0047-15c1cebb02d6,3114,21554,-97,1596530380276 b5b182c7-eab1-4988-aa99-b5c1517008d9,1,38761,-86,1596530379536 01022002-f98f-0000-0009-b0ad290ee495,54931,58756,-77,1596530384105 b5b182c7-eab1-4988-aa99-b5c1517008d9,1,51769,-85,1596530384169 ea43594a-1652-4c0a-a396-ae4877d105f0,151,55782,-86,1596530369395 00bae9b2-78aa-7187-046e-f1b9a5251006,7710,24610,-74,1596530377688 00bbe97d-8eb4-578d-6ad8-e29ed35d1006,7710,24610,-97,1596530379653 b5b182c7-eab1-4988-aa99-b5c1517008d9,1,50110,-86,1596530384217 01022022-f78f-0100-00d3-0ed396cf66c5,3161,19205,-97,1596530370022 0102202b-888f-0100-0000-4958fc9734cc,4328,65322,-84,1596530384352
1596530384392 b5b182c7-eab1-4988-aa99-b5c1517008d9,1,27480,-78,1596530379141 b5b182c7-eab1-4988-aa99-b5c1517008d9,1,32491,-87,1596530368754 b5b182c7-eab1-4988-aa99-b5c1517008d9,1,23037,-95,1596530380249 b5b182c7-eab1-4988-aa99-b5c1517008d9,1,30535,-74,1596530379365 01022023-688f-0000-0047-15c1cebb02d6,3114,21554,-97,1596530380276 b5b182c7-eab1-4988-aa99-b5c1517008d9,1,38761,-86,1596530379536 01022002-f98f-0000-0009-b0ad290ee495,54931,58756,-77,1596530384392 b5b182c7-eab1-4988-aa99-b5c1517008d9,1,51769,-85,1596530384169 ea43594a-1652-4c0a-a396-ae4877d105f0,151,55782,-86,1596530369395 00bae9b2-78aa-7187-046e-f1b9a5251006,7710,24610,-74,1596530377688 00bbe97d-8eb4-578d-6ad8-e29ed35d1006,7710,24610,-97,1596530379653 b5b182c7-eab1-4988-aa99-b5c1517008d9,1,50110,-86,1596530384218 01022022-f78f-0100-00d3-0ed396cf66c5,3161,19205,-97,1596530370022 0102202b-888f-0100-0000-4958fc9734cc,4328,65322,-84,1596530384352
1596530384411 b5b182c7-eab1-4988-aa99-b5c1517008d9,1,27480,-78,1596530379141 b5b182c7-eab1-4988-aa99-b5c1517008d9,1,32491,-87,1596530368754 b5b182c7-eab1-4988-aa99-b5c1517008d9,1,23037,-95,1596530380249 b5b182c7-eab1-4988-aa99-b5c1517008d9,1,30535,-74,1596530379365 01022023-688f-0000-0047-15c1cebb02d6,3114,21554,-97,1596530380276 b5b182c7-eab1-4988-aa99-b5c1517008d9,1,38761,-86,1596530379536 01022002-f98f-0000-0009-b0ad290ee495,54931,58756,-77,1596530384392 b5b182c7-eab1-4988-aa99-b5c1517008d9,1,51769,-85,1596530384169 ea43594a-1652-4c0a-a396-ae4877d105f0,151,55782,-86,1596530369395 1cd7412e-a3b1-4084-a538-d07975e147f4,55897,42613,-90,1596530384411 00bae9b2-78aa-7187-046e-f1b9a5251006,7710,24610,-74,1596530377688 00bbe97d-8eb4-578d-6ad8-e29ed35d1006,7710,24610,-97,1596530379653 b5b182c7-eab1-4988-aa99-b5c1517008d9,1,50110,-86,1596530384218 01022022-f78f-0100-00d3-0ed396cf66c5,3161,19205,-97,1596530370022 0102202b-888f-0100-0000-4958fc9734cc,4328,65322,-84,1596530384352
1596530384509 b5b182c7-eab1-4988-aa99-b5c1517008d9,1,27480,-78,1596530379141 b5b182c7-eab1-4988-aa99-b5c1517008d9,1,32491,-87,1596530384510 b5b182c7-eab1-4988-aa99-b5c1517008d9,1,23037,-95,1596530380249 b5b182c7-eab1-4988-aa99-b5c1517008d9,1,30535,-74,1596530379365 01022023-688f-0000-0047-15c1cebb02d6,3114,21554,-97,1596530380276 b5b182c7-eab1-4988-aa99-b5c1517008d9,1,38761,-86,1596530379536 01022002-f98f-0000-0009-b0ad290ee495,54931,58756,-77,1596530384392 b5b182c7-eab1-4988-aa99-b5c1517008d9,1,51769,-85,1596530384169 ea43594a-1652-4c0a-a396-ae4877d105f0,151,55782,-86,1596530369395 1cd7412e-a3b1-4084-a538-d07975e147f4,55897,42613,-90,1596530384411 00bae9b2-78aa-7187-046e-f1b9a5251006,7710,24610,-74,1596530377688 00bbe97d-8eb4-578d-6ad8-e29ed35d1006,7710,24610,-97,1596530379653 b5b182c7-eab1-4988-aa99-b5c1517008d9,1,50110,-86,1596530384218 01022022-f78f-0100-00d3-0ed396cf66c5,3161,19205,-97,1596530370022 0102202b-888f-0100-0000-4958fc9734cc,4328,65322,-84,1596530384351
1596530384578 b5b182c7-eab1-4988-aa99-b5c1517008d9,1,27480,-78,1596530379140 b5b182c7-eab1-4988-aa99-b5c1517008d9,1,32491,-87,1596530384509 b5b182c7-eab1-4988-aa99-b5c1517008d9,1,23037,-95,1596530380249 b5b182c7-eab1-4988-aa99-b5c1517008d9,1,30535,-74,1596530379365 01022023-688f-0000-0047-15c1cebb02d6,3114,21554,-97,1596530380276 b5b182c7-eab1-4988-aa99-b5c1517008d9,1,38761,-86,1596530379536 01022002-f98f-0000-0009-b0ad290ee495,54931,58756,-77,1596530384392 008b0f68-446b-5f8c-8d6a-96d970bdad84,63029,60562,-63,1596530384578 b5b182c7-eab1-4988-aa99-b5c1517008d9,1,51769,-85,1596530384169 ea43594a-1652-4c0a-a396-ae4877d105f0,151,55782,-86,1596530369395 1cd7412e-a3b1-4084-a538-d07975e147f4,55897,42613,-90,1596530384411 00bae9b2-78aa-7187-046e-f1b9a5251006,7710,24610,-74,1596530377688 00bbe97d-8eb4-578d-6ad8-e29ed35d1006,7710,24610,-97,1596530379653 b5b182c7-eab1-4988-aa99-b5c1517008d9,1,50110,-86,1596530384218 01022022-f78f-0100-00d3-0ed396cf66c5,3161,19205,-97,1596530370022 0102202b-888f-0100-0000-4958fc9734cc,4328,65322,-84,1596530384352
1596530384595 b5b182c7-eab1-4988-aa99-b5c1517008d9,1,27480,-78,1596530379141 b5b182c7-eab1-4988-aa99-b5c1517008d9,1,32491,-87,1596530384510 b5b182c7-eab1-4988-aa99-b5c1517008d9,1,23037,-95,1596530380249 b5b182c7-eab1-4988-aa99-b5c1517008d9,1,30535,-74,1596530379365 01022023-688f-0000-0047-15c1cebb02d6,3114,21554,-97,1596530380276 b5b182c7-eab1-4988-aa99-b5c1517008d9,1,38761,-86,1596530379536 01022002-f98f-0000-0009-b0ad290ee495,54931,58756,-77,1596530384392 008b0f68-446b-5f8c-8d6a-96d970bdad84,63029,60562,-63,1596530384578 b5b182c7-eab1-4988-aa99-b5c1517008d9,1,51769,-85,1596530384169 ea43594a-1652-4c0a-a396-ae4877d105f0,151,55782,-86,1596530369395 1cd7412e-a3b1-4084-a538-d07975e147f4,55897,42613,-90,1596530384411 00bae9b2-78aa-7187-046e-f1b9a5251006,7710,24610,-74,1596530377688 00bbe97d-8eb4-578d-6ad8-e29ed35d1006,7710,24610,-97,1596530379653 b5b182c7-eab1-4988-aa99-b5c1517008d9,1,50110,-86,1596530384595 01022022-f78f-0100-00d3-0ed396cf66c5,3161,19205,-97,1596530370022 0102202b-888f-0100-0000-4958fc9734cc,4328,65322,-84,1596530384352
1596530384631 b5b182c7-eab1-4988-aa99-b5c1517008d9,1,27480,-78,1596530379141 b5b182c7-eab1-4988-aa99-b5c1517008d9,1,32491,-87,1596530384510 b5b182c7-eab1-4988-aa99-b5c1517008d9,1,23037,-95,1596530380249 b5b182c7-eab1-4988-aa99-b5c1517008d9,1,30535,-74,1596530379365 01022023-688f-0000-0047-15c1cebb02d6,3114,21554,-97,1596530380276 b5b182c7-eab1-4988-aa99-b5c1517008d9,1,38761,-86,1596530379536 01022002-f98f-0000-0009-b0ad290ee495,54931,58756,-77,1596530384392 008b0f68-446b-5f8c-8d6a-96d970bdad84,63029,60562,-63,1596530384578 b5b182c7-eab1-4988-aa99-b5c1517008d9,1,51769,-85,1596530384169 ea43594a-1652-4c0a-a396-ae4877d105f0,151,55782,-86,1596530369395 1cd7412e-a3b1-4084-a538-d07975e147f4,55897,42613,-90,1596530384411 00bae9b2-78aa-7187-046e-f1b9a5251006,7710,24610,-74,1596530377687 00bbe97d-8eb4-578d-6ad8-e29ed35d1006,7710,24610,-97,1596530379652 b5b182c7-eab1-4988-aa99-b5c1517008d9,1,50110,-86,1596530384594 01022022-f78f-0100-00d3-0ed396cf66c5,3161,19205,-97,1596530370022 0102202b-888f-0100-0000-4958fc9734cc,4328,65322,-84,1596530384631
1596530384716 b5b182c7-eab1-4988-aa99-b5c1517008d9,1,27480,-78,1596530379141 b5b182c7-eab1-4988-aa99-b5c1517008d9,1,32491,-87,1596530384510 b5b182c7-eab1-4988-aa99-b5c1517008d9,1,23037,-95,1596530380249 b5b182c7-eab1-4988-aa99-b5c1517008d9,1,19615,-97,1596530384716 b5b182c7-eab1-4988-aa99-b5c1517008d9,1,30535,-74,1596530379365 01022023-688f-0000-0047-15c1cebb02d6,3114,21554,-97,1596530380276 b5b182c7-eab1-4988-aa99-b5c1517008d9,1,38761,-86,1596530379536 01022002-f98f-0000-0009-b0ad290ee495,54931,58756,-77,1596530384392 008b0f68-446b-5f8c-8d6a-96d970bdad84,63029,60562,-63,1596530384578 b5b182c7-eab1-4988-aa99-b5c1517008d9,1,51769,-85,1596530384169 ea43594a-1652-4c0a-a396-ae4877d105f0,151,55782,-86,1596530369395 1cd7412e-a3b1-4084-a538-d07975e147f4,55897,42613,-90,1596530384411 00bae9b2-78aa-7187-046e-f1b9a5251006,7710,24610,-74,1596530377688 00bbe97d-8eb4-578d-6ad8-e29ed35d1006,7710,24610,-97,1596530379653 b5b182c7-eab1-4988-aa99-b5c1517008d9,1,50110,-86,1596530384595 01022022-f78f-0100-00d3-0ed396cf66c5,3161,19205,-97,1596530370022 0102202b-888f-0100-0000-4958fc9734cc,4328,65322,-84,1596530384631
1596530387941 b5b182c7-eab1-4988-aa99-b5c1517008d9,1,27480,-78,1596530379141 b5b182c7-eab1-4988-aa99-b5c1517008d9,1,32491,-87,1596530387941 b5b182c7-eab1-4988-aa99-b5c1517008d9,1,23037,-95,1596530380249 b5b182c7-eab1-4988-aa99-b5c1517008d9,1,19615,-97,1596530384716 b5b182c7-eab1-4988-aa99-b5c1517008d9,1,30535,-74,1596530379365 01022023-688f-0000-0047-15c1cebb02d6,3114,21554,-97,1596530380276 b5b182c7-eab1-4988-aa99-b5c1517008d9,1,38761,-86,1596530379536 01022002-f98f-0000-0009-b0ad290ee495,54931,58756,-77,1596530384392 008b0f68-446b-5f8c-8d6a-96d970bdad84,63029,60562,-63,1596530384578 b5b182c7-eab1-4988-aa99-b5c1517008d9,1,51769,-85,1596530384169 ea43594a-1652-4c0a-a396-ae4877d105f0,151,55782,-86,1596530369395 1cd7412e-a3b1-4084-a538-d07975e147f4,55897,42613,-90,1596530384411 00bae9b2-78aa-7187-046e-f1b9a5251006,7710,24610,-74,1596530377688 00bbe97d-8eb4-578d-6ad8-e29ed35d1006,7710,24610,-97,1596530379653 b5b182c7-eab1-4988-aa99-b5c1517008d9,1,50110,-86,1596530384595 01022022-f78f-0100-00d3-0ed396cf66c5,3161,19205,-97,1596530370022 0102202b-888f-0100-0000-4958fc9734cc,4328,65322,-84,1596530384631
1596530389276 b5b182c7-eab1-4988-aa99-b5c1517008d9,1,27480,-78,1596530379141 b5b182c7-eab1-4988-aa99-b5c1517008d9,1,32491,-87,1596530387941 b5b182c7-eab1-4988-aa99-b5c1517008d9,1,23037,-95,1596530380249 b5b182c7-eab1-4988-aa99-b5c1517008d9,1,19615,-97,1596530384716 b5b182c7-eab1-4988-aa99-b5c1517008d9,1,30535,-74,1596530379364 01022023-688f-0000-0047-15c1cebb02d6,3114,21554,-97,1596530380275 b5b182c7-eab1-4988-aa99-b5c1517008d9,1,38761,-86,1596530379535 01022002-f98f-0000-0009-b0ad290ee495,54931,58756,-77,1596530384392 008b0f68-446b-5f8c-8d6a-96d970bdad84,63029,60562,-63,1596530384578 b5b182c7-eab1-4988-aa99-b5c1517008d9,1,51769,-85,1596530384169 ea43594a-1652-4c0a-a396-ae4877d105f0,151,55782,-86,1596530369395 1cd7412e-a3b1-4084-a538-d07975e147f4,55897,42613,-90,1596530384411 b5b182c7-eab1-4988-aa99-b5c1517008d9,1,26667,-78,1596530389276 00bae9b2-78aa-7187-046e-f1b9a5251006,7710,24610,-74,1596530377688 00bbe97d-8eb4-578d-6ad8-e29ed35d1006,7710,24610,-97,1596530379653 b5b182c7-eab1-4988-aa99-b5c1517008d9,1,50110,-86,1596530384595 01022022-f78f-0100-00d3-0ed396cf66c5,3161,19205,-97,1596530370022 0102202b-888f-0100-0000-4958fc9734cc,4328,65322,-84,1596530384630
1596530389361 b5b182c7-eab1-4988-aa99-b5c1517008d9,1,27480,-78,1596530379141 b5b182c7-eab1-4988-aa99-b5c1517008d9,1,32491,-87,1596530387941 b5b182c7-eab1-4988-aa99-b5c1517008d9,1,23037,-95,1596530380249 b5b182c7-eab1-4988-aa99-b5c1517008d9,1,19615,-97,1596530384716 b5b182c7-eab1-4988-aa99-b5c1517008d9,1,30535,-74,1596530379365 01022023-688f-0000-0047-15c1cebb02d6,3114,21554,-97,1596530380276 b5b182c7-eab1-4988-aa99-b5c1517008d9,1,38761,-86,1596530379536 01022002-f98f-0000-0009-b0ad290ee495,54931,58756,-77,1596530389361 008b0f68-446b-5f8c-8d6a-96d970bdad84,63029,60562,-63,1596530384578 b5b182c7-eab1-4988-aa99-b5c1517008d9,1,51769,-85,1596530384169 ea43594a-1652-4c0a-a396-ae4877d105f0,151,55782,-86,1596530369395 1cd7412e-a3b1-4084-a538-d07975e147f4,55897,42613,-90,1596530384411 b5b182c7-eab1-4988-aa99-b5c1517008d9,1,26667,-78,1596530389276 00bae9b2-78aa-7187-046e-f1b9a5251006,7710,24610,-74,1596530377687 00bbe97d-8eb4-578d-6ad8-e29ed35d1006,7710,24610,-97,1596530379652 b5b182c7-eab1-4988-aa99-b5c1517008d9,1,50110,-86,1596530384595 01022022-f78f-0100-00d3-0ed396cf66c5,3161,19205,-97,1596530370022 0102202b-888f-0100-0000-4958fc9734cc,4328,65322,-84,1596530384631
1596530389500 b5b182c7-eab1-4988-aa99-b5c1517008d9,1,27480,-78,1596530379141 b5b182c7-eab1-4988-aa99-b5c1517008d9,1,32491,-87,1596530387941 b5b182c7-eab1-4988-aa99-b5c1517008d9,1,23037,-95,1596530380249 b5b182c7-eab1-4988-aa99-b5c1517008d9,1,19615,-97,1596530384716 b5b182c7-eab1-4988-aa99-b5c1517008d9,1,30535,-74,1596530379365 01022023-688f-0000-0047-15c1cebb02d6,3114,21554,-97,1596530380276 b5b182c7-eab1-4988-aa99-b5c1517008d9,1,38761,-86,1596530379536 01022002-f98f-0000-0009-b0ad290ee495,54931,58756,-77,1596530389361 008b0f68-446b-5f8c-8d6a-96d970bdad84,63029,60562,-63,1596530384578 b5b182c7-eab1-4988-aa99-b5c1517008d9,1,51769,-85,1596530384169 ea43594a-1652-4c0a-a396-ae4877d105f0,151,55782,-86,1596530369395 1cd7412e-a3b1-4084-a538-d07975e147f4,55897,42613,-90,1596530384411 b5b182c7-eab1-4988-aa99-b5c1517008d9,1,26667,-78,1596530389276 b5b182c7-eab1-4988-aa99-b5c1517008d9,1,59901,-87,1596530389500 00bae9b2-78aa-7187-046e-f1b9a5251006,7710,24610,-74,1596530377688 00bbe97d-8eb4-578d-6ad8-e29ed35d1006,7710,24610,-97,1596530379653 b5b182c7-eab1-4988-aa99-b5c1517008d9,1,50110,-86,1596530384595 01022022-f78f-0100-00d3-0ed396cf66c5,3161,19205,-97,1596530370022 0102202b-888f-0100-0000-4958fc9734cc,4328,65322,-84,1596530384630
1596530389515 b5b182c7-eab1-4988-aa99-b5c1517008d9,1,27480,-78,1596530379141 b5b182c7-eab1-4988-aa99-b5c1517008d9,1,32491,-87,1596530387941 b5b182c7-eab1-4988-aa99-b5c1517008d9,1,23037,-95,1596530380249 b5b182c7-eab1-4988-aa99-b5c1517008d9,1,19615,-97,1596530384716 b5b182c7-eab1-4988-aa99-b5c1517008d9,1,30535,-74,1596530379365 01022023-688f-0000-0047-15c1cebb02d6,3114,21554,-97,1596530380276 b5b182c7-eab1-4988-aa99-b5c1517008d9,1,38761,-86,1596530379536 01022002-f98f-0000-0009-b0ad290ee495,54931,58756,-77,1596530389514 008b0f68-446b-5f8c-8d6a-96d970bdad84,63029,60562,-63,1596530384577 b5b182c7-eab1-4988-aa99-b5c1517008d9,1,51769,-85,1596530384168 ea43594a-1652-4c0a-a396-ae4877d105f0,151,55782,-86,1596530369395 1cd7412e-a3b1-4084-a538-d07975e147f4,55897,42613,-90,1596530384411 b5b182c7-eab1-4988-aa99-b5c1517008d9,1,26667,-78,1596530389276 b5b182c7-eab1-4988-aa99-b5c1517008d9,1,59901,-87,1596530389500 00bae9b2-78aa-7187-046e-f1b9a5251006,7710,24610,-74,1596530377688 00bbe97d-8eb4-578d-6ad8-e29ed35d1006,7710,24610,-97,1596530379653 b5b182c7-eab1-4988-aa99-b5c1517008d9,1,50110,-86,1596530384595 01022022-f78f-0100-00d3-0ed396cf66c5,3161,19205,-97,1596530370022 0102202b-888f-0100-0000-4958fc9734cc,4328,65322,-84,1596530384631
1596530394348 b5b182c7-eab1-4988-aa99-b5c1517008d9,1,27480,-78,1596530379140 b5b182c7-eab1-4988-aa99-b5c1517008d9,1,32491,-87,1596530387941 b5b182c7-eab1-4988-aa99-b5c1517008d9,1,23037,-95,1596530380249 b5b182c7-eab1-4988-aa99-b5c1517008d9,1,19615,-97,1596530384716 b5b182c7-eab1-4988-aa99-b5c1517008d9,1,30535,-74,1596530379365 01022023-688f-0000-0047-15c1cebb02d6,3114,21554,-97,1596530380276 b5b182c7-eab1-4988-aa99-b5c1517008d9,1,38761,-86,1596530379536 01022002-f98f-0000-0009-b0ad290ee495,54931,58756,-77,1596530389515 008b0f68-446b-5f8c-8d6a-96d970bdad84,63029,60562,-63,1596530384578 b5b182c7-eab1-4988-aa99-b5c1517008d9,1,51769,-85,1596530384169 ea43594a-1652-4c0a-a396-ae4877d105f0,151,55782,-86,1596530369395 1cd7412e-a3b1-4084-a538-d07975e147f4,55897,42613,-90,1596530384411 b5b182c7-eab1-4988-aa99-b5c1517008d9,1,26667,-78,1596530389276 b5b182c7-eab1-4988-aa99-b5c1517008d9,1,59901,-87,1596530389500 00bae9b2-78aa-7187-046e-f1b9a5251006,7710,24610,-74,1596530377688 00bbe97d-8eb4-578d-6ad8-e29ed35d1006,7710,24610,-97,1596530379653 b5b182c7-eab1-4988-aa99-b5c1517008d9,1,50110,-86,1596530384595 01022022-f78f-0100-00d3-0ed396cf66c5,3161,19205,-97,1596530370022 0102202b-888f-0100-0000-4958fc9734cc,4328,65322,-84,1596530394349
1596530394369 ea43594a-1652-4c0a-a396-ae4877d105f0,7734,27390,-96,1596530394369 b5b182c7-eab1-4988-aa99-b5c1517008d9,1,27480,-78,1596530379141 b5b182c7-eab1-4988-aa99-b5c1517008d9,1,32491,-87,1596530387941 b5b182c7-eab1-4988-aa99-b5c1517008d9,1,23037,-95,1596530380249 b5b182c7-eab1-4988-aa99-b5c1517008d9,1,19615,-97,1596530384716 b5b182c7-eab1-4988-aa99-b5c1517008d9,1,30535,-74,1596530379365 01022023-688f-0000-0047-15c1cebb02d6,3114,21554,-97,1596530380276 b5b182c7-eab1-4988-aa99-b5c1517008d9,1,38761,-86,1596530379536 01022002-f98f-0000-0009-b0ad290ee495,54931,58756,-77,1596530389515 008b0f68-446b-5f8c-8d6a-96d970bdad84,63029,60562,-63,1596530384578 b5b182c7-eab1-4988-aa99-b5c1517008d9,1,51769,-85,1596530384169 ea43594a-1652-4c0a-a396-ae4877d105f0,151,55782,-86,1596530369395 1cd7412e-a3b1-4084-a538-d07975e147f4,55897,42613,-90,1596530384411 b5b182c7-eab1-4988-aa99-b5c1517008d9,1,26667,-78,1596530389276 b5b182c7-eab1-4988-aa99-b5c1517008d9,1,59901,-87,1596530389500 00bae9b2-78aa-7187-046e-f1b9a5251006,7710,24610,-74,1596530377688 00bbe97d-8eb4-578d-6ad8-e29ed35d1006,7710,24610,-97,1596530379653 b5b182c7-eab1-4988-aa99-b5c1517008d9,1,50110,-86,1596530384595 01022022-f78f-0100-00d3-0ed396cf66c5,3161,19205,-97,1596530370022 0102202b-888f-0100-0000-4958fc9734cc,4328,65322,-84,1596530394349
1596530403354 ea43594a-1652-4c0a-a396-ae4877d105f0,7734,27390,-96,1596530394369 b5b182c7-eab1-4988-aa99-b5c1517008d9,1,27480,-78,1596530379141 b5b182c7-eab1-4988-aa99-b5c1517008d9,1,32491,-87,1596530387941 b5b182c7-eab1-4988-aa99-b5c1517008d9,1,23037,-95,1596530380249 b5b182c7-eab1-4988-aa99-b5c1517008d9,1,19615,-97,1596530384716 b5b182c7-eab1-4988-aa99-b5c1517008d9,1,30535,-74,1596530379364 01022023-688f-0000-0047-15c1cebb02d6,3114,21554,-97,1596530403354 b5b182c7-eab1-4988-aa99-b5c1517008d9,1,38761,-86,1596530379536 01022002-f98f-0000-0009-b0ad290ee495,54931,58756,-77,1596530389515 008b0f68-446b-5f8c-8d6a-96d970bdad84,63029,60562,-63,1596530384578 b5b182c7-eab1-4988-aa99-b5c1517008d9,1,51769,-85,1596530384169 ea43594a-1652-4c0a-a396-ae4877d105f0,151,55782,-86,1596530369395 1cd7412e-a3b1-4084-a538-d07975e147f4,55897,42613,-90,1596530384411 b5b182c7-eab1-4988-aa99-b5c1517008d9,1,26667,-78,1596530389276 b5b182c7-eab1-4988-aa99-b5c1517008d9,1,59901,-87,1596530389499 00bae9b2-78aa-7187-046e-f1b9a5251006,7710,24610,-74,1596530377688 00bbe97d-8eb4-578d-6ad8-e29ed35d1006,7710,24610,-97,1596530379653 b5b182c7-eab1-4988-aa99-b5c1517008d9,1,50110,-86,1596530384595 01022022-f78f-0100-00d3-0ed396cf66c5,3161,19205,-97,1596530370022 0102202b-888f-0100-0000-4958fc9734cc,4328,65322,-84,1596530394349
1596530403550 ea43594a-1652-4c0a-a396-ae4877d105f0,7734,27390,-96,1596530394369 b5b182c7-eab1-4988-aa99-b5c1517008d9,1,27480,-78,1596530379141 b5b182c7-eab1-4988-aa99-b5c1517008d9,1,32491,-87,1596530387941 b5b182c7-eab1-4988-aa99-b5c1517008d9,1,23037,-95,1596530380249 b5b182c7-eab1-4988-aa99-b5c1517008d9,1,19615,-97,1596530384716 b5b182c7-eab1-4988-aa99-b5c1517008d9,1,30535,-74,1596530379365 01022023-688f-0000-0047-15c1cebb02d6,3114,21554,-97,1596530403551 b5b182c7-eab1-4988-aa99-b5c1517008d9,1,38761,-86,1596530379536 01022002-f98f-0000-0009-b0ad290ee495,54931,58756,-77,1596530389515 008b0f68-446b-5f8c-8d6a-96d970bdad84,63029,60562,-63,1596530384578 b5b182c7-eab1-4988-aa99-b5c1517008d9,1,51769,-85,1596530384169 ea43594a-1652-4c0a-a396-ae4877d105f0,151,55782,-86,1596530369395 1cd7412e-a3b1-4084-a538-d07975e147f4,55897,42613,-90,1596530384411 b5b182c7-eab1-4988-aa99-b5c1517008d9,1,26667,-78,1596530389276 b5b182c7-eab1-4988-aa99-b5c1517008d9,1,59901,-87,1596530389500 00bae9b2-78aa-7187-046e-f1b9a5251006,7710,24610,-74,1596530377688 00bbe97d-8eb4-578d-6ad8-e29ed35d1006,7710,24610,-97,1596530379653 b5b182c7-eab1-4988-aa99-b5c1517008d9,1,50110,-86,1596530384595 01022022-f78f-0100-00d3-0ed396cf66c5,3161,19205,-97,1596530370022 0102202b-888f-0100-0000-4958fc9734cc,4328,65322,-84,1596530394349
1596530403846 ea43594a-1652-4c0a-a396-ae4877d105f0,7734,27390,-96,1596530394368 b5b182c7-eab1-4988-aa99-b5c1517008d9,1,27480,-78,1596530379140 b5b182c7-eab1-4988-aa99-b5c1517008d9,1,32491,-87,1596530387941 b5b182c7-eab1-4988-aa99-b5c1517008d9,1,23037,-95,1596530380249 b5b182c7-eab1-4988-aa99-b5c1517008d9,1,19615,-97,1596530384716 b5b182c7-eab1-4988-aa99-b5c1517008d9,1,30535,-74,1596530379365 01022023-688f-0000-0047-15c1cebb02d6,3114,21554,-97,1596530403551 b5b182c7-eab1-4988-aa99-b5c1517008d9,1,38761,-86,1596530379536 01022002-f98f-0000-0009-b0ad290ee495,54931,58756,-77,1596530403846 008b0f68-446b-5f8c-8d6a-96d970bdad84,63029,60562,-63,1596530384578 b5b182c7-eab1-4988-aa99-b5c1517008d9,1,51769,-85,1596530384169 ea43594a-1652-4c0a-a396-ae4877d105f0,151,55782,-86,1596530369395 1cd7412e-a3b1-4084-a538-d07975e147f4,55897,42613,-90,1596530384411 b5b182c7-eab1-4988-aa99-b5c1517008d9,1,26667,-78,1596530389276 b5b182c7-eab1-4988-aa99-b5c1517008d9,1,59901,-87,1596530389500 00bae9b2-78aa-7187-046e-f1b9a5251006,7710,24610,-74,1596530377688 00bbe97d-8eb4-578d-6ad8-e29ed35d1006,7710,24610,-97,1596530379653 b5b182c7-eab1-4988-aa99-b5c1517008d9,1,50110,-86,1596530384595 01022022-f78f-0100-00d3-0ed396cf66c5,3161,19205,-97,1596530370022 0102202b-888f-0100-0000-4958fc9734cc,4328,65322,-84,1596530394349
1596530403905 ea43594a-1652-4c0a-a396-ae4877d105f0,7734,27390,-96,1596530394369 b5b182c7-eab1-4988-aa99-b5c1517008d9,1,27480,-78,1596530379141 b5b182c7-eab1-4988-aa99-b5c1517008d9,1,32491,-87,1596530387941 b5b182c7-eab1-4988-aa99-b5c1517008d9,1,23037,-95,1596530380249 b5b182c7-eab1-4988-aa99-b5c1517008d9,1,19615,-97,1596530384716 b5b182c7-eab1-4988-aa99-b5c1517008d9,1,30535,-74,1596530379364 01022023-688f-0000-0047-15c1cebb02d6,3114,21554,-97,1596530403550 b5b182c7-eab1-4988-aa99-b5c1517008d9,1,38761,-86,1596530379535 01022002-f98f-0000-0009-b0ad290ee495,54931,58756,-77,1596530403845 008b0f68-446b-5f8c-8d6a-96d970bdad84,63029,60562,-63,1596530384578 b5b182c7-eab1-4988-aa99-b5c1517008d9,1,51769,-85,1596530384169 fda50693-a4e2-4fb1-afcf-c6eb07647825,10196,38688,-91,1596530403905 ea43594a-1652-4c0a-a396-ae4877d105f0,151,55782,-86,1596530369395 1cd7412e-a3b1-4084-a538-d07975e147f4,55897,42613,-90,1596530384411 b5b182c7-eab1-4988-aa99-b5c1517008d9,1,26667,-78,1596530389276 b5b182c7-eab1-4988-aa99-b5c1517008d9,1,59901,-87,1596530389500 00bae9b2-78aa-7187-046e-f1b9a5251006,7710,24610,-74,1596530377688 00bbe97d-8eb4-578d-6ad8-e29ed35d1006,7710,24610,-97,1596530379653 b5b182c7-eab1-4988-aa99-b5c1517008d9,1,50110,-86,1596530384595 01022022-f78f-0100-00d3-0ed396cf66c5,3161,19205,-97,1596530370022 0102202b-888f-0100-0000-4958fc9734cc,4328,65322,-84,1596530394349
1596530404035 ea43594a-1652-4c0a-a396-ae4877d105f0,7734,27390,-96,1596530394369 b5b182c7-eab1-4988-aa99-b5c1517008d9,1,27480,-78,1596530379141 b5b182c7-eab1-4988-aa99-b5c1517008d9,1,32491,-87,1596530387941 b5b182c7-eab1-4988-aa99-b5c1517008d9,1,23037,-95,1596530380249 b5b182c7-eab1-4988-aa99-b5c1517008d9,1,19615,-97,1596530384716 b5b182c7-eab1-4988-aa99-b5c1517008d9,1,30535,-74,1596530379365 01022023-688f-0000-0047-15c1cebb02d6,3114,21554,-97,1596530403551 b5b182c7-eab1-4988-aa99-b5c1517008d9,1,38761,-86,1596530379536 01022002-f98f-0000-0009-b0ad290ee495,54931,58756,-77,1596530403846 008b0f68-446b-5f8c-8d6a-96d970bdad84,63029,60562,-63,1596530384578 b5b182c7-eab1-4988-aa99-b5c1517008d9,1,51769,-85,1596530384169 fda50693-a4e2-4fb1-afcf-c6eb07647825,10196,38688,-91,1596530403905 ea43594a-1652-4c0a-a396-ae4877d105f0,151,55782,-86,1596530369395 1cd7412e-a3b1-4084-a538-d07975e147f4,55897,42613,-90,1596530384411 b5b182c7-eab1-4988-aa99-b5c1517008d9,1,26667,-78,1596530389276 b5b182c7-eab1-4988-aa99-b5c1517008d9,1,59901,-87,1596530389500 00bae9b2-78aa-7187-046e-f1b9a5251006,7710,24610,-74,1596530377688 00bbe97d-8eb4-578d-6ad8-e29ed35d1006,7710,24610,-97,1596530379653 b5b182c7-eab1-4988-aa99-b5c1517008d9,1,50110,-86,1596530384595 01022022-f78f-0100-00d3-0ed396cf66c5,3161,19205,-97,1596530370022 0102202b-888f-0100-0000-4958fc9734cc,4328,65322,-84,1596530404034
1596530404431 ea43594a-1652-4c0a-a396-ae4877d105f0,7734,27390,-96,1596530394369 b5b182c7-eab1-4988-aa99-b5c1517008d9,1,27480,-78,1596530379141 b5b182c7-eab1-4988-aa99-b5c1517008d9,1,32491,-87,1596530387941 b5b182c7-eab1-4988-aa99-b5c1517008d9,1,23037,-95,1596530380249 b5b182c7-eab1-4988-aa99-b5c1517008d9,1,19615,-97,1596530384716 b5b182c7-eab1-4988-aa99-b5c1517008d9,1,30535,-74,1596530379365 01022023-688f-0000-0047-15c1cebb02d6,3114,21554,-97,1596530403551 b5b182c7-eab1-4988-aa99-b5c1517008d9,1,38761,-86,1596530379536 01022002-f98f-0000-0009-b0ad290ee495,54931,58756,-77,1596530403846 008b0f68-446b-5f8c-8d6a-96d970bdad84,63029,60562,-63,1596530404431 b5b182c7-eab1-4988-aa99-b5c1517008d9,1,51769,-85,1596530384169 fda50693-a4e2-4fb1-afcf-c6eb07647825,10196,38688,-91,1596530403905 ea43594a-1652-4c0a-a396-ae4877d105f0,151,55782,-86,1596530369395 1cd7412e-a3b1-4084-a538-d07975e147f4,55897,42613,-90,1596530384411 b5b182c7-eab1-4988-aa99-b5c1517008d9,1,26667,-78,1596530389276 b5b182c7-eab1-4988-aa99-b5c1517008d9,1,59901,-87,1596530389500 00bae9b2-78aa-7187-046e-f1b9a5251006,7710,24610,-74,1596530377687 00bbe97d-8eb4-578d-6ad8-e29ed35d1006,7710,24610,-97,1596530379652 b5b182c7-eab1-4988-aa99-b5c1517008d9,1,50110,-86,1596530384595 01022022-f78f-0100-00d3-0ed396cf66c5,3161,19205,-97,1596530370022 0102202b-888f-0100-0000-4958fc9734cc,4328,65322,-84,1596530404035
1596530408556 ea43594a-1652-4c0a-a396-ae4877d105f0,7734,27390,-96,1596530394369 b5b182c7-eab1-4988-aa99-b5c1517008d9,1,27480,-78,1596530379141 b5b182c7-eab1-4988-aa99-b5c1517008d9,1,32491,-87,1596530387941 b5b182c7-eab1-4988-aa99-b5c1517008d9,1,23037,-95,1596530380249 b5b182c7-eab1-4988-aa99-b5c1517008d9,1,19615,-97,1596530384716 b5b182c7-eab1-4988-aa99-b5c1517008d9,1,30535,-74,1596530379365 01022023-688f-0000-0047-15c1cebb02d6,3114,21554,-97,1596530408556 b5b182c7-eab1-4988-aa99-b5c1517008d9,1,38761,-86,1596530379536 01022002-f98f-0000-0009-b0ad290ee495,54931,58756,-77,1596530403846 008b0f68-446b-5f8c-8d6a-96d970bdad84,63029,60562,-63,1596530404431 b5b182c7-eab1-4988-aa99-b5c1517008d9,1,51769,-85,1596530384169 fda50693-a4e2-4fb1-afcf-c6eb07647825,10196,38688,-91,1596530403905 ea43594a-1652-4c0a-a396-ae4877d105f0,151,55782,-86,1596530369395 1cd7412e-a3b1-4084-a538-d07975e147f4,55897,42613,-90,1596530384411 b5b182c7-eab1-4988-aa99-b5c1517008d9,1,26667,-78,1596530389276 b5b182c7-eab1-4988-aa99-b5c1517008d9,1,59901,-87,1596530389500 00bae9b2-78aa-7187-046e-f1b9a5251006,7710,24610,-74,1596530377688 00bbe97d-8eb4-578d-6ad8-e29ed35d1006,7710,24610,-97,1596530379653 b5b182c7-eab1-4988-aa99-b5c1517008d9,1,50110,-86,1596530384595 01022022-f78f-0100-00d3-0ed396cf66c5,3161,19205,-97,1596530370022 0102202b-888f-0100-0000-4958fc9734cc,4328,65322,-84,1596530404035
1596530408686 b5b182c7-eab1-4988-aa99-b5c1517008d9,1,2882,-82,1596530408686 ea43594a-1652-4c0a-a396-ae4877d105f0,7734,27390,-96,1596530394369 b5b182c7-eab1-4988-aa99-b5c1517008d9,1,27480,-78,1596530379141 b5b182c7-eab1-4988-aa99-b5c1517008d9,1,32491,-87,1596530387941 b5b182c7-eab1-4988-aa99-b5c1517008d9,1,23037,-95,1596530380249 b5b182c7-eab1-4988-aa99-b5c1517008d9,1,19615,-97,1596530384715 b5b182c7-eab1-4988-aa99-b5c1517008d9,1,30535,-74,1596530379364 01022023-688f-0000-0047-15c1cebb02d6,3114,21554,-97,1596530408555 b5b182c7-eab1-4988-aa99-b5c1517008d9,1,38761,-86,1596530379536 01022002-f98f-0000-0009-b0ad290ee495,54931,58756,-77,1596530403846 008b0f68-446b-5f8c-8d6a-96d970bdad84,63029,60562,-63,1596530404431 b5b182c7-eab1-4988-aa99-b5c1517008d9,1,51769,-85,1596530384169 fda50693-a4e2-4fb1-afcf-c6eb07647825,10196,38688,-91,1596530403905 ea43594a-1652-4c0a-a396-ae4877d105f0,151,55782,-86,1596530369395 1cd7412e-a3b1-4084-a538-d07975e147f4,55897,42613,-90,1596530384411 b5b182c7-eab1-4988-aa99-b5c1517008d9,1,26667,-78,1596530389276 b5b182c7-eab1-4988-aa99-b5c1517008d9,1,59901,-87,1596530389500 00bae9b2-78aa-7187-046e-f1b9a5251006,7710,24610,-74,1596530377688 00bbe97d-8eb4-578d-6ad8-e29ed35d1006,7710,24610,-97,1596530379653 b5b182c7-eab1-4988-aa99-b5c1517008d9,1,50110,-86,1596530384595 01022022-f78f-0100-00d3-0ed396cf66c5,3161,19205,-97,1596530370022 0102202b-888f-0100-0000-4958fc9734cc,4328,65322,-84,1596530404035
1596530408898 b5b182c7-eab1-4988-aa99-b5c1517008d9,1,2882,-82,1596530408686 ea43594a-1652-4c0a-a396-ae4877d105f0,7734,27390,-96,1596530394369 b5b182c7-eab1-4988-aa99-b5c1517008d9,1,27480,-78,1596530379140 b5b182c7-eab1-4988-aa99-b5c1517008d9,1,32491,-87,1596530387940 b5b182c7-eab1-4988-aa99-b5c1517008d9,1,23037,-95,1596530380249 b5b182c7-eab1-4988-aa99-b5c1517008d9,1,19615,-97,1596530384716 b5b182c7-eab1-4988-aa99-b5c1517008d9,1,30535,-74,1596530379365 01022023-688f-0000-0047-15c1cebb02d6,3114,21554,-97,1596530408556 b5b182c7-eab1-4988-aa99-b5c1517008d9,1,38761,-86,1596530379536 01022002-f98f-0000-0009-b0ad290ee495,54931,58756,-77,1596530408898 008b0f68-446b-5f8c-8d6a-96d970bdad84,63029,60562,-63,1596530404431 b5b182c7-eab1-4988-aa99-b5c1517008d9,1,51769,-85,1596530384169 fda50693-a4e2-4fb1-afcf-c6eb07647825,10196,38688,-91,1596530403905 ea43594a-1652-4c0a-a396-ae4877d105f0,151,55782,-86,1596530369395 1cd7412e-a3b1-4084-a538-d07975e147f4,55897,42613,-90,1596530384410 b5b182c7-eab1-4988-aa99-b5c1517008d9,1,26667,-78,1596530389276 b5b182c7-eab1-4988-aa99-b5c1517008d9,1,59901,-87,1596530389500 00bae9b2-78aa-7187-046e-f1b9a5251006,7710,24610,-74,1596530377688 00bbe97d-8eb4-578d-6ad8-e29ed35d1006,7710,24610,-97,1596530379653 b5b182c7-eab1-4988-aa99-b5c1517008d9,1,50110,-86,1596530384595 01022022-f78f-0100-00d3-0ed396cf66c5,3161,19205,-97,1596530370022 0102202b-888f-0100-0000-4958fc9734cc,4328,65322,-84,1596530404035
1596530409046 b5b182c7-eab1-4988-aa99-b5c1517008d9,1,2882,-82,1596530408686 ea43594a-1652-4c0a-a396-ae4877d105f0,7734,27390,-96,1596530394369 b5b182c7-eab1-4988-aa99-b5c1517008d9,1,27480,-78,1596530379141 b5b182c7-eab1-4988-aa99-b5c1517008d9,1,32491,-87,1596530387941 b5b182c7-eab1-4988-aa99-b5c1517008d9,1,23037,-95,1596530380249 b5b182c7-eab1-4988-aa99-b5c1517008d9,1,19615,-97,1596530384716 b5b182c7-eab1-4988-aa99-b5c1517008d9,1,30535,-74,1596530379365 01022023-688f-0000-0047-15c1cebb02d6,3114,21554,-97,1596530408555 b5b182c7-eab1-4988-aa99-b5c1517008d9,1,38761,-86,1596530379535 01022002-f98f-0000-0009-b0ad290ee495,54931,58756,-77,1596530408897 008b0f68-446b-5f8c-8d6a-96d970bdad84,63029,60562,-63,1596530404431 b5b182c7-eab1-4988-aa99-b5c1517008d9,1,51769,-85,1596530384169 fda50693-a4e2-4fb1-afcf-c6eb07647825,10196,38688,-91,1596530403905 ea43594a-1652-4c0a-a396-ae4877d105f0,151,55782,-86,1596530369395 1cd7412e-a3b1-4084-a538-d07975e147f4,55897,42613,-90,1596530384411 b5b182c7-eab1-4988-aa99-b5c1517008d9,1,26667,-78,1596530389276 b5b182c7-eab1-4988-aa99-b5c1517008d9,1,59901,-87,1596530389500 00bae9b2-78aa-7187-046e-f1b9a5251006,7710,24610,-74,1596530377688 00bbe97d-8eb4-578d-6ad8-e29ed35d1006,7710,24610,-97,1596530379653 b5b182c7-eab1-4988-aa99-b5c1517008d9,1,50110,-86,1596530384595 01022022-f78f-0100-00d3-0ed396cf66c5,3161,19205,-97,1596530370022 0102202b-888f-0100-0000-4958fc9734cc,4328,65322,-84,1596530409046
1596530409062 b5b182c7-eab1-4988-aa99-b5c1517008d9,1,2882,-82,1596530408686 ea43594a-1652-4c0a-a396-ae4877d105f0,7734,27390,-96,1596530394369 b5b182c7-eab1-4988-aa99-b5c1517008d9,1,27480,-78,1596530379141 b5b182c7-eab1-4988-aa99-b5c1517008d9,1,32491,-87,1596530387941 b5b182c7-eab1-4988-aa99-b5c1517008d9,1,23037,-95,1596530380249 b5b182c7-eab1-4988-aa99-b5c1517008d9,1,19615,-97,1596530384716 b5b182c7-eab1-4988-aa99-b5c1517008d9,1,30535,-74,1596530379365 01022023-688f-0000-0047-15c1cebb02d6,3114,21554,-97,1596530408556 b5b182c7-eab1-4988-aa99-b5c1517008d9,1,38761,-86,1596530379536 01022002-f98f-0000-0009-b0ad290ee495,54931,58756,-77,1596530409062 008b0f68-446b-5f8c-8d6a-96d970bdad84,63029,60562,-63,1596530404431 b5b182c7-eab1-4988-aa99-b5c1517008d9,1,51769,-85,1596530384169 fda50693-a4e2-4fb1-afcf-c6eb07647825,10196,38688,-91,1596530403905 ea43594a-1652-4c0a-a396-ae4877d105f0,151,55782,-86,1596530369395 1cd7412e-a3b1-4084-a538-d07975e147f4,55897,42613,-90,1596530384411 b5b182c7-eab1-4988-aa99-b5c1517008d9,1,26667,-78,1596530389276 b5b182c7-eab1-4988-aa99-b5c1517008d9,1,59901,-87,1596530389500 00bae9b2-78aa-7187-046e-f1b9a5251006,7710,24610,-74,1596530377688 00bbe97d-8eb4-578d-6ad8-e29ed35d1006,7710,24610,-97,1596530379653 b5b182c7-eab1-4988-aa99-b5c1517008d9,1,50110,-86,1596530384595 01022022-f78f-0100-00d3-0ed396cf66c5,3161,19205,-97,1596530370022 0102202b-888f-0100-0000-4958fc9734cc,4328,65322,-84,1596530409046
1596530409196 b5b182c7-eab1-4988-aa99-b5c1517008d9,1,2882,-82,1596530408685 ea43594a-1652-4c0a-a396-ae4877d105f0,7734,27390,-96,1596530394368 b5b182c7-eab1-4988-aa99-b5c1517008d9,1,27480,-78,1596530379140 b5b182c7-eab1-4988-aa99-b5c1517008d9,1,32491,-87,1596530387941 b5b182c7-eab1-4988-aa99-b5c1517008d9,1,23037,-95,1596530380249 b5b182c7-eab1-4988-aa99-b5c1517008d9,1,19615,-97,1596530384716 b5b182c7-eab1-4988-aa99-b5c1517008d9,1,30535,-74,1596530379365 01022023-688f-0000-0047-15c1cebb02d6,3114,21554,-97,1596530408556 b5b182c7-eab1-4988-aa99-b5c1517008d9,1,38761,-86,1596530379536 01022002-f98f-0000-0009-b0ad290ee495,54931,58756,-77,1596530409062 008b0f68-446b-5f8c-8d6a-96d970bdad84,63029,60562,-63,1596530404431 b5b182c7-eab1-4988-aa99-b5c1517008d9,1,51769,-85,1596530384169 fda50693-a4e2-4fb1-afcf-c6eb07647825,10196,38688,-91,1596530403905 0036a314-e6c3-18d6-5ff1-8ca1801e1006,20766,61674,-89,1596530409196 ea43594a-1652-4c0a-a396-ae4877d105f0,151,55782,-86,1596530369395 1cd7412e-a3b1-4084-a538-d07975e147f4,55897,42613,-90,1596530384411 b5b182c7-eab1-4988-aa99-b5c1517008d9,1,26667,-78,1596530389276 b5b182c7-eab1-4988-aa99-b5c1517008d9,1,59901,-87,1596530389500 00bae9b2-78aa-7187-046e-f1b9a5251006,7710,24610,-74,1596530377688 00bbe97d-8eb4-578d-6ad8-e29ed35d1006,7710,24610,-97,1596530379653 b5b182c7-eab1-4988-aa99-b5c1517008d9,1,50110,-86,1596530384594 01022022-f78f-0100-00d3-0ed396cf66c5,3161,19205,-97,1596530370021 0102202b-888f-0100-0000-4958fc9734cc,4328,65322,-84,1596530409046
1596530409305 b5b182c7-eab1-4988-aa99-b5c1517008d9,1,2882,-82,1596530408686 ea43594a-1652-4c0a-a396-ae4877d105f0,7734,27390,-96,1596530394369 b5b182c7-eab1-4988-aa99-b5c1517008d9,1,27480,-78,1596530379141 b5b182c7-eab1-4988-aa99-b5c1517008d9,1,32491,-87,1596530387941 b5b182c7-eab1-4988-aa99-b5c1517008d9,1,23037,-95,1596530380249 b5b182c7-eab1-4988-aa99-b5c1517008d9,1,19615,-97,1596530384716 b5b182c7-eab1-4988-aa99-b5c1517008d9,1,30535,-74,1596530379365 01022023-688f-0000-0047-15c1cebb02d6,3114,21554,-97,1596530408556 b5b182c7-eab1-4988-aa99-b5c1517008d9,1,38761,-86,1596530379536 01022002-f98f-0000-0009-b0ad290ee495,54931,58756,-77,1596530409062 00b671d7-c7ee-f773-fc2f-142af84e1006,19230,56293,-90,1596530409305 008b0f68-446b-5f8c-8d6a-96d970bdad84,63029,60562,-63,1596530404431 b5b182c7-eab1-4988-aa99-b5c1517008d9,1,51769,-85,1596530384169 fda50693-a4e2-4fb1-afcf-c6eb07647825,10196,38688,-91,1596530403905 0036a314-e6c3-18d6-5ff1-8ca1801e1006,20766,61674,-89,1596530409196 ea43594a-1652-4c0a-a396-ae4877d105f0,151,55782,-86,1596530369395 1cd7412e-a3b1-4084-a538-d07975e147f4,55897,42613,-90,1596530384411 b5b182c7-eab1-4988-aa99-b5c1517008d9,1,26667,-78,1596530389275 b5b182c7-eab1-4988-aa99-b5c1517008d9,1,59901,-87,1596530389499 00bae9b2-78aa-7187-046e-f1b9a5251006,7710,24610,-74,1596530377688 00bbe97d-8eb4-578d-6ad8-e29ed35d1006,7710,24610,-97,1596530379653 b5b182c7-eab1-4988-aa99-b5c1517008d9,1,50110,-86,1596530384595 01022022-f78f-0100-00d3-0ed396cf66c5,3161,19205,-97,1596530370022 0102202b-888f-0100-0000-4958fc9734cc,4328,65322,-84,1596530409046
1596530409449 b5b182c7-eab1-4988-aa99-b5c1517008d9,1,27480,-78,1596530379141 b5b182c7-eab1-4988-aa99-b5c1517008d9,1,32491,-87,1596530387941 b5b182c7-eab1-4988-aa99-b5c1517008d9,1,23037,-95,1596530380249 01022023-688f-0000-0047-15c1cebb02d6,3114,21554,-97,1596530408556 b5b182c7-eab1-4988-aa99-b5c1517008d9,1,38761,-86,1596530379536 00b671d7-c7ee-f773-fc2f-142af84e1006,19230,56293,-90,1596530409305 008b0f68-446b-5f8c-8d6a-96d970bdad84,63029,60562,-63,1596530404431 b5b182c7-eab1-4988-aa99-b5c1517008d9,1,51769,-85,1596530384169 ea43594a-1652-4c0a-a396-ae4877d105f0,151,55782,-86,1596530369395 1cd7412e-a3b1-4084-a538-d07975e147f4,55897,42613,-90,1596530384411 b5b182c7-eab1-4988-aa99-b5c1517008d9,1,26667,-78,1596530389276 b5b182c7-eab1-4988-aa99-b5c1517008d9,1,59901,-87,1596530389500 00bbe97d-8eb4-578d-6ad8-e29ed35d1006,7710,24610,-97,1596530379653 01022022-f78f-0100-00d3-0ed396cf66c5,3161,19205,-97,1596530370022 b5b182c7-eab1-4988-aa99-b5c1517008d9,1,16718,-85,1596530409449 b5b182c7-eab1-4988-aa99-b5c1517008d9,1,2882,-82,1596530408686 ea43594a-1652-4c0a-a396-ae4877d105f0,7734,27390,-96,1596530394369 b5b182c7-eab1-4988-aa99-b5c1517008d9,1,19615,-97,1596530384716 b5b182c7-eab1-4988-aa99-b5c1517008d9,1,30535,-74,1596530379365 01022002-f98f-0000-0009-b0ad290ee495,54931,58756,-77,1596530409062 fda50693-a4e2-4fb1-afcf-c6eb07647825,10196,38688,-91,1596530403905 0036a314-e6c3-18d6-5ff1-8ca1801e1006,20766,61674,-89,1596530409196 00bae9b2-78aa-7187-046e-f1b9a5251006,7710,24610,-74,1596530377688 b5b182c7-eab1-4988-aa99-b5c1517008d9,1,50110,-86,1596530384595 0102202b-888f-0100-0000-4958fc9734cc,4328,65322,-84,1596530409046
1596530409467 b5b182c7-eab1-4988-aa99-b5c1517008d9,1,27480,-78,1596530379140 b5b182c7-eab1-4988-aa99-b5c1517008d9,1,32491,-87,1596530387940 b5b182c7-eab1-4988-aa99-b5c1517008d9,1,23037,-95,1596530380249 01022023-688f-0000-0047-15c1cebb02d6,3114,21554,-97,1596530408556 b5b182c7-eab1-4988-aa99-b5c1517008d9,1,38761,-86,1596530379536 00b671d7-c7ee-f773-fc2f-142af84e1006,19230,56293,-90,1596530409305 008b0f68-446b-5f8c-8d6a-96d970bdad84,63029,60562,-63,1596530404431 b5b182c7-eab1-4988-aa99-b5c1517008d9,1,51769,-85,1596530384169 ea43594a-1652-4c0a-a396-ae4877d105f0,151,55782,-86,1596530369395 1cd7412e-a3b1-4084-a538-d07975e147f4,55897,42613,-90,1596530384411 b5b182c7-eab1-4988-aa99-b5c1517008d9,1,26667,-78,1596530389276 b5b182c7-eab1-4988-aa99-b5c1517008d9,1,59901,-87,1596530389500 00bbe97d-8eb4-578d-6ad8-e29ed35d1006,7710,24610,-97,1596530379653 01022022-f78f-0100-00d3-0ed396cf66c5,3161,19205,-97,1596530370022 b5b182c7-eab1-4988-aa99-b5c1517008d9,1,16718,-85,1596530409449 b5b182c7-eab1-4988-aa99-b5c1517008d9,1,2882,-82,1596530408685 ea43594a-1652-4c0a-a396-ae4877d105f0,7734,27390,-96,1596530394369 b5b182c7-eab1-4988-aa99-b5c1517008d9,1,19615,-97,1596530384716 b5b182c7-eab1-4988-aa99-b5c1517008d9,1,30535,-74,1596530379365 01022002-f98f-0000-0009-b0ad290ee495,54931,58756,-77,1596530409467 fda50693-a4e2-4fb1-afcf-c6eb07647825,10196,38688,-91,1596530403905 0036a314-e6c3-18d6-5ff1-8ca1801e1006,20766,61674,-89,1596530409196 00bae9b2-78aa-7187-046e-f1b9a5251006,7710,24610,-74,1596530377688 b5b182c7-eab1-4988-aa99-b5c1517008d9,1,50110,-86,1596530384595 0102202b-888f-0100-0000-4958fc9734cc,4328,65322,-84,1596530409046
1596530413696 b5b182c7-eab1-4988-aa99-b5c1517008d9,1,27480,-78,1596530379141 b5b182c7-eab1-4988-aa99-b5c1517008d9,1,32491,-87,1596530413696 b5b182c7-eab1-4988-aa99-b5c1517008d9,1,23037,-95,1596530380249 01022023-688f-0000-0047-15c1cebb02d6,3114,21554,-97,1596530408556 b5b182c7-eab1-4988-aa99-b5c1517008d9,1,38761,-86,1596530379536 00b671d7-c7ee-f773-fc2f-142af84e1006,19230,56293,-90,1596530409305 008b0f68-446b-5f8c-8d6a-96d970bdad84,63029,60562,-63,1596530404431 b5b182c7-eab1-4988-aa99-b5c1517008d9,1,51769,-85,1596530384169 ea43594a-1652-4c0a-a396-ae4877d105f0,151,55782,-86,1596530369395 1cd7412e-a3b1-4084-a538-d07975e147f4,55897,42613,-90,1596530384411 b5b182c7-eab1-4988-aa99-b5c1517008d9,1,26667,-78,1596530389276 b5b182c7-eab1-4988-aa99-b5c1517008d9,1,59901,-87,1596530389500 00bbe97d-8eb4-578d-6ad8-e29ed35d1006,7710,24610,-97,1596530379653 01022022-f78f-0100-00d3-0ed396cf66c5,3161,19205,-97,1596530370022 b5b182c7-eab1-4988-aa99-b5c1517008d9,1,16718,-85,1596530409449 b5b182c7-eab1-4988-aa99-b5c1517008d9,1,2882,-82,1596530408686 ea43594a-1652-4c0a-a396-ae4877d105f0,7734,27390,-96,1596530394369 b5b182c7-eab1-4988-aa99-b5c1517008d9,1,19615,-97,1596530384716 b5b182c7-eab1-4988-aa99-b5c1517008d9,1,30535,-74,1596530379365 01022002-f98f-0000-0009-b0ad290ee495,54931,58756,-77,1596530409467 fda50693-a4e2-4fb1-afcf-c6eb07647825,10196,38688,-91,1596530403905 0036a314-e6c3-18d6-5ff1-8ca1801e1006,20766,61674,-89,1596530409196 00bae9b2-78aa-7187-046e-f1b9a5251006,7710,24610,-74,1596530377688 b5b182c7-eab1-4988-aa99-b5c1517008d9,1,50110,-86,1596530384595 0102202b-888f-0100-0000-4958fc9734cc,4328,65322,-84,1596530409046
1596530413774 b5b182c7-eab1-4988-aa99-b5c1517008d9,1,12091,-89,1596530413774 b5b182c7-eab1-4988-aa99-b5c1517008d9,1,27480,-78,1596530379141 b5b182c7-eab1-4988-aa99-b5c1517008d9,1,32491,-87,1596530413696 b5b182c7-eab1-4988-aa99-b5c1517008d9,1,23037,-95,1596530380249 01022023-688f-0000-0047-15c1cebb02d6,3114,21554,-97,1596530408556 b5b182c7-eab1-4988-aa99-b5c1517008d9,1,38761,-86,1596530379535 00b671d7-c7ee-f773-fc2f-142af84e1006,19230,56293,-90,1596530409304 008b0f68-446b-5f8c-8d6a-96d970bdad84,63029,60562,-63,1596530404430 b5b182c7-eab1-4988-aa99-b5c1517008d9,1,51769,-85,1596530384169 ea43594a-1652-4c0a-a396-ae4877d105f0,151,55782,-86,1596530369395 1cd7412e-a3b1-4084-a538-d07975e147f4,55897,42613,-90,1596530384411 b5b182c7-eab1-4988-aa99-b5c1517008d9,1,26667,-78,1596530389276 b5b182c7-eab1-4988-aa99-b5c1517008d9,1,59901,-87,1596530389500 00bbe97d-8eb4-578d-6ad8-e29ed35d1006,7710,24610,-97,1596530379653 01022022-f78f-0100-00d3-0ed396cf66c5,3161,19205,-97,1596530370022 b5b182c7-eab1-4988-aa99-b5c1517008d9,1,16718,-85,1596530409449 b5b182c7-eab1-4988-aa99-b5c1517008d9,1,2882,-82,1596530408685 ea43594a-1652-4c0a-a396-ae4877d105f0,7734,27390,-96,1596530394368 b5b182c7-eab1-4988-aa99-b5c1517008d9,1,19615,-97,1596530384716 b5b182c7-eab1-4988-aa99-b5c1517008d9,1,30535,-74,1596530379365 01022002-f98f-0000-0009-b0ad290ee495,54931,58756,-77,1596530409467 fda50693-a4e2-4fb1-afcf-c6eb07647825,10196,38688,-91,1596530403905 0036a314-e6c3-18d6-5ff1-8ca1801e1006,20766,61674,-89,1596530409196 00bae9b2-78aa-7187-046e-f1b9a5251006,7710,24610,-74,1596530377688 b5b182c7-eab1-4988-aa99-b5c1517008d9,1,50110,-86,1596530384595 0102202b-888f-0100-0000-4958fc9734cc,4328,65322,-84,1596530409046
1596530413882 b5b182c7-eab1-4988-aa99-b5c1517008d9,1,12091,-89,1596530413774 b5b182c7-eab1-4988-aa99-b5c1517008d9,1,27480,-78,1596530379141 b5b182c7-eab1-4988-aa99-b5c1517008d9,1,32491,-87,1596530413696 b5b182c7-eab1-4988-aa99-b5c1517008d9,1,23037,-95,1596530380249 01022023-688f-0000-0047-15c1cebb02d6,3114,21554,-97,1596530408556 b5b182c7-eab1-4988-aa99-b5c1517008d9,1,38761,-86,1596530379536 00b671d7-c7ee-f773-fc2f-142af84e1006,19230,56293,-90,1596530409305 008b0f68-446b-5f8c-8d6a-96d970bdad84,63029,60562,-63,1596530404431 b5b182c7-eab1-4988-aa99-b5c1517008d9,1,51769,-85,1596530384169 ea43594a-1652-4c0a-a396-ae4877d105f0,151,55782,-86,1596530369395 1cd7412e-a3b1-4084-a538-d07975e147f4,55897,42613,-90,1596530384411 b5b182c7-eab1-4988-aa99-b5c1517008d9,1,26667,-78,1596530389276 b5b182c7-eab1-4988-aa99-b5c1517008d9,1,59901,-87,1596530389500 00bbe97d-8eb4-578d-6ad8-e29ed35d1006,7710,24610,-97,1596530379653 01022022-f78f-0100-00d3-0ed396cf66c5,3161,19205,-97,1596530370022 b5b182c7-eab1-4988-aa99-b5c1517008d9,1,16718,-85,1596530409449 b5b182c7-eab1-4988-aa99-b5c1517008d9,1,2882,-82,1596530408686 ea43594a-1652-4c0a-a396-ae4877d105f0,7734,27390,-96,1596530394369 b5b182c7-eab1-4988-aa99-b5c1517008d9,1,19615,-97,1596530384716 b5b182c7-eab1-4988-aa99-b5c1517008d9,1,30535,-74,1596530379365 01022002-f98f-0000-0009-b0ad290ee495,54931,58756,-77,1596530409467 fda50693-a4e2-4fb1-afcf-c6eb07647825,10196,38688,-91,1596530403905 0036a314-e6c3-18d6-5ff1-8ca1801e1006,20766,61674,-89,1596530409196 00bae9b2-78aa-7187-046e-f1b9a5251006,7710,24610,-74,1596530377688 b5b182c7-eab1-4988-aa99-b5c1517008d9,1,50110,-86,1596530384595 0102202b-888f-0100-0000-4958fc9734cc,4328,65322,-84,1596530413882
1596530413917 b5b182c7-eab1-4988-aa99-b5c1517008d9,1,12091,-89,1596530413774 b5b182c7-eab1-4988-aa99-b5c1517008d9,1,27480,-78,1596530379141 b5b182c7-eab1-4988-aa99-b5c1517008d9,1,32491,-87,1596530413696 b5b182c7-eab1-4988-aa99-b5c1517008d9,1,23037,-95,1596530380249 01022023-688f-0000-0047-15c1cebb02d6,3114,21554,-97,1596530408556 b5b182c7-eab1-4988-aa99-b5c1517008d9,1,38761,-86,1596530379536 00b671d7-c7ee-f773-fc2f-142af84e1006,19230,56293,-90,1596530409305 008b0f68-446b-5f8c-8d6a-96d970bdad84,63029,60562,-63,1596530404431 b5b182c7-eab1-4988-aa99-b5c1517008d9,1,51769,-85,1596530384169 ea43594a-1652-4c0a-a396-ae4877d105f0,151,55782,-86,1596530369395 1cd7412e-a3b1-4084-a538-d07975e147f4,55897,42613,-90,1596530384411 b5b182c7-eab1-4988-aa99-b5c1517008d9,1,26667,-78,1596530389276 b5b182c7-eab1-4988-aa99-b5c1517008d9,1,59901,-87,1596530389500 00bbe97d-8eb4-578d-6ad8-e29ed35d1006,7710,24610,-97,1596530379653 01022022-f78f-0100-00d3-0ed396cf66c5,3161,19205,-97,1596530370022 b5b182c7-eab1-4988-aa99-b5c1517008d9,1,16718,-85,1596530409449 b5b182c7-eab1-4988-aa99-b5c1517008d9,1,2882,-82,1596530408685 ea43594a-1652-4c0a-a396-ae4877d105f0,7734,27390,-96,1596530394368 b5b182c7-eab1-4988-aa99-b5c1517008d9,1,19615,-97,1596530384716 b5b182c7-eab1-4988-aa99-b5c1517008d9,1,30535,-74,1596530379365 01022002-f98f-0000-0009-b0ad290ee495,54931,58756,-77,1596530409467 fda50693-a4e2-4fb1-afcf-c6eb07647825,10196,38688,-91,1596530403905 0036a314-e6c3-18d6-5ff1-8ca1801e1006,20766,61674,-89,1596530409196 0102200b-668f-0000-0077-431e3c7e1a09,8013,1405,-94,1596530413917 00bae9b2-78aa-7187-046e-f1b9a5251006,7710,24610,-74,1596530377688 b5b182c7-eab1-4988-aa99-b5c1517008d9,1,50110,-86,1596530384595 0102202b-888f-0100-0000-4958fc9734cc,4328,65322,-84,1596530413882
1596530414042 b5b182c7-eab1-4988-aa99-b5c1517008d9,1,12091,-89,1596530413774 b5b182c7-eab1-4988-aa99-b5c1517008d9,1,27480,-78,1596530414042 b5b182c7-eab1-4988-aa99-b5c1517008d9,1,32491,-87,1596530413696 b5b182c7-eab1-4988-aa99-b5c1517008d9,1,23037,-95,1596530380249 01022023-688f-0000-0047-15c1cebb02d6,3114,21554,-97,1596530408555 b5b182c7-eab1-4988-aa99-b5c1517008d9,1,38761,-86,1596530379535 00b671d7-c7ee-f773-fc2f-142af84e1006,19230,56293,-90,1596530409305 008b0f68-446b-5f8c-8d6a-96d970bdad84,63029,60562,-63,1596530404431 b5b182c7-eab1-4988-aa99-b5c1517008d9,1,51769,-85,1596530384169 ea43594a-1652-4c0a-a396-ae4877d105f0,151,55782,-86,1596530369395 1cd7412e-a3b1-4084-a538-d07975e147f4,55897,42613,-90,1596530384411 b5b182c7-eab1-4988-aa99-b5c1517008d9,1,26667,-78,1596530389276 b5b182c7-eab1-4988-aa99-b5c1517008d9,1,59901,-87,1596530389500 00bbe97d-8eb4-578d-6ad8-e29ed35d1006,7710,24610,-97,1596530379653 01022022-f78f-0100-00d3-0ed396cf66c5,3161,19205,-97,1596530370022 b5b182c7-eab1-4988-aa99-b5c1517008d9,1,16718,-85,1596530409449 b5b182c7-eab1-4988-aa99-b5c1517008d9,1,2882,-82,1596530408686 ea43594a-1652-4c0a-a396-ae4877d105f0,7734,27390,-96,1596530394369 b5b182c7-eab1-4988-aa99-b5c1517008d9,1,19615,-97,1596530384716 b5b182c7-eab1-4988-aa99-b5c1517008d9,1,30535,-74,1596530379365 01022002-f98f-0000-0009-b0ad290ee495,54931,58756,-77,1596530409467 fda50693-a4e2-4fb1-afcf-c6eb07647825,10196,38688,-91,1596530403905 0036a314-e6c3-18d6-5ff1-8ca1801e1006,20766,61674,-89,1596530409196 0102200b-668f-0000-0077-431e3c7e1a09,8013,1405,-94,1596530413917 00bae9b2-78aa-7187-046e-f1b9a5251006,7710,24610,-74,1596530377688 b5b182c7-eab1-4988-aa99-b5c1517008d9,1,50110,-86,1596530384594 0102202b-888f-0100-0000-4958fc9734cc,4328,65322,-84,1596530413881
1596530414056 b5b182c7-eab1-4988-aa99-b5c1517008d9,1,12091,-89,1596530413774 b5b182c7-eab1-4988-aa99-b5c1517008d9,1,27480,-78,1596530414042 b5b182c7-eab1-4988-aa99-b5c1517008d9,1,32491,-87,1596530413696 b5b182c7-eab1-4988-aa99-b5c1517008d9,1,23037,-95,1596530380249 01022023-688f-0000-0047-15c1cebb02d6,3114,21554,-97,1596530408556 b5b182c7-eab1-4988-aa99-b5c1517008d9,1,38761,-86,1596530379536 00b671d7-c7ee-f773-fc2f-142af84e1006,19230,56293,-90,1596530409305 008b0f68-446b-5f8c-8d6a-96d970bdad84,63029,60562,-63,1596530404431 b5b182c7-eab1-4988-aa99-b5c1517008d9,1,51769,-85,1596530384169 ea43594a-1652-4c0a-a396-ae4877d105f0,151,55782,-86,1596530369395 1cd7412e-a3b1-4084-a538-d07975e147f4,55897,42613,-90,1596530384410 b5b182c7-eab1-4988-aa99-b5c1517008d9,1,46195,-83,1596530414055 b5b182c7-eab1-4988-aa99-b5c1517008d9,1,26667,-78,1596530389276 b5b182c7-eab1-4988-aa99-b5c1517008d9,1,59901,-87,1596530389500 00bbe97d-8eb4-578d-6ad8-e29ed35d1006,7710,24610,-97,1596530379653 01022022-f78f-0100-00d3-0ed396cf66c5,3161,19205,-97,1596530370022 b5b182c7-eab1-4988-aa99-b5c1517008d9,1,16718,-85,1596530409449 b5b182c7-eab1-4988-aa99-b5c1517008d9,1,2882,-82,1596530408686 ea43594a-1652-4c0a-a396-ae4877d105f0,7734,27390,-96,1596530394369 b5b182c7-eab1-4988-aa99-b5c1517008d9,1,19615,-97,1596530384716 b5b182c7-eab1-4988-aa99-b5c1517008d9,1,30535,-74,1596530379365 01022002-f98f-0000-0009-b0ad290ee495,54931,58756,-77,1596530409467 fda50693-a4e2-4fb1-afcf-c6eb07647825,10196,38688,-91,1596530403905 0036a314-e6c3-18d6-5ff1-8ca1801e1006,20766,61674,-89,1596530409196 0102200b-668f-0000-0077-431e3c7e1a09,8013,1405,-94,1596530413917 00bae9b2-78aa-7187-046e-f1b9a5251006,7710,24610,-74,1596530377688 b5b182c7-eab1-4988-aa99-b5c1517008d9,1,50110,-86,1596530384595 0102202b-888f-0100-0000-4958fc9734cc,4328,65322,-84,1596530413882
1596530414199 b5b182c7-eab1-4988-aa99-b5c1517008d9,1,12091,-89,1596530413774 b5b182c7-eab1-4988-aa99-b5c1517008d9,1,27480,-78,1596530414042 b5b182c7-eab1-4988-aa99-b5c1517008d9,1,32491,-87,1596530413695 b5b182c7-eab1-4988-aa99-b5c1517008d9,1,23037,-95,1596530380248 01022023-688f-0000-0047-15c1cebb02d6,3114,21554,-97,1596530408555 b5b182c7-eab1-4988-aa99-b5c1517008d9,1,38761,-86,1596530379535 00b671d7-c7ee-f773-fc2f-142af84e1006,19230,56293,-90,1596530409305 008b0f68-446b-5f8c-8d6a-96d970bdad84,63029,60562,-63,1596530404431 b5b182c7-eab1-4988-aa99-b5c1517008d9,1,51769,-85,1596530384169 ea43594a-1652-4c0a-a396-ae4877d105f0,151,55782,-86,1596530414199 1cd7412e-a3b1-4084-a538-d07975e147f4,55897,42613,-90,1596530384411 b5b182c7-eab1-4988-aa99-b5c1517008d9,1,46195,-83,1596530414056 b5b182c7-eab1-4988-aa99-b5c1517008d9,1,26667,-78,1596530389276 b5b182c7-eab1-4988-aa99-b5c1517008d9,1,59901,-87,1596530389500 00bbe97d-8eb4-578d-6ad8-e29ed35d1006,7710,24610,-97,1596530379653 01022022-f78f-0100-00d3-0ed396cf66c5,3161,19205,-97,1596530370022 b5b182c7-eab1-4988-aa99-b5c1517008d9,1,16718,-85,1596530409449 b5b182c7-eab1-4988-aa99-b5c1517008d9,1,2882,-82,1596530408686 ea43594a-1652-4c0a-a396-ae4877d105f0,7734,27390,-96,1596530394369 b5b182c7-eab1-4988-aa99-b5c1517008d9,1,19615,-97,1596530384716 b5b182c7-eab1-4988-aa99-b5c1517008d9,1,30535,-74,1596530379365 01022002-f98f-0000-0009-b0ad290ee495,54931,58756,-77,1596530409467 fda50693-a4e2-4fb1-afcf-c6eb07647825,10196,38688,-91,1596530403905 0036a314-e6c3-18d6-5ff1-8ca1801e1006,20766,61674,-89,1596530409195 0102200b-668f-0000-0077-431e3c7e1a09,8013,1405,-94,1596530413917 00bae9b2-78aa-7187-046e-f1b9a5251006,7710,24610,-74,1596530377688 b5b182c7-eab1-4988-aa99-b5c1517008d9,1,50110,-86,1596530384595 0102202b-888f-0100-0000-4958fc9734cc,4328,65322,-84,1596530413882
1596530414215 b5b182c7-eab1-4988-aa99-b5c1517008d9,1,12091,-89,1596530413774 b5b182c7-eab1-4988-aa99-b5c1517008d9,1,27480,-78,1596530414042 b5b182c7-eab1-4988-aa99-b5c1517008d9,1,32491,-87,1596530413696 b5b182c7-eab1-4988-aa99-b5c1517008d9,1,23037,-95,1596530380249 01022023-688f-0000-0047-15c1cebb02d6,3114,21554,-97,1596530408556 b5b182c7-eab1-4988-aa99-b5c1517008d9,1,38761,-86,1596530379536 00b671d7-c7ee-f773-fc2f-142af84e1006,19230,56293,-90,1596530409305 008b0f68-446b-5f8c-8d6a-96d970bdad84,63029,60562,-63,1596530404431 b5b182c7-eab1-4988-aa99-b5c1517008d9,1,51769,-85,1596530384169 ea43594a-1652-4c0a-a396-ae4877d105f0,151,55782,-86,1596530414199 1cd7412e-a3b1-4084-a538-d07975e147f4,55897,42613,-90,1596530384411 b5b182c7-eab1-4988-aa99-b5c1517008d9,1,46195,-83,1596530414055 b5b182c7-eab1-4988-aa99-b5c1517008d9,1,26667,-78,1596530389275 b5b182c7-eab1-4988-aa99-b5c1517008d9,1,59901,-87,1596530389500 00bbe97d-8eb4-578d-6ad8-e29ed35d1006,7710,24610,-97,1596530379653 01022022-f78f-0100-00d3-0ed396cf66c5,3161,19205,-97,1596530370022 b5b182c7-eab1-4988-aa99-b5c1517008d9,1,16718,-85,1596530409449 b5b182c7-eab1-4988-aa99-b5c1517008d9,1,2882,-82,1596530408686 ea43594a-1652-4c0a-a396-ae4877d105f0,7734,27390,-96,1596530394369 b5b182c7-eab1-4988-aa99-b5c1517008d9,1,19615,-97,1596530384716 b5b182c7-eab1-4988-aa99-b5c1517008d9,1,30535,-74,1596530379365 01022002-f98f-0000-0009-b0ad290ee495,54931,58756,-77,1596530409467 fda50693-a4e2-4fb1-afcf-c6eb07647825,10196,38688,-91,1596530403905 0036a314-e6c3-18d6-5ff1-8ca1801e1006,20766,61674,-89,1596530409196 0102200b-668f-0000-0077-431e3c7e1a09,8013,1405,-94,1596530413917 00bae9b2-78aa-7187-046e-f1b9a5251006,7710,24610,-74,1596530377688 b5b182c7-eab1-4988-aa99-b5c1517008d9,1,50110,-86,1596530414215 0102202b-888f-0100-0000-4958fc9734cc,4328,65322,-84,1596530413882
1596530414262 b5b182c7-eab1-4988-aa99-b5c1517008d9,1,12091,-89,1596530413774 b5b182c7-eab1-4988-aa99-b5c1517008d9,1,27480,-78,1596530414042 b5b182c7-eab1-4988-aa99-b5c1517008d9,1,32491,-87,1596530413696 b5b182c7-eab1-4988-aa99-b5c1517008d9,1,23037,-95,1596530380249 b5b182c7-eab1-4988-aa99-b5c1517008d9,1,62955,-82,1596530414262 01022023-688f-0000-0047-15c1cebb02d6,3114,21554,-97,1596530408556 b5b182c7-eab1-4988-aa99-b5c1517008d9,1,38761,-86,1596530379536 00b671d7-c7ee-f773-fc2f-142af84e1006,19230,56293,-90,1596530409305 008b0f68-446b-5f8c-8d6a-96d970bdad84,63029,60562,-63,1596530404431 b5b182c7-eab1-4988-aa99-b5c1517008d9,1,51769,-85,1596530384169 ea43594a-1652-4c0a-a396-ae4877d105f0,151,55782,-86,1596530414199 1cd7412e-a3b1-4084-a538-d07975e147f4,55897,42613,-90,1596530384411 b5b182c7-eab1-4988-aa99-b5c1517008d9,1,46195,-83,1596530414056 b5b182c7-eab1-4988-aa99-b5c1517008d9,1,26667,-78,1596530389276 b5b182c7-eab1-4988-aa99-b5c1517008d9,1,59901,-87,1596530389500 00bbe97d-8eb4-578d-6ad8-e29ed35d1006,7710,24610,-97,1596530379653 01022022-f78f-0100-00d3-0ed396cf66c5,3161,19205,-97,1596530370021 b5b182c7-eab1-4988-aa99-b5c1517008d9,1,16718,-85,1596530409448 b5b182c7-eab1-4988-aa99-b5c1517008d9,1,2882,-82,1596530408686 ea43594a-1652-4c0a-a396-ae4877d105f0,7734,27390,-96,1596530394369 b5b182c7-eab1-4988-aa99-b5c1517008d9,1,19615,-97,1596530384716 b5b182c7-eab1-4988-aa99-b5c1517008d9,1,30535,-74,1596530379365 01022002-f98f-0000-0009-b0ad290ee495,54931,58756,-77,1596530409467 fda50693-a4e2-4fb1-afcf-c6eb07647825,10196,38688,-91,1596530403905 0036a314-e6c3-18d6-5ff1-8ca1801e1006,20766,61674,-89,1596530409196 0102200b-668f-0000-0077-431e3c7e1a09,8013,1405,-94,1596530413917 00bae9b2-78aa-7187-046e-f1b9a5251006,7710,24610,-74,1596530377688 b5b182c7-eab1-4988-aa99-b5c1517008d9,1,50110,-86,1596530414215 0102202b-888f-0100-0000-4958fc9734cc,4328,65322,-84,1596530413882
1596530414412 b5b182c7-eab1-4988-aa99-b5c1517008d9,1,12091,-89,1596530413774 b5b182c7-eab1-4988-aa99-b5c1517008d9,1,27480,-78,1596530414042 b5b182c7-eab1-4988-aa99-b5c1517008d9,1,32491,-87,1596530414412 b5b182c7-eab1-4988-aa99-b5c1517008d9,1,23037,-95,1596530380249 b5b182c7-eab1-4988-aa99-b5c1517008d9,1,62955,-82,1596530414262 01022023-688f-0000-0047-15c1cebb02d6,3114,21554,-97,1596530408556 b5b182c7-eab1-4988-aa99-b5c1517008d9,1,38761,-86,1596530379536 00b671d7-c7ee-f773-fc2f-142af84e1006,19230,56293,-90,1596530409305 008b0f68-446b-5f8c-8d6a-96d970bdad84,63029,60562,-63,1596530404431 b5b182c7-eab1-4988-aa99-b5c1517008d9,1,51769,-85,1596530384169 ea43594a-1652-4c0a-a396-ae4877d105f0,151,55782,-86,1596530414199 1cd7412e-a3b1-4084-a538-d07975e147f4,55897,42613,-90,1596530384411 b5b182c7-eab1-4988-aa99-b5c1517008d9,1,46195,-83,1596530414056 b5b182c7-eab1-4988-aa99-b5c1517008d9,1,26667,-78,1596530389276 b5b182c7-eab1-4988-aa99-b5c1517008d9,1,59901,-87,1596530389500 00bbe97d-8eb4-578d-6ad8-e29ed35d1006,7710,24610,-97,1596530379653 01022022-f78f-0100-00d3-0ed396cf66c5,3161,19205,-97,1596530370022 b5b182c7-eab1-4988-aa99-b5c1517008d9,1,16718,-85,1596530409449 b5b182c7-eab1-4988-aa99-b5c1517008d9,1,2882,-82,1596530408686 ea43594a-1652-4c0a-a396-ae4877d105f0,7734,27390,-96,1596530394369 b5b182c7-eab1-4988-aa99-b5c1517008d9,1,19615,-97,1596530384716 b5b182c7-eab1-4988-aa99-b5c1517008d9,1,30535,-74,1596530379365 01022002-f98f-0000-0009-b0ad290ee495,54931,58756,-77,1596530409467 fda50693-a4e2-4fb1-afcf-c6eb07647825,10196,38688,-91,1596530403904 0036a314-e6c3-18d6-5ff1-8ca1801e1006,20766,61674,-89,1596530409195 0102200b-668f-0000-0077-431e3c7e1a09,8013,1405,-94,1596530413917 00bae9b2-78aa-7187-046e-f1b9a5251006,7710,24610,-74,1596530377688 b5b182c7-eab1-4988-aa99-b5c1517008d9,1,50110,-86,1596530414215 0102202b-888f-0100-0000-4958fc9734cc,4328,65322,-84,1596530413882
1596530414430 b5b182c7-eab1-4988-aa99-b5c1517008d9,1,12091,-89,1596530414430 b5b182c7-eab1-4988-aa99-b5c1517008d9,1,27480,-78,1596530414042 b5b182c7-eab1-4988-aa99-b5c1517008d9,1,32491,-87,1596530414412 b5b182c7-eab1-4988-aa99-b5c1517008d9,1,23037,-95,1596530380249 b5b182c7-eab1-4988-aa99-b5c1517008d9,1,62955,-82,1596530414262 01022023-688f-0000-0047-15c1cebb02d6,3114,21554,-97,1596530408556 b5b182c7-eab1-4988-aa99-b5c1517008d9,1,38761,-86,1596530379536 00b671d7-c7ee-f773-fc2f-142af84e1006,19230,56293,-90,1596530409305 008b0f68-446b-5f8c-8d6a-96d970bdad84,63029,60562,-63,1596530404431 b5b182c7-eab1-4988-aa99-b5c1517008d9,1,51769,-85,1596530384169 ea43594a-1652-4c0a-a396-ae4877d105f0,151,55782,-86,1596530414199 1cd7412e-a3b1-4084-a538-d07975e147f4,55897,42613,-90,1596530384411 b5b182c7-eab1-4988-aa99-b5c1517008d9,1,46195,-83,1596530414056 b5b182c7-eab1-4988-aa99-b5c1517008d9,1,26667,-78,1596530389276 b5b182c7-eab1-4988-aa99-b5c1517008d9,1,59901,-87,1596530389500 00bbe97d-8eb4-578d-6ad8-e29ed35d1006,7710,24610,-97,1596530379653 01022022-f78f-0100-00d3-0ed396cf66c5,3161,19205,-97,1596530370022 b5b182c7-eab1-4988-aa99-b5c1517008d9,1,16718,-85,1596530409449 b5b182c7-eab1-4988-aa99-b5c1517008d9,1,2882,-82,1596530408686 ea43594a-1652-4c0a-a396-ae4877d105f0,7734,27390,-96,1596530394369 b5b182c7-eab1-4988-aa99-b5c1517008d9,1,19615,-97,1596530384716 b5b182c7-eab1-4988-aa99-b5c1517008d9,1,30535,-74,1596530379365 01022002-f98f-0000-0009-b0ad290ee495,54931,58756,-77,1596530409467 fda50693-a4e2-4fb1-afcf-c6eb07647825,10196,38688,-91,1596530403905 0036a314-e6c3-18d6-5ff1-8ca1801e1006,20766,61674,-89,1596530409196 0102200b-668f-0000-0077-431e3c7e1a09,8013,1405,-94,1596530413916 00bae9b2-78aa-7187-046e-f1b9a5251006,7710,24610,-74,1596530377688 b5b182c7-eab1-4988-aa99-b5c1517008d9,1,50110,-86,1596530414215 0102202b-888f-0100-0000-4958fc9734cc,4328,65322,-84,1596530413882
1596530414594 b5b182c7-eab1-4988-aa99-b5c1517008d9,1,12091,-89,1596530414430 b5b182c7-eab1-4988-aa99-b5c1517008d9,1,27480,-78,1596530414042 b5b182c7-eab1-4988-aa99-b5c1517008d9,1,32491,-87,1596530414412 b5b182c7-eab1-4988-aa99-b5c1517008d9,1,23037,-95,1596530380249 b5b182c7-eab1-4988-aa99-b5c1517008d9,1,62955,-82,1596530414262 01022023-688f-0000-0047-15c1cebb02d6,3114,21554,-97,1596530408556 b5b182c7-eab1-4988-aa99-b5c1517008d9,1,38761,-86,1596530379536 00b671d7-c7ee-f773-fc2f-142af84e1006,19230,56293,-90,1596530409305 008b0f68-446b-5f8c-8d6a-96d970bdad84,63029,60562,-63,1596530404431 b5b182c7-eab1-4988-aa99-b5c1517008d9,1,51769,-85,1596530384169 ea43594a-1652-4c0a-a396-ae4877d105f0,151,55782,-86,1596530414199 1cd7412e-a3b1-4084-a538-d07975e147f4,55897,42613,-90,1596530384411 b5b182c7-eab1-4988-aa99-b5c1517008d9,1,46195,-83,1596530414056 b5b182c7-eab1-4988-aa99-b5c1517008d9,1,26667,-78,1596530389276 b5b182c7-eab1-4988-aa99-b5c1517008d9,1,59901,-87,1596530389500 00bbe97d-8eb4-578d-6ad8-e29ed35d1006,7710,24610,-97,1596530379653 01022022-f78f-0100-00d3-0ed396cf66c5,3161,19205,-97,1596530370022 b5b182c7-eab1-4988-aa99-b5c1517008d9,1,16718,-85,1596530409449 b5b182c7-eab1-4988-aa99-b5c1517008d9,1,2882,-82,1596530408686 ea43594a-1652-4c0a-a396-ae4877d105f0,7734,27390,-96,1596530394369 b5b182c7-eab1-4988-aa99-b5c1517008d9,1,19615,-97,1596530384716 b5b182c7-eab1-4988-aa99-b5c1517008d9,1,30535,-74,1596530379365 01022002-f98f-0000-0009-b0ad290ee495,54931,58756,-77,1596530409467 fda50693-a4e2-4fb1-afcf-c6eb07647825,10196,38688,-91,1596530403905 0036a314-e6c3-18d6-5ff1-8ca1801e1006,20766,61674,-89,1596530409196 0102200b-668f-0000-0077-431e3c7e1a09,8013,1405,-94,1596530413917 00bae9b2-78aa-7187-046e-f1b9a5251006,7710,24610,-74,1596530377688 b5b182c7-eab1-4988-aa99-b5c1517008d9,1,50110,-86,1596530414215 0102202b-888f-0100-0000-4958fc9734cc,4328,65322,-84,1596530414594
1596530414627 b5b182c7-eab1-4988-aa99-b5c1517008d9,1,12091,-89,1596530414430 b5b182c7-eab1-4988-aa99-b5c1517008d9,1,27480,-78,1596530414042 b5b182c7-eab1-4988-aa99-b5c1517008d9,1,32491,-87,1596530414412 b5b182c7-eab1-4988-aa99-b5c1517008d9,1,23037,-95,1596530380249 b5b182c7-eab1-4988-aa99-b5c1517008d9,1,62955,-82,1596530414262 01022023-688f-0000-0047-15c1cebb02d6,3114,21554,-97,1596530408556 b5b182c7-eab1-4988-aa99-b5c1517008d9,1,38761,-86,1596530379536 00b671d7-c7ee-f773-fc2f-142af84e1006,19230,56293,-90,1596530409305 008b0f68-446b-5f8c-8d6a-96d970bdad84,63029,60562,-63,1596530404431 b5b182c7-eab1-4988-aa99-b5c1517008d9,1,51769,-85,1596530384168 ea43594a-1652-4c0a-a396-ae4877d105f0,151,55782,-86,1596530414198 1cd7412e-a3b1-4084-a538-d07975e147f4,55897,42613,-90,1596530384411 b5b182c7-eab1-4988-aa99-b5c1517008d9,1,46195,-83,1596530414056 b5b182c7-eab1-4988-aa99-b5c1517008d9,1,26667,-78,1596530389276 b5b182c7-eab1-4988-aa99-b5c1517008d9,1,59901,-87,1596530389500 00bbe97d-8eb4-578d-6ad8-e29ed35d1006,7710,24610,-97,1596530379653 01022022-f78f-0100-00d3-0ed396cf66c5,3161,19205,-97,1596530370022 b5b182c7-eab1-4988-aa99-b5c1517008d9,1,16718,-85,1596530414627 b5b182c7-eab1-4988-aa99-b5c1517008d9,1,2882,-82,1596530408686 ea43594a-1652-4c0a-a396-ae4877d105f0,7734,27390,-96,1596530394369 b5b182c7-eab1-4988-aa99-b5c1517008d9,1,19615,-97,1596530384716 b5b182c7-eab1-4988-aa99-b5c1517008d9,1,30535,-74,1596530379365 01022002-f98f-0000-0009-b0ad290ee495,54931,58756,-77,1596530409467 fda50693-a4e2-4fb1-afcf-c6eb07647825,10196,38688,-91,1596530403905 0036a314-e6c3-18d6-5ff1-8ca1801e1006,20766,61674,-89,1596530409196 0102200b-668f-0000-0077-431e3c7e1a09,8013,1405,-94,1596530413917 00bae9b2-78aa-7187-046e-f1b9a5251006,7710,24610,-74,1596530377688 b5b182c7-eab1-4988-aa99-b5c1517008d9,1,50110,-86,1596530414215 0102202b-888f-0100-0000-4958fc9734cc,4328,65322,-84,1596530414594
1596530414644 b5b182c7-eab1-4988-aa99-b5c1517008d9,1,12091,-89,1596530414430 b5b182c7-eab1-4988-aa99-b5c1517008d9,1,27480,-78,1596530414042 b5b182c7-eab1-4988-aa99-b5c1517008d9,1,32491,-87,1596530414412 b5b182c7-eab1-4988-aa99-b5c1517008d9,1,23037,-95,1596530380249 b5b182c7-eab1-4988-aa99-b5c1517008d9,1,62955,-82,1596530414262 01022023-688f-0000-0047-15c1cebb02d6,3114,21554,-97,1596530408556 b5b182c7-eab1-4988-aa99-b5c1517008d9,1,38761,-86,1596530379536 00b671d7-c7ee-f773-fc2f-142af84e1006,19230,56293,-90,1596530409305 008b0f68-446b-5f8c-8d6a-96d970bdad84,63029,60562,-63,1596530404431 b5b182c7-eab1-4988-aa99-b5c1517008d9,1,51769,-85,1596530384169 ea43594a-1652-4c0a-a396-ae4877d105f0,151,55782,-86,1596530414199 1cd7412e-a3b1-4084-a538-d07975e147f4,55897,42613,-90,1596530384411 b5b182c7-eab1-4988-aa99-b5c1517008d9,1,46195,-83,1596530414056 b5b182c7-eab1-4988-aa99-b5c1517008d9,1,26667,-78,1596530389276 b5b182c7-eab1-4988-aa99-b5c1517008d9,1,59901,-87,1596530389500 00bbe97d-8eb4-578d-6ad8-e29ed35d1006,7710,24610,-97,1596530379653 01022022-f78f-0100-00d3-0ed396cf66c5,3161,19205,-97,1596530370022 b5b182c7-eab1-4988-aa99-b5c1517008d9,1,16718,-85,1596530414627 b5b182c7-eab1-4988-aa99-b5c1517008d9,1,2882,-82,1596530408686 ea43594a-1652-4c0a-a396-ae4877d105f0,7734,27390,-96,1596530394369 b5b182c7-eab1-4988-aa99-b5c1517008d9,1,19615,-97,1596530384716 b5b182c7-eab1-4988-aa99-b5c1517008d9,1,30535,-74,1596530379365 01022002-f98f-0000-0009-b0ad290ee495,54931,58756,-77,1596530409466 fda50693-a4e2-4fb1-afcf-c6eb07647825,10196,38688,-91,1596530403905 0036a314-e6c3-18d6-5ff1-8ca1801e1006,20766,61674,-89,1596530409196 0102200b-668f-0000-0077-431e3c7e1a09,8013,1405,-94,1596530413917 00bae9b2-78aa-7187-046e-f1b9a5251006,7710,24610,-74,1596530377688 b5b182c7-eab1-4988-aa99-b5c1517008d9,1,50110,-86,1596530414644 0102202b-888f-0100-0000-4958fc9734cc,4328,65322,-84,1596530414594
1596530414680 b5b182c7-eab1-4988-aa99-b5c1517008d9,1,12091,-89,1596530414430 b5b182c7-eab1-4988-aa99-b5c1517008d9,1,27480,-78,1596530414042 b5b182c7-eab1-4988-aa99-b5c1517008d9,1,32491,-87,1596530414412 b5b182c7-eab1-4988-aa99-b5c1517008d9,1,23037,-95,1596530380249 b5b182c7-eab1-4988-aa99-b5c1517008d9,1,62955,-82,1596530414262 01022023-688f-0000-0047-15c1cebb02d6,3114,21554,-97,1596530408556 b5b182c7-eab1-4988-aa99-b5c1517008d9,1,38761,-86,1596530379536 00b671d7-c7ee-f773-fc2f-142af84e1006,19230,56293,-90,1596530409305 008b0f68-446b-5f8c-8d6a-96d970bdad84,63029,60562,-63,1596530404431 b5b182c7-eab1-4988-aa99-b5c1517008d9,1,51769,-85,1596530384169 ea43594a-1652-4c0a-a396-ae4877d105f0,151,55782,-86,1596530414199 1cd7412e-a3b1-4084-a538-d07975e147f4,55897,42613,-90,1596530384411 b5b182c7-eab1-4988-aa99-b5c1517008d9,1,46195,-83,1596530414680 b5b182c7-eab1-4988-aa99-b5c1517008d9,1,26667,-78,1596530389276 b5b182c7-eab1-4988-aa99-b5c1517008d9,1,59901,-87,1596530389500 00bbe97d-8eb4-578d-6ad8-e29ed35d1006,7710,24610,-97,1596530379653 01022022-f78f-0100-00d3-0ed396cf66c5,3161,19205,-97,1596530370022 b5b182c7-eab1-4988-aa99-b5c1517008d9,1,16718,-85,1596530414627 b5b182c7-eab1-4988-aa99-b5c1517008d9,1,2882,-82,1596530408686 ea43594a-1652-4c0a-a396-ae4877d105f0,7734,27390,-96,1596530394369 b5b182c7-eab1-4988-aa99-b5c1517008d9,1,19615,-97,1596530384716 b5b182c7-eab1-4988-aa99-b5c1517008d9,1,30535,-74,1596530379365 01022002-f98f-0000-0009-b0ad290ee495,54931,58756,-77,1596530409467 fda50693-a4e2-4fb1-afcf-c6eb07647825,10196,38688,-91,1596530403905 0036a314-e6c3-18d6-5ff1-8ca1801e1006,20766,61674,-89,1596530409196 0102200b-668f-0000-0077-431e3c7e1a09,8013,1405,-94,1596530413917 00bae9b2-78aa-7187-046e-f1b9a5251006,7710,24610,-74,1596530377688 b5b182c7-eab1-4988-aa99-b5c1517008d9,1,50110,-86,1596530414644 0102202b-888f-0100-0000-4958fc9734cc,4328,65322,-84,1596530414593
1596530414821 b5b182c7-eab1-4988-aa99-b5c1517008d9,1,12091,-89,1596530414430 b5b182c7-eab1-4988-aa99-b5c1517008d9,1,27480,-78,1596530414042 b5b182c7-eab1-4988-aa99-b5c1517008d9,1,32491,-87,1596530414412 b5b182c7-eab1-4988-aa99-b5c1517008d9,1,23037,-95,1596530380249 b5b182c7-eab1-4988-aa99-b5c1517008d9,1,62955,-82,1596530414262 01022023-688f-0000-0047-15c1cebb02d6,3114,21554,-97,1596530408556 b5b182c7-eab1-4988-aa99-b5c1517008d9,1,38761,-86,1596530379536 00b671d7-c7ee-f773-fc2f-142af84e1006,19230,56293,-90,1596530409305 008b0f68-446b-5f8c-8d6a-96d970bdad84,63029,60562,-63,1596530404430 b5b182c7-eab1-4988-aa99-b5c1517008d9,1,51769,-85,1596530384169 ea43594a-1652-4c0a-a396-ae4877d105f0,151,55782,-86,1596530414199 1cd7412e-a3b1-4084-a538-d07975e147f4,55897,42613,-90,1596530384411 b5b182c7-eab1-4988-aa99-b5c1517008d9,1,46195,-83,1596530414680 b5b182c7-eab1-4988-aa99-b5c1517008d9,1,26667,-78,1596530389276 b5b182c7-eab1-4988-aa99-b5c1517008d9,1,59901,-87,1596530389499 00bbe97d-8eb4-578d-6ad8-e29ed35d1006,7710,24610,-97,1596530379653 01022022-f78f-0100-00d3-0ed396cf66c5,3161,19205,-97,1596530370022 b5b182c7-eab1-4988-aa99-b5c1517008d9,1,16718,-85,1596530414627 b5b182c7-eab1-4988-aa99-b5c1517008d9,1,2882,-82,1596530408685 ea43594a-1652-4c0a-a396-ae4877d105f0,7734,27390,-96,1596530394369 b5b182c7-eab1-4988-aa99-b5c1517008d9,1,19615,-97,1596530384716 b5b182c7-eab1-4988-aa99-b5c1517008d9,1,30535,-74,1596530379365 01022002-f98f-0000-0009-b0ad290ee495,54931,58756,-77,1596530409467 fda50693-a4e2-4fb1-afcf-c6eb07647825,10196,38688,-91,1596530403905 0036a314-e6c3-18d6-5ff1-8ca1801e1006,20766,61674,-89,1596530409196 0102200b-668f-0000-0077-431e3c7e1a09,8013,1405,-94,1596530413917 00bae9b2-78aa-7187-046e-f1b9a5251006,7710,24610,-74,1596530377688 b5b182c7-eab1-4988-aa99-b5c1517008d9,1,50110,-86,1596530414644 0102202b-888f-0100-0000-4958fc9734cc,4328,65322,-84,1596530414821
1596530418699 b5b182c7-eab1-4988-aa99-b5c1517008d9,1,12091,-89,1596530414430 b5b182c7-eab1-4988-aa99-b5c1517008d9,1,27480,-78,1596530414042 b5b182c7-eab1-4988-aa99-b5c1517008d9,1,32491,-87,1596530414412 b5b182c7-eab1-4988-aa99-b5c1517008d9,1,23037,-95,1596530380249 b5b182c7-eab1-4988-aa99-b5c1517008d9,1,62955,-82,1596530418699 01022023-688f-0000-0047-15c1cebb02d6,3114,21554,-97,1596530408556 b5b182c7-eab1-4988-aa99-b5c1517008d9,1,38761,-86,1596530379536 00b671d7-c7ee-f773-fc2f-142af84e1006,19230,56293,-90,1596530409305 008b0f68-446b-5f8c-8d6a-96d970bdad84,63029,60562,-63,1596530404431 b5b182c7-eab1-4988-aa99-b5c1517008d9,1,51769,-85,1596530384169 ea43594a-1652-4c0a-a396-ae4877d105f0,151,55782,-86,1596530414199 1cd7412e-a3b1-4084-a538-d07975e147f4,55897,42613,-90,1596530384411 b5b182c7-eab1-4988-aa99-b5c1517008d9,1,46195,-83,1596530414680 b5b182c7-eab1-4988-aa99-b5c1517008d9,1,26667,-78,1596530389276 b5b182c7-eab1-4988-aa99-b5c1517008d9,1,59901,-87,1596530389500 00bbe97d-8eb4-578d-6ad8-e29ed35d1006,7710,24610,-97,1596530379653 01022022-f78f-0100-00d3-0ed396cf66c5,3161,19205,-97,1596530370022 b5b182c7-eab1-4988-aa99-b5c1517008d9,1,16718,-85,1596530414627 b5b182c7-eab1-4988-aa99-b5c1517008d9,1,2882,-82,1596530408686 ea43594a-1652-4c0a-a396-ae4877d105f0,7734,27390,-96,1596530394369 b5b182c7-eab1-4988-aa99-b5c1517008d9,1,19615,-97,1596530384716 b5b182c7-eab1-4988-aa99-b5c1517008d9,1,30535,-74,1596530379364 01022002-f98f-0000-0009-b0ad290ee495,54931,58756,-77,1596530409466 fda50693-a4e2-4fb1-afcf-c6eb07647825,10196,38688,-91,1596530403905 0036a314-e6c3-18d6-5ff1-8ca1801e1006,20766,61674,-89,1596530409196 0102200b-668f-0000-0077-431e3c7e1a09,8013,1405,-94,1596530413917 00bae9b2-78aa-7187-046e-f1b9a5251006,7710,24610,-74,1596530377688 b5b182c7-eab1-4988-aa99-b5c1517008d9,1,50110,-86,1596530414644 0102202b-888f-0100-0000-4958fc9734cc,4328,65322,-84,1596530414821
1596530418923 b5b182c7-eab1-4988-aa99-b5c1517008d9,1,12091,-89,1596530414430 b5b182c7-eab1-4988-aa99-b5c1517008d9,1,27480,-78,1596530414042 b5b182c7-eab1-4988-aa99-b5c1517008d9,1,32491,-87,1596530414412 b5b182c7-eab1-4988-aa99-b5c1517008d9,1,23037,-95,1596530380249 b5b182c7-eab1-4988-aa99-b5c1517008d9,1,62955,-82,1596530418699 01022023-688f-0000-0047-15c1cebb02d6,3114,21554,-97,1596530408556 b5b182c7-eab1-4988-aa99-b5c1517008d9,1,38761,-86,1596530379536 00b671d7-c7ee-f773-fc2f-142af84e1006,19230,56293,-90,1596530409305 008b0f68-446b-5f8c-8d6a-96d970bdad84,63029,60562,-63,1596530404431 b5b182c7-eab1-4988-aa99-b5c1517008d9,1,51769,-85,1596530384169 ea43594a-1652-4c0a-a396-ae4877d105f0,151,55782,-86,1596530414199 1cd7412e-a3b1-4084-a538-d07975e147f4,55897,42613,-90,1596530384411 b5b182c7-eab1-4988-aa99-b5c1517008d9,1,46195,-83,1596530414679 b5b182c7-eab1-4988-aa99-b5c1517008d9,1,26667,-78,1596530389276 b5b182c7-eab1-4988-aa99-b5c1517008d9,1,59901,-87,1596530389500 00bbe97d-8eb4-578d-6ad8-e29ed35d1006,7710,24610,-97,1596530379653 01022022-f78f-0100-00d3-0ed396cf66c5,3161,19205,-97,1596530370022 b5b182c7-eab1-4988-aa99-b5c1517008d9,1,16718,-85,1596530414627 b5b182c7-eab1-4988-aa99-b5c1517008d9,1,2882,-82,1596530408686 ea43594a-1652-4c0a-a396-ae4877d105f0,7734,27390,-96,1596530394369 b5b182c7-eab1-4988-aa99-b5c1517008d9,1,19615,-97,1596530384716 b5b182c7-eab1-4988-aa99-b5c1517008d9,1,30535,-74,1596530379365 01022002-f98f-0000-0009-b0ad290ee495,54931,58756,-77,1596530409467 fda50693-a4e2-4fb1-afcf-c6eb07647825,10196,38688,-91,1596530403905 0036a314-e6c3-18d6-5ff1-8ca1801e1006,20766,61674,-89,1596530409196 0102200b-668f-0000-0077-431e3c7e1a09,8013,1405,-94,1596530413917 00bae9b2-78aa-7187-046e-f1b9a5251006,7710,24610,-74,1596530377688 b5b182c7-eab1-4988-aa99-b5c1517008d9,1,50110,-86,1596530414644 0102202b-888f-0100-0000-4958fc9734cc,4328,65322,-84,1596530418923
1596530419463 b5b182c7-eab1-4988-aa99-b5c1517008d9,1,12091,-89,1596530414430 b5b182c7-eab1-4988-aa99-b5c1517008d9,1,27480,-78,1596530414042 b5b182c7-eab1-4988-aa99-b5c1517008d9,1,32491,-87,1596530414412 b5b182c7-eab1-4988-aa99-b5c1517008d9,1,23037,-95,1596530380249 b5b182c7-eab1-4988-aa99-b5c1517008d9,1,62955,-82,1596530418699 01022023-688f-0000-0047-15c1cebb02d6,3114,21554,-97,1596530408556 b5b182c7-eab1-4988-aa99-b5c1517008d9,1,38761,-86,1596530379536 00b671d7-c7ee-f773-fc2f-142af84e1006,19230,56293,-90,1596530409305 008b0f68-446b-5f8c-8d6a-96d970bdad84,63029,60562,-63,1596530404431 b5b182c7-eab1-4988-aa99-b5c1517008d9,1,51769,-85,1596530384169 ea43594a-1652-4c0a-a396-ae4877d105f0,151,55782,-86,1596530414199 1cd7412e-a3b1-4084-a538-d07975e147f4,55897,42613,-90,1596530384411 b5b182c7-eab1-4988-aa99-b5c1517008d9,1,46195,-83,1596530414680 b5b182c7-eab1-4988-aa99-b5c1517008d9,1,26667,-78,1596530389276 b5b182c7-eab1-4988-aa99-b5c1517008d9,1,59901,-87,1596530389500 00bbe97d-8eb4-578d-6ad8-e29ed35d1006,7710,24610,-97,1596530379653 01022022-f78f-0100-00d3-0ed396cf66c5,3161,19205,-97,1596530370022 b5b182c7-eab1-4988-aa99-b5c1517008d9,1,16718,-85,1596530414626 b5b182c7-eab1-4988-aa99-b5c1517008d9,1,2882,-82,1596530408685 ea43594a-1652-4c0a-a396-ae4877d105f0,7734,27390,-96,1596530394369 b5b182c7-eab1-4988-aa99-b5c1517008d9,1,19615,-97,1596530384716 b5b182c7-eab1-4988-aa99-b5c1517008d9,1,30535,-74,1596530379365 01022002-f98f-0000-0009-b0ad290ee495,54931,58756,-77,1596530409467 fda50693-a4e2-4fb1-afcf-c6eb07647825,10196,38688,-91,1596530403905 0036a314-e6c3-18d6-5ff1-8ca1801e1006,20766,61674,-89,1596530409196 0102200b-668f-0000-0077-431e3c7e1a09,8013,1405,-94,1596530413917 00bae9b2-78aa-7187-046e-f1b9a5251006,7710,24610,-74,1596530377688 b5b182c7-eab1-4988-aa99-b5c1517008d9,1,50110,-86,1596530414644 0102202b-888f-0100-0000-4958fc9734cc,4328,65322,-84,1596530419463
1596530419486 b5b182c7-eab1-4988-aa99-b5c1517008d9,1,12091,-89,1596530414429 b5b182c7-eab1-4988-aa99-b5c1517008d9,1,27480,-78,1596530414041 b5b182c7-eab1-4988-aa99-b5c1517008d9,1,32491,-87,1596530414411 b5b182c7-eab1-4988-aa99-b5c1517008d9,1,23037,-95,1596530380249 b5b182c7-eab1-4988-aa99-b5c1517008d9,1,62955,-82,1596530418699 01022023-688f-0000-0047-15c1cebb02d6,3114,21554,-97,1596530408556 b5b182c7-eab1-4988-aa99-b5c1517008d9,1,38761,-86,1596530379536 00b671d7-c7ee-f773-fc2f-142af84e1006,19230,56293,-90,1596530409305 008b0f68-446b-5f8c-8d6a-96d970bdad84,63029,60562,-63,1596530404431 b5b182c7-eab1-4988-aa99-b5c1517008d9,1,51769,-85,1596530419486 ea43594a-1652-4c0a-a396-ae4877d105f0,151,55782,-86,1596530414199 1cd7412e-a3b1-4084-a538-d07975e147f4,55897,42613,-90,1596530384411 b5b182c7-eab1-4988-aa99-b5c1517008d9,1,46195,-83,1596530414680 b5b182c7-eab1-4988-aa99-b5c1517008d9,1,26667,-78,1596530389276 b5b182c7-eab1-4988-aa99-b5c1517008d9,1,59901,-87,1596530389500 00bbe97d-8eb4-578d-6ad8-e29ed35d1006,7710,24610,-97,1596530379653 01022022-f78f-0100-00d3-0ed396cf66c5,3161,19205,-97,1596530370022 b5b182c7-eab1-4988-aa99-b5c1517008d9,1,16718,-85,1596530414627 b5b182c7-eab1-4988-aa99-b5c1517008d9,1,2882,-82,1596530408685 ea43594a-1652-4c0a-a396-ae4877d105f0,7734,27390,-96,1596530394369 b5b182c7-eab1-4988-aa99-b5c1517008d9,1,19615,-97,1596530384716 b5b182c7-eab1-4988-aa99-b5c1517008d9,1,30535,-74,1596530379365 01022002-f98f-0000-0009-b0ad290ee495,54931,58756,-77,1596530409467 fda50693-a4e2-4fb1-afcf-c6eb07647825,10196,38688,-91,1596530403905 0036a314-e6c3-18d6-5ff1-8ca1801e1006,20766,61674,-89,1596530409196 0102200b-668f-0000-0077-431e3c7e1a09,8013,1405,-94,1596530413917 00bae9b2-78aa-7187-046e-f1b9a5251006,7710,24610,-74,1596530377688 b5b182c7-eab1-4988-aa99-b5c1517008d9,1,50110,-86,1596530414644 0102202b-888f-0100-0000-4958fc9734cc,4328,65322,-84,1596530419463
1596530423950 b5b182c7-eab1-4988-aa99-b5c1517008d9,1,12091,-89,1596530414430 b5b182c7-eab1-4988-aa99-b5c1517008d9,1,27480,-78,1596530414042 b5b182c7-eab1-4988-aa99-b5c1517008d9,1,32491,-87,1596530414412 b5b182c7-eab1-4988-aa99-b5c1517008d9,1,23037,-95,1596530380249 b5b182c7-eab1-4988-aa99-b5c1517008d9,1,62955,-82,1596530418699 01022023-688f-0000-0047-15c1cebb02d6,3114,21554,-97,1596530423950 b5b182c7-eab1-4988-aa99-b5c1517008d9,1,38761,-86,1596530379536 00b671d7-c7ee-f773-fc2f-142af84e1006,19230,56293,-90,1596530409305 008b0f68-446b-5f8c-8d6a-96d970bdad84,63029,60562,-63,1596530404431 b5b182c7-eab1-4988-aa99-b5c1517008d9,1,51769,-85,1596530419486 ea43594a-1652-4c0a-a396-ae4877d105f0,151,55782,-86,1596530414199 1cd7412e-a3b1-4084-a538-d07975e147f4,55897,42613,-90,1596530384411 b5b182c7-eab1-4988-aa99-b5c1517008d9,1,46195,-83,1596530414680 b5b182c7-eab1-4988-aa99-b5c1517008d9,1,26667,-78,1596530389275 b5b182c7-eab1-4988-aa99-b5c1517008d9,1,59901,-87,1596530389500 00bbe97d-8eb4-578d-6ad8-e29ed35d1006,7710,24610,-97,1596530379652 01022022-f78f-0100-00d3-0ed396cf66c5,3161,19205,-97,1596530370022 b5b182c7-eab1-4988-aa99-b5c1517008d9,1,16718,-85,1596530414627 b5b182c7-eab1-4988-aa99-b5c1517008d9,1,2882,-82,1596530408686 ea43594a-1652-4c0a-a396-ae4877d105f0,7734,27390,-96,1596530394369 b5b182c7-eab1-4988-aa99-b5c1517008d9,1,19615,-97,1596530384716 b5b182c7-eab1-4988-aa99-b5c1517008d9,1,30535,-74,1596530379365 01022002-f98f-0000-0009-b0ad290ee495,54931,58756,-77,1596530409467 fda50693-a4e2-4fb1-afcf-c6eb07647825,10196,38688,-91,1596530403905 0036a314-e6c3-18d6-5ff1-8ca1801e1006,20766,61674,-89,1596530409196 0102200b-668f-0000-0077-431e3c7e1a09,8013,1405,-94,1596530413917 00bae9b2-78aa-7187-046e-f1b9a5251006,7710,24610,-74,1596530377687 b5b182c7-eab1-4988-aa99-b5c1517008d9,1,50110,-86,1596530414644 0102202b-888f-0100-0000-4958fc9734cc,4328,65322,-84,1596530419463
1596530424143 b5b182c7-eab1-4988-aa99-b5c1517008d9,1,12091,-89,1596530414429 b5b182c7-eab1-4988-aa99-b5c1517008d9,1,27480,-78,1596530414042 b5b182c7-eab1-4988-aa99-b5c1517008d9,1,32491,-87,1596530414412 b5b182c7-eab1-4988-aa99-b5c1517008d9,1,23037,-95,1596530380249 b5b182c7-eab1-4988-aa99-b5c1517008d9,1,62955,-82,1596530418699 01022023-688f-0000-0047-15c1cebb02d6,3114,21554,-97,1596530424143 b5b182c7-eab1-4988-aa99-b5c1517008d9,1,38761,-86,1596530379536 00b671d7-c7ee-f773-fc2f-142af84e1006,19230,56293,-90,1596530409305 008b0f68-446b-5f8c-8d6a-96d970bdad84,63029,60562,-63,1596530404431 b5b182c7-eab1-4988-aa99-b5c1517008d9,1,51769,-85,1596530419486 ea43594a-1652-4c0a-a396-ae4877d105f0,151,55782,-86,1596530414199 1cd7412e-a3b1-4084-a538-d07975e147f4,55897,42613,-90,1596530384411 b5b182c7-eab1-4988-aa99-b5c1517008d9,1,46195,-83,1596530414680 b5b182c7-eab1-4988-aa99-b5c1517008d9,1,26667,-78,1596530389276 b5b182c7-eab1-4988-aa99-b5c1517008d9,1,59901,-87,1596530389500 00bbe97d-8eb4-578d-6ad8-e29ed35d1006,7710,24610,-97,1596530379653 01022022-f78f-0100-00d3-0ed396cf66c5,3161,19205,-97,1596530370022 b5b182c7-eab1-4988-aa99-b5c1517008d9,1,16718,-85,1596530414627 b5b182c7-eab1-4988-aa99-b5c1517008d9,1,2882,-82,1596530408686 ea43594a-1652-4c0a-a396-ae4877d105f0,7734,27390,-96,1596530394369 b5b182c7-eab1-4988-aa99-b5c1517008d9,1,19615,-97,1596530384716 b5b182c7-eab1-4988-aa99-b5c1517008d9,1,30535,-74,1596530379365 01022002-f98f-0000-0009-b0ad290ee495,54931,58756,-77,1596530409467 fda50693-a4e2-4fb1-afcf-c6eb07647825,10196,38688,-91,1596530403905 0036a314-e6c3-18d6-5ff1-8ca1801e1006,20766,61674,-89,1596530409196 0102200b-668f-0000-0077-431e3c7e1a09,8013,1405,-94,1596530413917 00bae9b2-78aa-7187-046e-f1b9a5251006,7710,24610,-74,1596530377688 b5b182c7-eab1-4988-aa99-b5c1517008d9,1,50110,-86,1596530414644 0102202b-888f-0100-0000-4958fc9734cc,4328,65322,-84,1596530419463
1596530424326 b5b182c7-eab1-4988-aa99-b5c1517008d9,1,12091,-89,1596530414430 b5b182c7-eab1-4988-aa99-b5c1517008d9,1,27480,-78,1596530414042 b5b182c7-eab1-4988-aa99-b5c1517008d9,1,32491,-87,1596530414412 b5b182c7-eab1-4988-aa99-b5c1517008d9,1,23037,-95,1596530380249 b5b182c7-eab1-4988-aa99-b5c1517008d9,1,62955,-82,1596530418699 01022023-688f-0000-0047-15c1cebb02d6,3114,21554,-97,1596530424326 b5b182c7-eab1-4988-aa99-b5c1517008d9,1,38761,-86,1596530379536 00b671d7-c7ee-f773-fc2f-142af84e1006,19230,56293,-90,1596530409305 008b0f68-446b-5f8c-8d6a-96d970bdad84,63029,60562,-63,1596530404431 b5b182c7-eab1-4988-aa99-b5c1517008d9,1,51769,-85,1596530419486 ea43594a-1652-4c0a-a396-ae4877d105f0,151,55782,-86,1596530414199 1cd7412e-a3b1-4084-a538-d07975e147f4,55897,42613,-90,1596530384410 b5b182c7-eab1-4988-aa99-b5c1517008d9,1,46195,-83,1596530414679 b5b182c7-eab1-4988-aa99-b5c1517008d9,1,26667,-78,1596530389275 b5b182c7-eab1-4988-aa99-b5c1517008d9,1,59901,-87,1596530389500 00bbe97d-8eb4-578d-6ad8-e29ed35d1006,7710,24610,-97,1596530379653 01022022-f78f-0100-00d3-0ed396cf66c5,3161,19205,-97,1596530370022 b5b182c7-eab1-4988-aa99-b5c1517008d9,1,16718,-85,1596530414627 b5b182c7-eab1-4988-aa99-b5c1517008d9,1,2882,-82,1596530408686 ea43594a-1652-4c0a-a396-ae4877d105f0,7734,27390,-96,1596530394369 b5b182c7-eab1-4988-aa99-b5c1517008d9,1,19615,-97,1596530384716 b5b182c7-eab1-4988-aa99-b5c1517008d9,1,30535,-74,1596530379365 01022002-f98f-0000-0009-b0ad290ee495,54931,58756,-77,1596530409467 fda50693-a4e2-4fb1-afcf-c6eb07647825,10196,38688,-91,1596530403905 0036a314-e6c3-18d6-5ff1-8ca1801e1006,20766,61674,-89,1596530409196 0102200b-668f-0000-0077-431e3c7e1a09,8013,1405,-94,1596530413917 00bae9b2-78aa-7187-046e-f1b9a5251006,7710,24610,-74,1596530377688 b5b182c7-eab1-4988-aa99-b5c1517008d9,1,50110,-86,1596530414644 0102202b-888f-0100-0000-4958fc9734cc,4328,65322,-84,1596530419463
