Started:Mtr_Ymt_5572a8422e8a67cf_795_335_795_365_1596530164535
795.0,335.0 1165.0,335.0 1165.0,365.0 795.0,365.0 
1596530187247 1596530240761 1596530249437 1596530298622 
1596530193495 01022023-688f-0000-003c-ec5529bcf886,50323,3562,-93,1596530193495
1596530194374 01022023-688f-0000-003c-ec5529bcf886,50323,3562,-93,1596530193495 0102202b-998f-0000-000a-e3ef9ee38b21,46251,34444,-92,1596530194374
1596530224154 01022023-688f-0000-0038-df1a951e3378,23227,55389,-100,1596530224154 01022023-688f-0000-003c-ec5529bcf886,50323,3562,-93,1596530193495 0102202b-998f-0000-000a-e3ef9ee38b21,46251,34444,-92,1596530194374
1596530229465 01022023-688f-0000-0038-df1a951e3378,23227,55389,-100,1596530224154 01022023-688f-0000-003c-ec5529bcf886,50323,3562,-93,1596530193494 0102202b-998f-0000-000a-e3ef9ee38b21,46251,34444,-92,1596530194374 b5b182c7-eab1-4988-aa99-b5c1517008d9,1,59901,-86,1596530229464
1596530243894 01022023-688f-0000-0038-df1a951e3378,23227,55389,-100,1596530224154 fda50693-a4e2-4fb1-afcf-c6eb07647825,10196,38688,-95,1596530243895 01022023-688f-0000-003c-ec5529bcf886,50323,3562,-93,1596530193494 0102202b-998f-0000-000a-e3ef9ee38b21,46251,34444,-92,1596530194374 b5b182c7-eab1-4988-aa99-b5c1517008d9,1,59901,-86,1596530229465
1596530260261 01022023-688f-0000-0038-df1a951e3378,23227,55389,-100,1596530224154 fda50693-a4e2-4fb1-afcf-c6eb07647825,10196,38688,-95,1596530243895 b5b182c7-eab1-4988-aa99-b5c1517008d9,1,32491,-86,1596530260260 01022023-688f-0000-003c-ec5529bcf886,50323,3562,-93,1596530193495 0102202b-998f-0000-000a-e3ef9ee38b21,46251,34444,-92,1596530194374 b5b182c7-eab1-4988-aa99-b5c1517008d9,1,59901,-86,1596530229465
1596530260308 01022023-688f-0000-0038-df1a951e3378,23227,55389,-100,1596530224154 fda50693-a4e2-4fb1-afcf-c6eb07647825,10196,38688,-95,1596530243895 b5b182c7-eab1-4988-aa99-b5c1517008d9,1,32491,-86,1596530260261 01022023-688f-0000-003c-ec5529bcf886,50323,3562,-93,1596530193495 0102202b-998f-0000-000a-e3ef9ee38b21,46251,34444,-92,1596530194374 b5b182c7-eab1-4988-aa99-b5c1517008d9,1,59901,-86,1596530229465 b5b182c7-eab1-4988-aa99-b5c1517008d9,1,38761,-85,1596530260309
1596530263862 01022023-688f-0000-0038-df1a951e3378,23227,55389,-100,1596530224154 fda50693-a4e2-4fb1-afcf-c6eb07647825,10196,38688,-95,1596530243895 b5b182c7-eab1-4988-aa99-b5c1517008d9,1,32491,-86,1596530260261 01022023-688f-0000-003c-ec5529bcf886,50323,3562,-93,1596530193495 0102202b-998f-0000-000a-e3ef9ee38b21,46251,34444,-92,1596530194374 b5b182c7-eab1-4988-aa99-b5c1517008d9,1,59901,-86,1596530229465 b5b182c7-eab1-4988-aa99-b5c1517008d9,1,6116,-91,1596530263862 b5b182c7-eab1-4988-aa99-b5c1517008d9,1,38761,-85,1596530260309
1596530263982 b5b182c7-eab1-4988-aa99-b5c1517008d9,1,51769,-89,1596530263982 01022023-688f-0000-0038-df1a951e3378,23227,55389,-100,1596530224154 fda50693-a4e2-4fb1-afcf-c6eb07647825,10196,38688,-95,1596530243895 b5b182c7-eab1-4988-aa99-b5c1517008d9,1,32491,-86,1596530260261 01022023-688f-0000-003c-ec5529bcf886,50323,3562,-93,1596530193495 0102202b-998f-0000-000a-e3ef9ee38b21,46251,34444,-92,1596530194374 b5b182c7-eab1-4988-aa99-b5c1517008d9,1,59901,-86,1596530229465 b5b182c7-eab1-4988-aa99-b5c1517008d9,1,6116,-91,1596530263862 b5b182c7-eab1-4988-aa99-b5c1517008d9,1,38761,-85,1596530260309
1596530264051 b5b182c7-eab1-4988-aa99-b5c1517008d9,1,51769,-89,1596530263982 01022023-688f-0000-0038-df1a951e3378,23227,55389,-100,1596530224154 fda50693-a4e2-4fb1-afcf-c6eb07647825,10196,38688,-95,1596530243895 b5b182c7-eab1-4988-aa99-b5c1517008d9,1,32491,-86,1596530260260 01022023-688f-0000-003c-ec5529bcf886,50323,3562,-93,1596530193495 0102202b-998f-0000-000a-e3ef9ee38b21,46251,34444,-92,1596530194374 b5b182c7-eab1-4988-aa99-b5c1517008d9,1,26667,-101,1596530264051 b5b182c7-eab1-4988-aa99-b5c1517008d9,1,59901,-86,1596530229465 b5b182c7-eab1-4988-aa99-b5c1517008d9,1,6116,-91,1596530263862 b5b182c7-eab1-4988-aa99-b5c1517008d9,1,38761,-85,1596530260309
1596530264209 b5b182c7-eab1-4988-aa99-b5c1517008d9,1,51769,-89,1596530263982 01022023-688f-0000-0038-df1a951e3378,23227,55389,-100,1596530224153 fda50693-a4e2-4fb1-afcf-c6eb07647825,10196,38688,-95,1596530243895 b5b182c7-eab1-4988-aa99-b5c1517008d9,1,32491,-86,1596530260261 01022023-688f-0000-003c-ec5529bcf886,50323,3562,-93,1596530193495 0102202b-998f-0000-000a-e3ef9ee38b21,46251,34444,-92,1596530194374 b5b182c7-eab1-4988-aa99-b5c1517008d9,1,26667,-101,1596530264051 b5b182c7-eab1-4988-aa99-b5c1517008d9,1,59901,-86,1596530229465 b5b182c7-eab1-4988-aa99-b5c1517008d9,1,6116,-91,1596530263862 b5b182c7-eab1-4988-aa99-b5c1517008d9,1,30535,-88,1596530264209 b5b182c7-eab1-4988-aa99-b5c1517008d9,1,38761,-85,1596530260309
1596530264364 b5b182c7-eab1-4988-aa99-b5c1517008d9,1,51769,-89,1596530263982 01022023-688f-0000-0038-df1a951e3378,23227,55389,-100,1596530224154 fda50693-a4e2-4fb1-afcf-c6eb07647825,10196,38688,-95,1596530243895 b5b182c7-eab1-4988-aa99-b5c1517008d9,1,32491,-86,1596530260260 01022023-688f-0000-003c-ec5529bcf886,50323,3562,-93,1596530193495 0102202b-998f-0000-000a-e3ef9ee38b21,46251,34444,-92,1596530194373 b5b182c7-eab1-4988-aa99-b5c1517008d9,1,26667,-101,1596530264051 b5b182c7-eab1-4988-aa99-b5c1517008d9,1,59901,-86,1596530229465 b5b182c7-eab1-4988-aa99-b5c1517008d9,1,6116,-91,1596530263862 b5b182c7-eab1-4988-aa99-b5c1517008d9,1,30535,-88,1596530264209 b5b182c7-eab1-4988-aa99-b5c1517008d9,1,62767,-92,1596530264364 b5b182c7-eab1-4988-aa99-b5c1517008d9,1,38761,-85,1596530260309
1596530264512 01022023-688f-0000-0038-df1a951e3378,23227,55389,-100,1596530224154 b5b182c7-eab1-4988-aa99-b5c1517008d9,1,32491,-86,1596530260261 01022023-688f-0000-003c-ec5529bcf886,50323,3562,-93,1596530193495 0102202b-998f-0000-000a-e3ef9ee38b21,46251,34444,-92,1596530194374 b5b182c7-eab1-4988-aa99-b5c1517008d9,1,30535,-88,1596530264208 b5b182c7-eab1-4988-aa99-b5c1517008d9,1,62767,-92,1596530264364 b5b182c7-eab1-4988-aa99-b5c1517008d9,1,38761,-85,1596530260309 b5b182c7-eab1-4988-aa99-b5c1517008d9,1,51769,-89,1596530263982 fda50693-a4e2-4fb1-afcf-c6eb07647825,10196,38688,-95,1596530243894 b5b182c7-eab1-4988-aa99-b5c1517008d9,1,26667,-101,1596530264051 b5b182c7-eab1-4988-aa99-b5c1517008d9,1,59901,-86,1596530229465 b5b182c7-eab1-4988-aa99-b5c1517008d9,1,6116,-91,1596530263862 b5b182c7-eab1-4988-aa99-b5c1517008d9,1,16718,-88,1596530264512
1596530269126 01022023-688f-0000-0038-df1a951e3378,23227,55389,-100,1596530224154 b5b182c7-eab1-4988-aa99-b5c1517008d9,1,32491,-86,1596530260261 01022023-688f-0000-003c-ec5529bcf886,50323,3562,-93,1596530193494 0102202b-998f-0000-000a-e3ef9ee38b21,46251,34444,-92,1596530194374 b5b182c7-eab1-4988-aa99-b5c1517008d9,1,30535,-88,1596530264209 b5b182c7-eab1-4988-aa99-b5c1517008d9,1,62767,-92,1596530264364 b5b182c7-eab1-4988-aa99-b5c1517008d9,1,38761,-85,1596530260309 b5b182c7-eab1-4988-aa99-b5c1517008d9,1,51769,-89,1596530263982 fda50693-a4e2-4fb1-afcf-c6eb07647825,10196,38688,-95,1596530243895 b5b182c7-eab1-4988-aa99-b5c1517008d9,1,26667,-101,1596530264051 b5b182c7-eab1-4988-aa99-b5c1517008d9,1,59901,-86,1596530229465 b5b182c7-eab1-4988-aa99-b5c1517008d9,1,6116,-91,1596530263861 b5b182c7-eab1-4988-aa99-b5c1517008d9,1,50110,-96,1596530269126 b5b182c7-eab1-4988-aa99-b5c1517008d9,1,16718,-88,1596530264512
1596530269205 01022023-688f-0000-0038-df1a951e3378,23227,55389,-100,1596530224154 b5b182c7-eab1-4988-aa99-b5c1517008d9,1,32491,-86,1596530260261 01022023-688f-0000-003c-ec5529bcf886,50323,3562,-93,1596530193495 0102202b-988f-0100-00c5-896e626609cc,42459,45757,-100,1596530269205 0102202b-998f-0000-000a-e3ef9ee38b21,46251,34444,-92,1596530194374 b5b182c7-eab1-4988-aa99-b5c1517008d9,1,30535,-88,1596530264209 b5b182c7-eab1-4988-aa99-b5c1517008d9,1,62767,-92,1596530264364 b5b182c7-eab1-4988-aa99-b5c1517008d9,1,38761,-85,1596530260309 b5b182c7-eab1-4988-aa99-b5c1517008d9,1,51769,-89,1596530263982 fda50693-a4e2-4fb1-afcf-c6eb07647825,10196,38688,-95,1596530243895 b5b182c7-eab1-4988-aa99-b5c1517008d9,1,26667,-101,1596530264051 b5b182c7-eab1-4988-aa99-b5c1517008d9,1,59901,-86,1596530229465 b5b182c7-eab1-4988-aa99-b5c1517008d9,1,6116,-91,1596530263862 b5b182c7-eab1-4988-aa99-b5c1517008d9,1,50110,-96,1596530269126 b5b182c7-eab1-4988-aa99-b5c1517008d9,1,16718,-88,1596530264512
1596530274160 01022023-688f-0000-0038-df1a951e3378,23227,55389,-100,1596530274160 b5b182c7-eab1-4988-aa99-b5c1517008d9,1,32491,-86,1596530260261 01022023-688f-0000-003c-ec5529bcf886,50323,3562,-93,1596530193495 0102202b-988f-0100-00c5-896e626609cc,42459,45757,-100,1596530269205 0102202b-998f-0000-000a-e3ef9ee38b21,46251,34444,-92,1596530194374 b5b182c7-eab1-4988-aa99-b5c1517008d9,1,30535,-88,1596530264209 b5b182c7-eab1-4988-aa99-b5c1517008d9,1,62767,-92,1596530264363 b5b182c7-eab1-4988-aa99-b5c1517008d9,1,38761,-85,1596530260309 b5b182c7-eab1-4988-aa99-b5c1517008d9,1,51769,-89,1596530263982 fda50693-a4e2-4fb1-afcf-c6eb07647825,10196,38688,-95,1596530243895 b5b182c7-eab1-4988-aa99-b5c1517008d9,1,26667,-101,1596530264051 b5b182c7-eab1-4988-aa99-b5c1517008d9,1,59901,-86,1596530229465 b5b182c7-eab1-4988-aa99-b5c1517008d9,1,6116,-91,1596530263862 b5b182c7-eab1-4988-aa99-b5c1517008d9,1,50110,-96,1596530269126 b5b182c7-eab1-4988-aa99-b5c1517008d9,1,16718,-88,1596530264512
1596530283024 01022023-688f-0000-0038-df1a951e3378,23227,55389,-100,1596530274160 b5b182c7-eab1-4988-aa99-b5c1517008d9,1,32491,-86,1596530260261 01022023-688f-0000-003c-ec5529bcf886,50323,3562,-93,1596530193495 0102202b-988f-0100-00c5-896e626609cc,42459,45757,-100,1596530269205 0102202b-998f-0000-000a-e3ef9ee38b21,46251,34444,-92,1596530194374 b5b182c7-eab1-4988-aa99-b5c1517008d9,1,30535,-88,1596530264209 b5b182c7-eab1-4988-aa99-b5c1517008d9,1,62767,-92,1596530264363 b5b182c7-eab1-4988-aa99-b5c1517008d9,1,38761,-85,1596530260309 b5b182c7-eab1-4988-aa99-b5c1517008d9,1,51769,-89,1596530263982 fda50693-a4e2-4fb1-afcf-c6eb07647825,10196,38688,-95,1596530243895 b5b182c7-eab1-4988-aa99-b5c1517008d9,1,26667,-101,1596530264051 b5b182c7-eab1-4988-aa99-b5c1517008d9,1,59901,-86,1596530229465 b5b182c7-eab1-4988-aa99-b5c1517008d9,1,6116,-91,1596530283024 b5b182c7-eab1-4988-aa99-b5c1517008d9,1,50110,-96,1596530269126 b5b182c7-eab1-4988-aa99-b5c1517008d9,1,16718,-88,1596530264512
1596530284536 b5b182c7-eab1-4988-aa99-b5c1517008d9,1,2882,-92,1596530284536 01022023-688f-0000-0038-df1a951e3378,23227,55389,-100,1596530274160 b5b182c7-eab1-4988-aa99-b5c1517008d9,1,32491,-86,1596530260261 01022023-688f-0000-003c-ec5529bcf886,50323,3562,-93,1596530193495 0102202b-988f-0100-00c5-896e626609cc,42459,45757,-100,1596530269204 0102202b-998f-0000-000a-e3ef9ee38b21,46251,34444,-92,1596530194374 b5b182c7-eab1-4988-aa99-b5c1517008d9,1,30535,-88,1596530264209 b5b182c7-eab1-4988-aa99-b5c1517008d9,1,62767,-92,1596530264364 b5b182c7-eab1-4988-aa99-b5c1517008d9,1,38761,-85,1596530260309 b5b182c7-eab1-4988-aa99-b5c1517008d9,1,51769,-89,1596530263982 fda50693-a4e2-4fb1-afcf-c6eb07647825,10196,38688,-95,1596530243895 b5b182c7-eab1-4988-aa99-b5c1517008d9,1,26667,-101,1596530264051 b5b182c7-eab1-4988-aa99-b5c1517008d9,1,59901,-86,1596530229465 b5b182c7-eab1-4988-aa99-b5c1517008d9,1,6116,-91,1596530283024 b5b182c7-eab1-4988-aa99-b5c1517008d9,1,50110,-96,1596530269125 b5b182c7-eab1-4988-aa99-b5c1517008d9,1,16718,-88,1596530264512
1596530284551 b5b182c7-eab1-4988-aa99-b5c1517008d9,1,2882,-92,1596530284536 01022023-688f-0000-0038-df1a951e3378,23227,55389,-100,1596530274160 b5b182c7-eab1-4988-aa99-b5c1517008d9,1,32491,-86,1596530260261 01022023-688f-0000-003c-ec5529bcf886,50323,3562,-93,1596530193495 0102202b-988f-0100-00c5-896e626609cc,42459,45757,-100,1596530269205 0102202b-998f-0000-000a-e3ef9ee38b21,46251,34444,-92,1596530194374 b5b182c7-eab1-4988-aa99-b5c1517008d9,1,30535,-88,1596530264209 b5b182c7-eab1-4988-aa99-b5c1517008d9,1,62767,-92,1596530264364 b5b182c7-eab1-4988-aa99-b5c1517008d9,1,38761,-85,1596530260308 b5b182c7-eab1-4988-aa99-b5c1517008d9,1,51769,-89,1596530263982 fda50693-a4e2-4fb1-afcf-c6eb07647825,10196,38688,-95,1596530243895 0102200b-768f-0000-0028-15aa707af1f4,9569,29003,-91,1596530284551 b5b182c7-eab1-4988-aa99-b5c1517008d9,1,26667,-101,1596530264051 b5b182c7-eab1-4988-aa99-b5c1517008d9,1,59901,-86,1596530229465 b5b182c7-eab1-4988-aa99-b5c1517008d9,1,6116,-91,1596530283024 b5b182c7-eab1-4988-aa99-b5c1517008d9,1,50110,-96,1596530269126 b5b182c7-eab1-4988-aa99-b5c1517008d9,1,16718,-88,1596530264512
