Started:Mtr_Ymt_5572a8422e8a67cf_1165_360_1085_230_1596531065744
1165.0,360.0 1165.0,230.0 1125.0,230.0 1125.0,360.0 1085.0,360.0 1085.0,230.0 
1596531105450 1596531122816 1596531129876 1596531149078 1596531155818 1596531173010 
1596531108750 0102202b-448f-0000-0047-2ae7ce340d97,19902,25801,-82,1596531108749
1596531114350 0102202b-448f-0000-0047-2ae7ce340d97,19902,25801,-82,1596531114349
1596531118988 0102202b-448f-0000-0047-2ae7ce340d97,19902,25801,-82,1596531114350 0102200b-888f-0000-0029-87d3691b5d32,30108,38853,-81,1596531118988
1596531124024 0102202b-448f-0000-0047-2ae7ce340d97,19902,25801,-82,1596531124024 0102200b-888f-0000-0029-87d3691b5d32,30108,38853,-81,1596531118988
1596531134255 0102202b-448f-0000-0047-2ae7ce340d97,19902,25801,-82,1596531134256 0102200b-888f-0000-0029-87d3691b5d32,30108,38853,-81,1596531118988
1596531139417 0102200b-888f-0000-004f-6b0968b72bcd,20713,38113,-96,1596531139417 0102202b-448f-0000-0047-2ae7ce340d97,19902,25801,-82,1596531134256 0102200b-888f-0000-0029-87d3691b5d32,30108,38853,-81,1596531118988
1596531144525 0102200b-888f-0000-004f-6b0968b72bcd,20713,38113,-96,1596531139417 0102202b-448f-0000-0047-2ae7ce340d97,19902,25801,-82,1596531134255 0102202b-448f-0000-0043-6f1f19b10634,35715,58128,-94,1596531144526 0102200b-888f-0000-0029-87d3691b5d32,30108,38853,-81,1596531118988
1596531153563 0102200b-888f-0000-004f-6b0968b72bcd,20713,38113,-96,1596531139417 0102202b-448f-0000-0047-2ae7ce340d97,19902,25801,-82,1596531134256 01022022-f08f-0100-0027-7f85c51166fa,16406,21409,-92,1596531153563 0102202b-448f-0000-0043-6f1f19b10634,35715,58128,-94,1596531144526 0102200b-888f-0000-0029-87d3691b5d32,30108,38853,-81,1596531118988
1596531153924 0102200b-888f-0000-004f-6b0968b72bcd,20713,38113,-96,1596531139417 0102202b-448f-0000-0047-2ae7ce340d97,19902,25801,-82,1596531134256 01022022-f08f-0100-0027-7f85c51166fa,16406,21409,-92,1596531153564 0102202b-448f-0000-0043-6f1f19b10634,35715,58128,-94,1596531144526 0102200b-888f-0000-0029-87d3691b5d32,30108,38853,-81,1596531118988 0102200b-898f-0000-00f8-e02742e07f3f,5278,34400,-88,1596531153924
1596531153944 0102200b-888f-0000-004f-6b0968b72bcd,20713,38113,-96,1596531139417 0102202b-448f-0000-0047-2ae7ce340d97,19902,25801,-82,1596531134256 01022022-f08f-0100-0027-7f85c51166fa,16406,21409,-92,1596531153944 0102202b-448f-0000-0043-6f1f19b10634,35715,58128,-94,1596531144526 0102200b-888f-0000-0029-87d3691b5d32,30108,38853,-81,1596531118988 0102200b-898f-0000-00f8-e02742e07f3f,5278,34400,-88,1596531153924
1596531154134 0102200b-888f-0000-004f-6b0968b72bcd,20713,38113,-96,1596531139417 0102202b-448f-0000-0047-2ae7ce340d97,19902,25801,-82,1596531134256 01022022-f08f-0100-0027-7f85c51166fa,16406,21409,-92,1596531154134 0102202b-448f-0000-0043-6f1f19b10634,35715,58128,-94,1596531144525 0102200b-888f-0000-0029-87d3691b5d32,30108,38853,-81,1596531118988 0102200b-898f-0000-00f8-e02742e07f3f,5278,34400,-88,1596531153924
1596531154458 0102200b-888f-0000-004f-6b0968b72bcd,20713,38113,-96,1596531154458 0102202b-448f-0000-0047-2ae7ce340d97,19902,25801,-82,1596531134256 01022022-f08f-0100-0027-7f85c51166fa,16406,21409,-92,1596531154133 0102202b-448f-0000-0043-6f1f19b10634,35715,58128,-94,1596531144526 0102200b-888f-0000-0029-87d3691b5d32,30108,38853,-81,1596531118988 0102200b-898f-0000-00f8-e02742e07f3f,5278,34400,-88,1596531153924
1596531159436 0102200b-888f-0000-004f-6b0968b72bcd,20713,38113,-96,1596531154458 b5b182c7-eab1-4988-aa99-b5c1517008d9,1,2882,-89,1596531159435 0102202b-448f-0000-0047-2ae7ce340d97,19902,25801,-82,1596531134256 01022022-f08f-0100-0027-7f85c51166fa,16406,21409,-92,1596531154134 0102202b-448f-0000-0043-6f1f19b10634,35715,58128,-94,1596531144526 0102200b-888f-0000-0029-87d3691b5d32,30108,38853,-81,1596531118988 0102200b-898f-0000-00f8-e02742e07f3f,5278,34400,-88,1596531153924
1596531159461 0102200b-888f-0000-004f-6b0968b72bcd,20713,38113,-96,1596531154458 b5b182c7-eab1-4988-aa99-b5c1517008d9,1,2882,-89,1596531159436 0102202b-448f-0000-0047-2ae7ce340d97,19902,25801,-82,1596531134256 0102202b-998f-0100-002b-b55d34f46e89,59975,5436,-92,1596531159462 01022022-f08f-0100-0027-7f85c51166fa,16406,21409,-92,1596531154134 0102202b-448f-0000-0043-6f1f19b10634,35715,58128,-94,1596531144526 0102200b-888f-0000-0029-87d3691b5d32,30108,38853,-81,1596531118987 0102200b-898f-0000-00f8-e02742e07f3f,5278,34400,-88,1596531153924
1596531163887 0102200b-888f-0000-004f-6b0968b72bcd,20713,38113,-96,1596531154458 0102202b-998f-0100-0053-0ca9839069bc,33186,26828,-83,1596531163887 b5b182c7-eab1-4988-aa99-b5c1517008d9,1,2882,-89,1596531159436 0102202b-448f-0000-0047-2ae7ce340d97,19902,25801,-82,1596531134256 0102202b-998f-0100-002b-b55d34f46e89,59975,5436,-92,1596531159462 01022022-f08f-0100-0027-7f85c51166fa,16406,21409,-92,1596531154134 0102202b-448f-0000-0043-6f1f19b10634,35715,58128,-94,1596531144526 0102200b-888f-0000-0029-87d3691b5d32,30108,38853,-81,1596531118988 0102200b-898f-0000-00f8-e02742e07f3f,5278,34400,-88,1596531153924
1596531164360 0102200b-888f-0000-004f-6b0968b72bcd,20713,38113,-96,1596531154458 0102202b-998f-0100-0053-0ca9839069bc,33186,26828,-83,1596531163887 b5b182c7-eab1-4988-aa99-b5c1517008d9,1,2882,-89,1596531159436 0102202b-448f-0000-0047-2ae7ce340d97,19902,25801,-82,1596531134256 0102202b-998f-0100-002b-b55d34f46e89,59975,5436,-92,1596531159462 01022022-f08f-0100-0027-7f85c51166fa,16406,21409,-92,1596531154134 0102202b-448f-0000-0043-6f1f19b10634,35715,58128,-94,1596531144526 01022003-888f-0000-00f3-7dd1af327653,54698,40355,-91,1596531164361 0102200b-888f-0000-0029-87d3691b5d32,30108,38853,-81,1596531118988 0102200b-898f-0000-00f8-e02742e07f3f,5278,34400,-88,1596531153924
1596531170148 0102200b-888f-0000-004f-6b0968b72bcd,20713,38113,-96,1596531154458 0102202b-998f-0100-0053-0ca9839069bc,33186,26828,-83,1596531163887 b5b182c7-eab1-4988-aa99-b5c1517008d9,1,2882,-89,1596531159436 0102202b-448f-0000-0047-2ae7ce340d97,19902,25801,-82,1596531134256 0102202b-998f-0100-002b-b55d34f46e89,59975,5436,-92,1596531159462 01022022-f08f-0100-0027-7f85c51166fa,16406,21409,-92,1596531154133 0102202b-448f-0000-0043-6f1f19b10634,35715,58128,-94,1596531144526 01022003-888f-0000-00f3-7dd1af327653,54698,40355,-91,1596531164361 0102200b-888f-0000-0029-87d3691b5d32,30108,38853,-81,1596531118988 b5b182c7-eab1-4988-aa99-b5c1517008d9,1,38761,-93,1596531170148 0102200b-898f-0000-00f8-e02742e07f3f,5278,34400,-88,1596531153924
1596531170377 0102200b-888f-0000-004f-6b0968b72bcd,20713,38113,-96,1596531154458 0102202b-998f-0100-0053-0ca9839069bc,33186,26828,-83,1596531163887 b5b182c7-eab1-4988-aa99-b5c1517008d9,1,2882,-89,1596531159436 0102202b-448f-0000-0047-2ae7ce340d97,19902,25801,-82,1596531134256 0102202b-998f-0100-002b-b55d34f46e89,59975,5436,-92,1596531159462 01022022-f08f-0100-0027-7f85c51166fa,16406,21409,-92,1596531154134 0102202b-448f-0000-0043-6f1f19b10634,35715,58128,-94,1596531144526 01022003-888f-0000-00f3-7dd1af327653,54698,40355,-91,1596531164361 0102200b-888f-0000-0029-87d3691b5d32,30108,38853,-81,1596531118988 b5b182c7-eab1-4988-aa99-b5c1517008d9,1,38761,-93,1596531170148 b5b182c7-eab1-4988-aa99-b5c1517008d9,1,44824,-90,1596531170376 0102200b-898f-0000-00f8-e02742e07f3f,5278,34400,-88,1596531153924
1596531170459 0102202b-998f-0100-0053-0ca9839069bc,33186,26828,-83,1596531163887 b5b182c7-eab1-4988-aa99-b5c1517008d9,1,2882,-89,1596531159436 b5b182c7-eab1-4988-aa99-b5c1517008d9,1,62955,-85,1596531170459 01022022-f08f-0100-0027-7f85c51166fa,16406,21409,-92,1596531154134 0102202b-448f-0000-0043-6f1f19b10634,35715,58128,-94,1596531144526 01022003-888f-0000-00f3-7dd1af327653,54698,40355,-91,1596531164361 b5b182c7-eab1-4988-aa99-b5c1517008d9,1,38761,-93,1596531170148 0102200b-898f-0000-00f8-e02742e07f3f,5278,34400,-88,1596531153924 0102200b-888f-0000-004f-6b0968b72bcd,20713,38113,-96,1596531154458 0102202b-448f-0000-0047-2ae7ce340d97,19902,25801,-82,1596531134256 0102202b-998f-0100-002b-b55d34f46e89,59975,5436,-92,1596531159462 0102200b-888f-0000-0029-87d3691b5d32,30108,38853,-81,1596531118988 b5b182c7-eab1-4988-aa99-b5c1517008d9,1,44824,-90,1596531170377
1596531170535 0102202b-998f-0100-0053-0ca9839069bc,33186,26828,-83,1596531163887 b5b182c7-eab1-4988-aa99-b5c1517008d9,1,2882,-89,1596531159436 b5b182c7-eab1-4988-aa99-b5c1517008d9,1,62955,-85,1596531170459 01022022-f08f-0100-0027-7f85c51166fa,16406,21409,-92,1596531154134 0102202b-448f-0000-0043-6f1f19b10634,35715,58128,-94,1596531144526 01022003-888f-0000-00f3-7dd1af327653,54698,40355,-91,1596531164361 b5b182c7-eab1-4988-aa99-b5c1517008d9,1,38761,-93,1596531170148 0102200b-898f-0000-00f8-e02742e07f3f,5278,34400,-88,1596531153924 0102200b-888f-0000-004f-6b0968b72bcd,20713,38113,-96,1596531154458 0102202b-448f-0000-0047-2ae7ce340d97,19902,25801,-82,1596531134256 0102202b-998f-0100-002b-b55d34f46e89,59975,5436,-92,1596531159462 0102200b-888f-0000-0029-87d3691b5d32,30108,38853,-81,1596531118988 b5b182c7-eab1-4988-aa99-b5c1517008d9,1,44824,-90,1596531170377 b5b182c7-eab1-4988-aa99-b5c1517008d9,1,50110,-89,1596531170535
1596531170569 0102202b-998f-0100-0053-0ca9839069bc,33186,26828,-83,1596531170569 b5b182c7-eab1-4988-aa99-b5c1517008d9,1,2882,-89,1596531159436 b5b182c7-eab1-4988-aa99-b5c1517008d9,1,62955,-85,1596531170459 01022022-f08f-0100-0027-7f85c51166fa,16406,21409,-92,1596531154134 0102202b-448f-0000-0043-6f1f19b10634,35715,58128,-94,1596531144526 01022003-888f-0000-00f3-7dd1af327653,54698,40355,-91,1596531164361 b5b182c7-eab1-4988-aa99-b5c1517008d9,1,38761,-93,1596531170148 0102200b-898f-0000-00f8-e02742e07f3f,5278,34400,-88,1596531153924 0102200b-888f-0000-004f-6b0968b72bcd,20713,38113,-96,1596531154458 0102202b-448f-0000-0047-2ae7ce340d97,19902,25801,-82,1596531134256 0102202b-998f-0100-002b-b55d34f46e89,59975,5436,-92,1596531159461 0102200b-888f-0000-0029-87d3691b5d32,30108,38853,-81,1596531118988 b5b182c7-eab1-4988-aa99-b5c1517008d9,1,44824,-90,1596531170377 b5b182c7-eab1-4988-aa99-b5c1517008d9,1,50110,-89,1596531170535
1596531170618 0102202b-998f-0100-0053-0ca9839069bc,33186,26828,-83,1596531170569 b5b182c7-eab1-4988-aa99-b5c1517008d9,1,2882,-89,1596531159436 b5b182c7-eab1-4988-aa99-b5c1517008d9,1,62955,-85,1596531170459 01022022-f08f-0100-0027-7f85c51166fa,16406,21409,-92,1596531154134 0102202b-448f-0000-0043-6f1f19b10634,35715,58128,-94,1596531144526 01022003-888f-0000-00f3-7dd1af327653,54698,40355,-91,1596531164361 b5b182c7-eab1-4988-aa99-b5c1517008d9,1,38761,-93,1596531170148 0102200b-898f-0000-00f8-e02742e07f3f,5278,34400,-88,1596531153924 0102200b-888f-0000-004f-6b0968b72bcd,20713,38113,-96,1596531154458 0102202b-448f-0000-0047-2ae7ce340d97,19902,25801,-82,1596531134256 0102202b-998f-0100-002b-b55d34f46e89,59975,5436,-92,1596531159461 0c807199-0767-4dd5-9d63-0acd75c0183f,17290,35415,-87,1596531170617 0102200b-888f-0000-0029-87d3691b5d32,30108,38853,-81,1596531118988 b5b182c7-eab1-4988-aa99-b5c1517008d9,1,44824,-90,1596531170377 b5b182c7-eab1-4988-aa99-b5c1517008d9,1,50110,-89,1596531170535
