Started:Mtr_Ymt_b59a361f6b3e7f11_795_335_795_365_1597134606655
795.0,335.0 1165.0,335.0 1165.0,365.0 795.0,365.0 
1597134631893 1597134689511 1597134698890 1597134756172 
1597134635797 01022002-f38f-0000-004a-8894a6dd33a4,37906,20027,-81,1597134635796
1597134636095 0102200b-878f-0000-002e-45975ea3a060,60650,1107,-76,1597134636094 01022002-f38f-0000-004a-8894a6dd33a4,37906,20027,-81,1597134635796
1597134636172 0102200b-878f-0000-002e-45975ea3a060,60650,1107,-76,1597134636094 01022002-f38f-0000-004a-8894a6dd33a4,37906,20027,-81,1597134636172
1597134641263 0102200b-878f-0000-002e-45975ea3a060,60650,1107,-76,1597134636095 01022002-f38f-0000-004a-8894a6dd33a4,37906,20027,-81,1597134636173 0102200b-878f-0000-00a8-be0d901b5e31,57023,38549,-77,1597134641263
1597134646285 0102200b-878f-0000-002e-45975ea3a060,60650,1107,-76,1597134636095 01022002-f38f-0000-004a-8894a6dd33a4,37906,20027,-81,1597134636172 0102200b-878f-0000-00a8-be0d901b5e31,57023,38549,-77,1597134646285
1597134651291 0102200b-878f-0000-002e-45975ea3a060,60650,1107,-76,1597134636094 01022002-f38f-0000-004a-8894a6dd33a4,37906,20027,-81,1597134651291 0102200b-878f-0000-00a8-be0d901b5e31,57023,38549,-77,1597134646286
1597134653730 0102200b-878f-0000-002e-45975ea3a060,60650,1107,-76,1597134636095 01022002-f38f-0000-004a-8894a6dd33a4,37906,20027,-81,1597134653730 0102200b-878f-0000-00a8-be0d901b5e31,57023,38549,-77,1597134646285
1597134670482 0102200b-878f-0000-002e-45975ea3a060,60650,1107,-76,1597134636095 01022002-f38f-0000-004a-8894a6dd33a4,37906,20027,-81,1597134653730 0102200b-878f-0000-00a8-be0d901b5e31,57023,38549,-77,1597134670483
1597134670544 0102200b-878f-0000-002e-45975ea3a060,60650,1107,-76,1597134636095 01022002-f38f-0000-004a-8894a6dd33a4,37906,20027,-81,1597134670544 0102200b-878f-0000-00a8-be0d901b5e31,57023,38549,-77,1597134670482
1597134670732 0102200b-878f-0000-002e-45975ea3a060,60650,1107,-76,1597134636095 01022002-f38f-0000-004a-8894a6dd33a4,37906,20027,-81,1597134670732 0102200b-878f-0000-00a8-be0d901b5e31,57023,38549,-77,1597134670482
1597134671309 0102200b-878f-0000-002e-45975ea3a060,60650,1107,-76,1597134636094 01022002-f38f-0000-004a-8894a6dd33a4,37906,20027,-81,1597134671310 0102200b-878f-0000-00a8-be0d901b5e31,57023,38549,-77,1597134670482
1597134671493 0102200b-878f-0000-002e-45975ea3a060,60650,1107,-76,1597134636094 01022002-f38f-0000-004a-8894a6dd33a4,37906,20027,-81,1597134671493 0102200b-878f-0000-00a8-be0d901b5e31,57023,38549,-77,1597134670482
1597134675596 0102200b-878f-0000-002e-45975ea3a060,60650,1107,-76,1597134636094 01022002-f38f-0000-004a-8894a6dd33a4,37906,20027,-81,1597134675597 0102200b-878f-0000-00a8-be0d901b5e31,57023,38549,-77,1597134670482
1597134675783 0102200b-878f-0000-002e-45975ea3a060,60650,1107,-76,1597134636094 01022002-f38f-0000-004a-8894a6dd33a4,37906,20027,-81,1597134675783 0102200b-878f-0000-00a8-be0d901b5e31,57023,38549,-77,1597134670482
1597134680812 0102200b-878f-0000-002e-45975ea3a060,60650,1107,-76,1597134636094 01022002-f38f-0000-004a-8894a6dd33a4,37906,20027,-81,1597134680812 0102200b-878f-0000-00a8-be0d901b5e31,57023,38549,-77,1597134670482
1597134681464 0102200b-878f-0000-002e-45975ea3a060,60650,1107,-76,1597134636094 01022002-f38f-0000-004a-8894a6dd33a4,37906,20027,-81,1597134680811 009bf3f0-f830-35c2-fc0c-11a12eac356a,28863,15427,-88,1597134681463 0102200b-878f-0000-00a8-be0d901b5e31,57023,38549,-77,1597134670482
1597134685834 0102200b-878f-0000-002e-45975ea3a060,60650,1107,-76,1597134636095 01022002-f38f-0000-004a-8894a6dd33a4,37906,20027,-81,1597134685833 009bf3f0-f830-35c2-fc0c-11a12eac356a,28863,15427,-88,1597134681463 0102200b-878f-0000-00a8-be0d901b5e31,57023,38549,-77,1597134670482
1597134686011 0102200b-878f-0000-002e-45975ea3a060,60650,1107,-76,1597134636094 fda50693-a4e2-4fb1-afcf-c6eb07647825,10196,38688,-96,1597134686011 01022002-f38f-0000-004a-8894a6dd33a4,37906,20027,-81,1597134685833 009bf3f0-f830-35c2-fc0c-11a12eac356a,28863,15427,-88,1597134681464 0102200b-878f-0000-00a8-be0d901b5e31,57023,38549,-77,1597134670482
1597134691145 0102200b-878f-0000-002e-45975ea3a060,60650,1107,-76,1597134636094 fda50693-a4e2-4fb1-afcf-c6eb07647825,10196,38688,-96,1597134686011 01022002-f38f-0000-004a-8894a6dd33a4,37906,20027,-81,1597134685833 009bf3f0-f830-35c2-fc0c-11a12eac356a,28863,15427,-88,1597134681463 0102200b-878f-0000-00a8-be0d901b5e31,57023,38549,-77,1597134691146
1597134691442 0102200b-878f-0000-002e-45975ea3a060,60650,1107,-76,1597134636094 fda50693-a4e2-4fb1-afcf-c6eb07647825,10196,38688,-96,1597134686011 01022002-f38f-0000-004a-8894a6dd33a4,37906,20027,-81,1597134691442 009bf3f0-f830-35c2-fc0c-11a12eac356a,28863,15427,-88,1597134681463 0102200b-878f-0000-00a8-be0d901b5e31,57023,38549,-77,1597134691145
1597134696117 0102200b-878f-0000-002e-45975ea3a060,60650,1107,-76,1597134636094 fda50693-a4e2-4fb1-afcf-c6eb07647825,10196,38688,-96,1597134686012 01022002-f38f-0000-004a-8894a6dd33a4,37906,20027,-81,1597134696118 009bf3f0-f830-35c2-fc0c-11a12eac356a,28863,15427,-88,1597134681463 0102200b-878f-0000-00a8-be0d901b5e31,57023,38549,-77,1597134691145
1597134696300 0102200b-878f-0000-002e-45975ea3a060,60650,1107,-76,1597134636094 fda50693-a4e2-4fb1-afcf-c6eb07647825,10196,38688,-96,1597134686011 01022002-f38f-0000-004a-8894a6dd33a4,37906,20027,-81,1597134696300 009bf3f0-f830-35c2-fc0c-11a12eac356a,28863,15427,-88,1597134681463 0102200b-878f-0000-00a8-be0d901b5e31,57023,38549,-77,1597134691146
1597134698527 0102200b-878f-0000-002e-45975ea3a060,60650,1107,-76,1597134636094 fda50693-a4e2-4fb1-afcf-c6eb07647825,10196,38688,-96,1597134686011 01022002-f38f-0000-004a-8894a6dd33a4,37906,20027,-81,1597134698526 009bf3f0-f830-35c2-fc0c-11a12eac356a,28863,15427,-88,1597134681463 0102200b-878f-0000-00a8-be0d901b5e31,57023,38549,-77,1597134691146
1597134706340 0102200b-878f-0000-002e-45975ea3a060,60650,1107,-76,1597134636095 fda50693-a4e2-4fb1-afcf-c6eb07647825,10196,38688,-96,1597134686011 01022002-f38f-0000-004a-8894a6dd33a4,37906,20027,-81,1597134698526 009bf3f0-f830-35c2-fc0c-11a12eac356a,28863,15427,-88,1597134681463 0102200b-878f-0000-00a8-be0d901b5e31,57023,38549,-77,1597134691145 0102202b-138f-0100-000e-64066f8bfe80,64609,34393,-86,1597134706340
1597134708777 0102200b-878f-0000-002e-45975ea3a060,60650,1107,-76,1597134636094 fda50693-a4e2-4fb1-afcf-c6eb07647825,10196,38688,-96,1597134686012 01022002-f38f-0000-004a-8894a6dd33a4,37906,20027,-81,1597134698526 009bf3f0-f830-35c2-fc0c-11a12eac356a,28863,15427,-88,1597134681463 0102200b-878f-0000-00a8-be0d901b5e31,57023,38549,-77,1597134691145 0102202b-138f-0100-000e-64066f8bfe80,64609,34393,-86,1597134708777
1597134720299 0102200b-878f-0000-002e-45975ea3a060,60650,1107,-76,1597134636095 fda50693-a4e2-4fb1-afcf-c6eb07647825,10196,38688,-96,1597134686012 01022002-f38f-0000-004a-8894a6dd33a4,37906,20027,-81,1597134720299 009bf3f0-f830-35c2-fc0c-11a12eac356a,28863,15427,-88,1597134681463 0102200b-878f-0000-00a8-be0d901b5e31,57023,38549,-77,1597134691145 0102202b-138f-0100-000e-64066f8bfe80,64609,34393,-86,1597134708777
1597134720517 0102200b-878f-0000-002e-45975ea3a060,60650,1107,-76,1597134636095 fda50693-a4e2-4fb1-afcf-c6eb07647825,10196,38688,-96,1597134686012 01022002-f38f-0000-004a-8894a6dd33a4,37906,20027,-81,1597134720299 009bf3f0-f830-35c2-fc0c-11a12eac356a,28863,15427,-88,1597134681463 0102200b-878f-0000-00a8-be0d901b5e31,57023,38549,-77,1597134691145 0102202b-138f-0100-000e-64066f8bfe80,64609,34393,-86,1597134720517
1597134720665 0102200b-878f-0000-002e-45975ea3a060,60650,1107,-76,1597134636094 fda50693-a4e2-4fb1-afcf-c6eb07647825,10196,38688,-96,1597134686011 01022002-f38f-0000-004a-8894a6dd33a4,37906,20027,-81,1597134720664 009bf3f0-f830-35c2-fc0c-11a12eac356a,28863,15427,-88,1597134681463 0102200b-878f-0000-00a8-be0d901b5e31,57023,38549,-77,1597134691145 0102202b-138f-0100-000e-64066f8bfe80,64609,34393,-86,1597134720518
1597134720853 0102200b-878f-0000-002e-45975ea3a060,60650,1107,-76,1597134636094 fda50693-a4e2-4fb1-afcf-c6eb07647825,10196,38688,-96,1597134686012 01022002-f38f-0000-004a-8894a6dd33a4,37906,20027,-81,1597134720854 009bf3f0-f830-35c2-fc0c-11a12eac356a,28863,15427,-88,1597134681463 0102200b-878f-0000-00a8-be0d901b5e31,57023,38549,-77,1597134691145 0102202b-138f-0100-000e-64066f8bfe80,64609,34393,-86,1597134720517
1597134720879 0102200b-878f-0000-002e-45975ea3a060,60650,1107,-76,1597134636095 fda50693-a4e2-4fb1-afcf-c6eb07647825,10196,38688,-96,1597134686012 01022002-f38f-0000-004a-8894a6dd33a4,37906,20027,-81,1597134720853 009bf3f0-f830-35c2-fc0c-11a12eac356a,28863,15427,-88,1597134681463 fda50693-a4e2-4fb1-afcf-c6eb07647825,10196,38689,-98,1597134720879 0102200b-878f-0000-00a8-be0d901b5e31,57023,38549,-77,1597134691146 0102202b-138f-0100-000e-64066f8bfe80,64609,34393,-86,1597134720517
1597134721037 0102200b-878f-0000-002e-45975ea3a060,60650,1107,-76,1597134636094 fda50693-a4e2-4fb1-afcf-c6eb07647825,10196,38688,-96,1597134686012 01022002-f38f-0000-004a-8894a6dd33a4,37906,20027,-81,1597134721038 009bf3f0-f830-35c2-fc0c-11a12eac356a,28863,15427,-88,1597134681464 fda50693-a4e2-4fb1-afcf-c6eb07647825,10196,38689,-98,1597134720879 0102200b-878f-0000-00a8-be0d901b5e31,57023,38549,-77,1597134691145 0102202b-138f-0100-000e-64066f8bfe80,64609,34393,-86,1597134720517
1597134721220 0102200b-878f-0000-002e-45975ea3a060,60650,1107,-76,1597134636095 fda50693-a4e2-4fb1-afcf-c6eb07647825,10196,38688,-96,1597134686012 01022002-f38f-0000-004a-8894a6dd33a4,37906,20027,-81,1597134721220 009bf3f0-f830-35c2-fc0c-11a12eac356a,28863,15427,-88,1597134681463 fda50693-a4e2-4fb1-afcf-c6eb07647825,10196,38689,-98,1597134720879 0102200b-878f-0000-00a8-be0d901b5e31,57023,38549,-77,1597134691145 0102202b-138f-0100-000e-64066f8bfe80,64609,34393,-86,1597134720517
1597134725569 0102200b-878f-0000-002e-45975ea3a060,60650,1107,-76,1597134636094 fda50693-a4e2-4fb1-afcf-c6eb07647825,10196,38688,-96,1597134686012 01022002-f38f-0000-004a-8894a6dd33a4,37906,20027,-81,1597134721221 009bf3f0-f830-35c2-fc0c-11a12eac356a,28863,15427,-88,1597134681464 fda50693-a4e2-4fb1-afcf-c6eb07647825,10196,38689,-98,1597134720879 0102200b-878f-0000-00a8-be0d901b5e31,57023,38549,-77,1597134691145 0102202b-138f-0100-000e-64066f8bfe80,64609,34393,-86,1597134725569
1597134725604 0102200b-878f-0000-002e-45975ea3a060,60650,1107,-76,1597134636094 fda50693-a4e2-4fb1-afcf-c6eb07647825,10196,38688,-96,1597134686011 01022002-f38f-0000-004a-8894a6dd33a4,37906,20027,-81,1597134721220 009bf3f0-f830-35c2-fc0c-11a12eac356a,28863,15427,-88,1597134725604 fda50693-a4e2-4fb1-afcf-c6eb07647825,10196,38689,-98,1597134720879 0102200b-878f-0000-00a8-be0d901b5e31,57023,38549,-77,1597134691145 0102202b-138f-0100-000e-64066f8bfe80,64609,34393,-86,1597134725570
1597134725757 0102200b-878f-0000-002e-45975ea3a060,60650,1107,-76,1597134636095 fda50693-a4e2-4fb1-afcf-c6eb07647825,10196,38688,-96,1597134686012 01022002-f38f-0000-004a-8894a6dd33a4,37906,20027,-81,1597134721220 009bf3f0-f830-35c2-fc0c-11a12eac356a,28863,15427,-88,1597134725604 fda50693-a4e2-4fb1-afcf-c6eb07647825,10196,38689,-98,1597134720879 0102200b-878f-0000-00a8-be0d901b5e31,57023,38549,-77,1597134691145 0102202b-138f-0100-000e-64066f8bfe80,64609,34393,-86,1597134725757
1597134725876 0102200b-878f-0000-002e-45975ea3a060,60650,1107,-76,1597134636094 fda50693-a4e2-4fb1-afcf-c6eb07647825,10196,38688,-96,1597134686012 01022002-f38f-0000-004a-8894a6dd33a4,37906,20027,-81,1597134725877 009bf3f0-f830-35c2-fc0c-11a12eac356a,28863,15427,-88,1597134725605 fda50693-a4e2-4fb1-afcf-c6eb07647825,10196,38689,-98,1597134720879 0102200b-878f-0000-00a8-be0d901b5e31,57023,38549,-77,1597134691145 0102202b-138f-0100-000e-64066f8bfe80,64609,34393,-86,1597134725757
1597134726066 0102200b-878f-0000-002e-45975ea3a060,60650,1107,-76,1597134636094 fda50693-a4e2-4fb1-afcf-c6eb07647825,10196,38688,-96,1597134686011 01022002-f38f-0000-004a-8894a6dd33a4,37906,20027,-81,1597134726065 009bf3f0-f830-35c2-fc0c-11a12eac356a,28863,15427,-88,1597134725604 fda50693-a4e2-4fb1-afcf-c6eb07647825,10196,38689,-98,1597134720879 0102200b-878f-0000-00a8-be0d901b5e31,57023,38549,-77,1597134691145 0102202b-138f-0100-000e-64066f8bfe80,64609,34393,-86,1597134725757
1597134726121 0102200b-878f-0000-002e-45975ea3a060,60650,1107,-76,1597134636095 fda50693-a4e2-4fb1-afcf-c6eb07647825,10196,38688,-96,1597134686012 01022002-f38f-0000-004a-8894a6dd33a4,37906,20027,-81,1597134726065 009bf3f0-f830-35c2-fc0c-11a12eac356a,28863,15427,-88,1597134725605 fda50693-a4e2-4fb1-afcf-c6eb07647825,10196,38689,-98,1597134720880 0102200b-878f-0000-00a8-be0d901b5e31,57023,38549,-77,1597134691145 0102202b-138f-0100-000e-64066f8bfe80,64609,34393,-86,1597134726121
1597134730772 0102200b-878f-0000-002e-45975ea3a060,60650,1107,-76,1597134636095 fda50693-a4e2-4fb1-afcf-c6eb07647825,10196,38688,-96,1597134686011 01022002-f38f-0000-004a-8894a6dd33a4,37906,20027,-81,1597134726066 009bf3f0-f830-35c2-fc0c-11a12eac356a,28863,15427,-88,1597134725605 fda50693-a4e2-4fb1-afcf-c6eb07647825,10196,38689,-98,1597134720880 0102200b-878f-0000-00a8-be0d901b5e31,57023,38549,-77,1597134691145 0102202b-138f-0100-000e-64066f8bfe80,64609,34393,-86,1597134730771
1597134730919 0102200b-878f-0000-002e-45975ea3a060,60650,1107,-76,1597134636095 fda50693-a4e2-4fb1-afcf-c6eb07647825,10196,38688,-96,1597134686011 01022002-f38f-0000-004a-8894a6dd33a4,37906,20027,-81,1597134730919 009bf3f0-f830-35c2-fc0c-11a12eac356a,28863,15427,-88,1597134725604 fda50693-a4e2-4fb1-afcf-c6eb07647825,10196,38689,-98,1597134720879 0102200b-878f-0000-00a8-be0d901b5e31,57023,38549,-77,1597134691145 0102202b-138f-0100-000e-64066f8bfe80,64609,34393,-86,1597134730772
1597134731146 0102200b-878f-0000-002e-45975ea3a060,60650,1107,-76,1597134636095 fda50693-a4e2-4fb1-afcf-c6eb07647825,10196,38688,-96,1597134686012 01022002-f38f-0000-004a-8894a6dd33a4,37906,20027,-81,1597134730919 009bf3f0-f830-35c2-fc0c-11a12eac356a,28863,15427,-88,1597134725604 fda50693-a4e2-4fb1-afcf-c6eb07647825,10196,38689,-98,1597134720879 0102200b-878f-0000-00a8-be0d901b5e31,57023,38549,-77,1597134691145 0102202b-138f-0100-000e-64066f8bfe80,64609,34393,-86,1597134731145
1597134731285 0102200b-878f-0000-002e-45975ea3a060,60650,1107,-76,1597134636095 fda50693-a4e2-4fb1-afcf-c6eb07647825,10196,38688,-96,1597134686012 0102202b-878f-0100-003f-5bf1e85cd2ac,64804,15815,-98,1597134731286 01022002-f38f-0000-004a-8894a6dd33a4,37906,20027,-81,1597134730920 009bf3f0-f830-35c2-fc0c-11a12eac356a,28863,15427,-88,1597134725604 fda50693-a4e2-4fb1-afcf-c6eb07647825,10196,38689,-98,1597134720879 0102200b-878f-0000-00a8-be0d901b5e31,57023,38549,-77,1597134691145 0102202b-138f-0100-000e-64066f8bfe80,64609,34393,-86,1597134731145
1597134731288 0102200b-878f-0000-002e-45975ea3a060,60650,1107,-76,1597134636094 fda50693-a4e2-4fb1-afcf-c6eb07647825,10196,38688,-96,1597134686011 0102202b-878f-0100-003f-5bf1e85cd2ac,64804,15815,-98,1597134731285 01022002-f38f-0000-004a-8894a6dd33a4,37906,20027,-81,1597134731288 009bf3f0-f830-35c2-fc0c-11a12eac356a,28863,15427,-88,1597134725604 fda50693-a4e2-4fb1-afcf-c6eb07647825,10196,38689,-98,1597134720880 0102200b-878f-0000-00a8-be0d901b5e31,57023,38549,-77,1597134691146 0102202b-138f-0100-000e-64066f8bfe80,64609,34393,-86,1597134731146
1597134731471 0102200b-878f-0000-002e-45975ea3a060,60650,1107,-76,1597134636095 fda50693-a4e2-4fb1-afcf-c6eb07647825,10196,38688,-96,1597134686011 0102202b-878f-0100-003f-5bf1e85cd2ac,64804,15815,-98,1597134731285 01022002-f38f-0000-004a-8894a6dd33a4,37906,20027,-81,1597134731470 009bf3f0-f830-35c2-fc0c-11a12eac356a,28863,15427,-88,1597134725604 fda50693-a4e2-4fb1-afcf-c6eb07647825,10196,38689,-98,1597134720879 0102200b-878f-0000-00a8-be0d901b5e31,57023,38549,-77,1597134691145 0102202b-138f-0100-000e-64066f8bfe80,64609,34393,-86,1597134731145
1597134735794 0102200b-878f-0000-002e-45975ea3a060,60650,1107,-76,1597134636095 fda50693-a4e2-4fb1-afcf-c6eb07647825,10196,38688,-96,1597134686011 0102202b-878f-0100-003f-5bf1e85cd2ac,64804,15815,-98,1597134731285 01022002-f38f-0000-004a-8894a6dd33a4,37906,20027,-81,1597134731470 009bf3f0-f830-35c2-fc0c-11a12eac356a,28863,15427,-88,1597134725604 fda50693-a4e2-4fb1-afcf-c6eb07647825,10196,38689,-98,1597134720879 0102200b-878f-0000-00a8-be0d901b5e31,57023,38549,-77,1597134691145 0102202b-138f-0100-000e-64066f8bfe80,64609,34393,-86,1597134731145 0102202b-878f-0100-0025-76854dde7b95,46748,20020,-77,1597134735793
1597134736311 0102200b-878f-0000-002e-45975ea3a060,60650,1107,-76,1597134636094 fda50693-a4e2-4fb1-afcf-c6eb07647825,10196,38688,-96,1597134686011 0102202b-878f-0100-003f-5bf1e85cd2ac,64804,15815,-98,1597134731285 01022002-f38f-0000-004a-8894a6dd33a4,37906,20027,-81,1597134736311 009bf3f0-f830-35c2-fc0c-11a12eac356a,28863,15427,-88,1597134725604 fda50693-a4e2-4fb1-afcf-c6eb07647825,10196,38689,-98,1597134720880 0102200b-878f-0000-00a8-be0d901b5e31,57023,38549,-77,1597134691146 0102202b-138f-0100-000e-64066f8bfe80,64609,34393,-86,1597134731146 0102202b-878f-0100-0025-76854dde7b95,46748,20020,-77,1597134735794
1597134736353 0102200b-878f-0000-002e-45975ea3a060,60650,1107,-76,1597134636094 fda50693-a4e2-4fb1-afcf-c6eb07647825,10196,38688,-96,1597134686011 0102202b-878f-0100-003f-5bf1e85cd2ac,64804,15815,-98,1597134731285 01022002-f38f-0000-004a-8894a6dd33a4,37906,20027,-81,1597134736312 009bf3f0-f830-35c2-fc0c-11a12eac356a,28863,15427,-88,1597134725605 fda50693-a4e2-4fb1-afcf-c6eb07647825,10196,38689,-98,1597134720879 0102200b-878f-0000-00a8-be0d901b5e31,57023,38549,-77,1597134691146 0102202b-138f-0100-000e-64066f8bfe80,64609,34393,-86,1597134731145 0102202b-878f-0100-0025-76854dde7b95,46748,20020,-77,1597134736354
1597134736358 0102200b-878f-0000-002e-45975ea3a060,60650,1107,-76,1597134636094 fda50693-a4e2-4fb1-afcf-c6eb07647825,10196,38688,-96,1597134686011 0102202b-878f-0100-003f-5bf1e85cd2ac,64804,15815,-98,1597134731285 01022002-f38f-0000-004a-8894a6dd33a4,37906,20027,-81,1597134736311 009bf3f0-f830-35c2-fc0c-11a12eac356a,28863,15427,-88,1597134725604 fda50693-a4e2-4fb1-afcf-c6eb07647825,10196,38689,-98,1597134720879 0102200b-878f-0000-00a8-be0d901b5e31,57023,38549,-77,1597134691145 0102202b-138f-0100-000e-64066f8bfe80,64609,34393,-86,1597134736357 0102202b-878f-0100-0025-76854dde7b95,46748,20020,-77,1597134736353
1597134736500 0102200b-878f-0000-002e-45975ea3a060,60650,1107,-76,1597134636094 fda50693-a4e2-4fb1-afcf-c6eb07647825,10196,38688,-96,1597134686012 0102202b-878f-0100-003f-5bf1e85cd2ac,64804,15815,-98,1597134731286 01022002-f38f-0000-004a-8894a6dd33a4,37906,20027,-81,1597134736501 009bf3f0-f830-35c2-fc0c-11a12eac356a,28863,15427,-88,1597134725604 fda50693-a4e2-4fb1-afcf-c6eb07647825,10196,38689,-98,1597134720879 0102200b-878f-0000-00a8-be0d901b5e31,57023,38549,-77,1597134691145 0102202b-138f-0100-000e-64066f8bfe80,64609,34393,-86,1597134736357 0102202b-878f-0100-0025-76854dde7b95,46748,20020,-77,1597134736353
1597134740815 0102200b-878f-0000-002e-45975ea3a060,60650,1107,-76,1597134636094 fda50693-a4e2-4fb1-afcf-c6eb07647825,10196,38688,-96,1597134686011 0102202b-878f-0100-003f-5bf1e85cd2ac,64804,15815,-98,1597134731285 01022002-f38f-0000-004a-8894a6dd33a4,37906,20027,-81,1597134736500 009bf3f0-f830-35c2-fc0c-11a12eac356a,28863,15427,-88,1597134725604 fda50693-a4e2-4fb1-afcf-c6eb07647825,10196,38689,-98,1597134720879 0102200b-878f-0000-00a8-be0d901b5e31,57023,38549,-77,1597134691145 0102202b-138f-0100-000e-64066f8bfe80,64609,34393,-86,1597134736357 0102202b-878f-0100-0025-76854dde7b95,46748,20020,-77,1597134740814
1597134740958 0102200b-878f-0000-002e-45975ea3a060,60650,1107,-76,1597134636094 fda50693-a4e2-4fb1-afcf-c6eb07647825,10196,38688,-96,1597134686012 0102202b-878f-0100-003f-5bf1e85cd2ac,64804,15815,-98,1597134731286 01022002-f38f-0000-004a-8894a6dd33a4,37906,20027,-81,1597134740959 009bf3f0-f830-35c2-fc0c-11a12eac356a,28863,15427,-88,1597134725605 fda50693-a4e2-4fb1-afcf-c6eb07647825,10196,38689,-98,1597134720879 0102200b-878f-0000-00a8-be0d901b5e31,57023,38549,-77,1597134691145 0102202b-138f-0100-000e-64066f8bfe80,64609,34393,-86,1597134736357 0102202b-878f-0100-0025-76854dde7b95,46748,20020,-77,1597134740814
1597134740996 0102200b-878f-0000-002e-45975ea3a060,60650,1107,-76,1597134636094 fda50693-a4e2-4fb1-afcf-c6eb07647825,10196,38688,-96,1597134686011 0102202b-878f-0100-003f-5bf1e85cd2ac,64804,15815,-98,1597134731285 01022002-f38f-0000-004a-8894a6dd33a4,37906,20027,-81,1597134740958 009bf3f0-f830-35c2-fc0c-11a12eac356a,28863,15427,-88,1597134725604 fda50693-a4e2-4fb1-afcf-c6eb07647825,10196,38689,-98,1597134720879 0102200b-878f-0000-00a8-be0d901b5e31,57023,38549,-77,1597134691145 0102202b-138f-0100-000e-64066f8bfe80,64609,34393,-86,1597134736358 0102202b-878f-0100-0025-76854dde7b95,46748,20020,-77,1597134740996
1597134741143 0102200b-878f-0000-002e-45975ea3a060,60650,1107,-76,1597134636094 fda50693-a4e2-4fb1-afcf-c6eb07647825,10196,38688,-96,1597134686011 0102202b-878f-0100-003f-5bf1e85cd2ac,64804,15815,-98,1597134731285 01022002-f38f-0000-004a-8894a6dd33a4,37906,20027,-81,1597134741142 009bf3f0-f830-35c2-fc0c-11a12eac356a,28863,15427,-88,1597134725604 fda50693-a4e2-4fb1-afcf-c6eb07647825,10196,38689,-98,1597134720879 0102200b-878f-0000-00a8-be0d901b5e31,57023,38549,-77,1597134691145 0102202b-138f-0100-000e-64066f8bfe80,64609,34393,-86,1597134736357 0102202b-878f-0100-0025-76854dde7b95,46748,20020,-77,1597134740995
1597134741517 0102200b-878f-0000-002e-45975ea3a060,60650,1107,-76,1597134636095 fda50693-a4e2-4fb1-afcf-c6eb07647825,10196,38688,-96,1597134686012 0102202b-878f-0100-003f-5bf1e85cd2ac,64804,15815,-98,1597134731286 01022002-f38f-0000-004a-8894a6dd33a4,37906,20027,-81,1597134741517 009bf3f0-f830-35c2-fc0c-11a12eac356a,28863,15427,-88,1597134725605 fda50693-a4e2-4fb1-afcf-c6eb07647825,10196,38689,-98,1597134720880 0102200b-878f-0000-00a8-be0d901b5e31,57023,38549,-77,1597134691146 0102202b-138f-0100-000e-64066f8bfe80,64609,34393,-86,1597134736358 0102202b-878f-0100-0025-76854dde7b95,46748,20020,-77,1597134740995
1597134746186 0102200b-878f-0000-002e-45975ea3a060,60650,1107,-76,1597134636094 fda50693-a4e2-4fb1-afcf-c6eb07647825,10196,38688,-96,1597134686011 0102202b-878f-0100-003f-5bf1e85cd2ac,64804,15815,-98,1597134731285 01022002-f38f-0000-004a-8894a6dd33a4,37906,20027,-81,1597134741516 009bf3f0-f830-35c2-fc0c-11a12eac356a,28863,15427,-88,1597134725603 fda50693-a4e2-4fb1-afcf-c6eb07647825,10196,38689,-98,1597134720879 0102200b-878f-0000-00a8-be0d901b5e31,57023,38549,-77,1597134691145 0102202b-138f-0100-000e-64066f8bfe80,64609,34393,-86,1597134736357 0102202b-878f-0100-0025-76854dde7b95,46748,20020,-77,1597134746186
1597134746335 0102200b-878f-0000-002e-45975ea3a060,60650,1107,-76,1597134636094 fda50693-a4e2-4fb1-afcf-c6eb07647825,10196,38688,-96,1597134686011 0102202b-878f-0100-003f-5bf1e85cd2ac,64804,15815,-98,1597134731285 01022002-f38f-0000-004a-8894a6dd33a4,37906,20027,-81,1597134746335 009bf3f0-f830-35c2-fc0c-11a12eac356a,28863,15427,-88,1597134725605 fda50693-a4e2-4fb1-afcf-c6eb07647825,10196,38689,-98,1597134720880 0102200b-878f-0000-00a8-be0d901b5e31,57023,38549,-77,1597134691146 0102202b-138f-0100-000e-64066f8bfe80,64609,34393,-86,1597134736358 0102202b-878f-0100-0025-76854dde7b95,46748,20020,-77,1597134746187
1597134746377 0102200b-878f-0000-002e-45975ea3a060,60650,1107,-76,1597134636094 fda50693-a4e2-4fb1-afcf-c6eb07647825,10196,38688,-96,1597134686011 0102202b-878f-0100-003f-5bf1e85cd2ac,64804,15815,-98,1597134731285 01022002-f38f-0000-004a-8894a6dd33a4,37906,20027,-81,1597134746335 009bf3f0-f830-35c2-fc0c-11a12eac356a,28863,15427,-88,1597134725604 fda50693-a4e2-4fb1-afcf-c6eb07647825,10196,38689,-98,1597134720879 0102200b-878f-0000-00a8-be0d901b5e31,57023,38549,-77,1597134691145 0102202b-138f-0100-000e-64066f8bfe80,64609,34393,-86,1597134736357 0102202b-878f-0100-0025-76854dde7b95,46748,20020,-77,1597134746376
1597134746433 0102200b-878f-0000-002e-45975ea3a060,60650,1107,-76,1597134636094 fda50693-a4e2-4fb1-afcf-c6eb07647825,10196,38688,-96,1597134686011 0102202b-878f-0100-003f-5bf1e85cd2ac,64804,15815,-98,1597134731285 01022002-f38f-0000-004a-8894a6dd33a4,37906,20027,-81,1597134746336 009bf3f0-f830-35c2-fc0c-11a12eac356a,28863,15427,-88,1597134725605 fda50693-a4e2-4fb1-afcf-c6eb07647825,10196,38689,-98,1597134720880 0102200b-878f-0000-00a8-be0d901b5e31,57023,38549,-77,1597134691146 0102202b-138f-0100-000e-64066f8bfe80,64609,34393,-86,1597134746434 0102202b-878f-0100-0025-76854dde7b95,46748,20020,-77,1597134746377
1597134746519 0102200b-878f-0000-002e-45975ea3a060,60650,1107,-76,1597134636094 fda50693-a4e2-4fb1-afcf-c6eb07647825,10196,38688,-96,1597134686011 0102202b-878f-0100-003f-5bf1e85cd2ac,64804,15815,-98,1597134731285 01022002-f38f-0000-004a-8894a6dd33a4,37906,20027,-81,1597134746520 009bf3f0-f830-35c2-fc0c-11a12eac356a,28863,15427,-88,1597134725605 fda50693-a4e2-4fb1-afcf-c6eb07647825,10196,38689,-98,1597134720880 0102200b-878f-0000-00a8-be0d901b5e31,57023,38549,-77,1597134691146 0102202b-138f-0100-000e-64066f8bfe80,64609,34393,-86,1597134746434 0102202b-878f-0100-0025-76854dde7b95,46748,20020,-77,1597134746377
1597134748466 0102200b-878f-0000-002e-45975ea3a060,60650,1107,-76,1597134636094 fda50693-a4e2-4fb1-afcf-c6eb07647825,10196,38688,-96,1597134686011 0102202b-878f-0100-003f-5bf1e85cd2ac,64804,15815,-98,1597134731285 01022002-f38f-0000-004a-8894a6dd33a4,37906,20027,-81,1597134746519 009bf3f0-f830-35c2-fc0c-11a12eac356a,28863,15427,-88,1597134725604 fda50693-a4e2-4fb1-afcf-c6eb07647825,10196,38689,-98,1597134720880 0102200b-878f-0000-00a8-be0d901b5e31,57023,38549,-77,1597134691145 0102202b-138f-0100-000e-64066f8bfe80,64609,34393,-86,1597134748466 0102202b-878f-0100-0025-76854dde7b95,46748,20020,-77,1597134746377
1597134751341 0102200b-878f-0000-002e-45975ea3a060,60650,1107,-76,1597134636095 fda50693-a4e2-4fb1-afcf-c6eb07647825,10196,38688,-96,1597134686012 0102202b-878f-0100-003f-5bf1e85cd2ac,64804,15815,-98,1597134731286 01022002-f38f-0000-004a-8894a6dd33a4,37906,20027,-81,1597134751340 009bf3f0-f830-35c2-fc0c-11a12eac356a,28863,15427,-88,1597134725604 fda50693-a4e2-4fb1-afcf-c6eb07647825,10196,38689,-98,1597134720879 0102200b-878f-0000-00a8-be0d901b5e31,57023,38549,-77,1597134691145 0102202b-138f-0100-000e-64066f8bfe80,64609,34393,-86,1597134748466 0102202b-878f-0100-0025-76854dde7b95,46748,20020,-77,1597134746376
1597134753575 0102200b-878f-0000-002e-45975ea3a060,60650,1107,-76,1597134636094 fda50693-a4e2-4fb1-afcf-c6eb07647825,10196,38688,-96,1597134686011 0102202b-878f-0100-003f-5bf1e85cd2ac,64804,15815,-98,1597134731285 01022002-f38f-0000-004a-8894a6dd33a4,37906,20027,-81,1597134753575 009bf3f0-f830-35c2-fc0c-11a12eac356a,28863,15427,-88,1597134725605 fda50693-a4e2-4fb1-afcf-c6eb07647825,10196,38689,-98,1597134720879 0102200b-878f-0000-00a8-be0d901b5e31,57023,38549,-77,1597134691145 0102202b-138f-0100-000e-64066f8bfe80,64609,34393,-86,1597134748466 0102202b-878f-0100-0025-76854dde7b95,46748,20020,-77,1597134746376
