Started:Mtr_Ymt_5572a8422e8a67cf_248_353_825_353_1596531863058
248.34271240234375,353.6470031738281 825.413330078125,353.1294250488281 
1596531928671 1596531969846 
1596531954232 005923cb-9c04-c2cf-fda8-98a9daa90dd8,49255,13028,-96,1596531954232
1596531954284 005923cb-9c04-c2cf-fda8-98a9daa90dd8,49255,13028,-96,1596531954232 00f98b14-e387-c376-20b3-f25fcd47c038,26979,16808,-83,1596531954284
1596531958739 005923cb-9c04-c2cf-fda8-98a9daa90dd8,49255,13028,-96,1596531954231 00f98b14-e387-c376-20b3-f25fcd47c038,26979,16808,-83,1596531954284 00ee7926-7df1-bb97-cced-c3cd0a691005,18204,44495,-78,1596531958739
1596531958779 005923cb-9c04-c2cf-fda8-98a9daa90dd8,49255,13028,-96,1596531954231 00f98b14-e387-c376-20b3-f25fcd47c038,26979,16808,-83,1596531954284 00aedb4e-c5b7-ad29-b878-c2b35d9f641e,64302,61401,-88,1596531958779 00ee7926-7df1-bb97-cced-c3cd0a691005,18204,44495,-78,1596531958739
1596531959104 005923cb-9c04-c2cf-fda8-98a9daa90dd8,49255,13028,-96,1596531954231 00f98b14-e387-c376-20b3-f25fcd47c038,26979,16808,-83,1596531954284 00aedb4e-c5b7-ad29-b878-c2b35d9f641e,64302,61401,-88,1596531958779 00ee7926-7df1-bb97-cced-c3cd0a691005,18204,44495,-78,1596531958739 b5b182c7-eab1-4988-aa99-b5c1517008d9,1,38761,-94,1596531959104
1596531963760 005923cb-9c04-c2cf-fda8-98a9daa90dd8,49255,13028,-96,1596531963761 00f98b14-e387-c376-20b3-f25fcd47c038,26979,16808,-83,1596531954283 00aedb4e-c5b7-ad29-b878-c2b35d9f641e,64302,61401,-88,1596531958779 00ee7926-7df1-bb97-cced-c3cd0a691005,18204,44495,-78,1596531958739 b5b182c7-eab1-4988-aa99-b5c1517008d9,1,38761,-94,1596531959104
1596531964356 005923cb-9c04-c2cf-fda8-98a9daa90dd8,49255,13028,-96,1596531963760 00f98b14-e387-c376-20b3-f25fcd47c038,26979,16808,-83,1596531954284 00aedb4e-c5b7-ad29-b878-c2b35d9f641e,64302,61401,-88,1596531958779 00b33721-2ff3-2938-baee-60e6bc8e791c,41115,2902,-87,1596531964356 00ee7926-7df1-bb97-cced-c3cd0a691005,18204,44495,-78,1596531958739 b5b182c7-eab1-4988-aa99-b5c1517008d9,1,38761,-94,1596531959103
1596531969044 005923cb-9c04-c2cf-fda8-98a9daa90dd8,49255,13028,-96,1596531963761 00f98b14-e387-c376-20b3-f25fcd47c038,26979,16808,-83,1596531954284 b5b182c7-eab1-4988-aa99-b5c1517008d9,1,23037,-86,1596531969044 00aedb4e-c5b7-ad29-b878-c2b35d9f641e,64302,61401,-88,1596531958779 00b33721-2ff3-2938-baee-60e6bc8e791c,41115,2902,-87,1596531964356 00ee7926-7df1-bb97-cced-c3cd0a691005,18204,44495,-78,1596531958739 b5b182c7-eab1-4988-aa99-b5c1517008d9,1,38761,-94,1596531959104
1596531969065 005923cb-9c04-c2cf-fda8-98a9daa90dd8,49255,13028,-96,1596531963761 00f98b14-e387-c376-20b3-f25fcd47c038,26979,16808,-83,1596531954284 b5b182c7-eab1-4988-aa99-b5c1517008d9,1,23037,-86,1596531969044 00aedb4e-c5b7-ad29-b878-c2b35d9f641e,64302,61401,-88,1596531958778 00b33721-2ff3-2938-baee-60e6bc8e791c,41115,2902,-87,1596531964356 00ee7926-7df1-bb97-cced-c3cd0a691005,18204,44495,-78,1596531958739 b5b182c7-eab1-4988-aa99-b5c1517008d9,1,6116,-92,1596531969065 b5b182c7-eab1-4988-aa99-b5c1517008d9,1,38761,-94,1596531959104
