Started:Mtr_Ymt_5572a8422e8a67cf_1025_238_773_349_1596531200794
1025.6505126953125,238.90814208984375 767.5634765625,242.49612426757812 773.2547607421875,349.5347900390625 
1596531244755 1596531276685 1596531296347 
1596531249516 0102200b-778f-0000-00f8-58a18add2b0a,18463,3203,-99,1596531249517
1596531259070 0102200b-778f-0000-00f8-58a18add2b0a,18463,3203,-99,1596531249517 b5b182c7-eab1-4988-aa99-b5c1517008d9,1,44824,-80,1596531259070
1596531263720 0102200b-778f-0000-00f8-58a18add2b0a,18463,3203,-99,1596531249517 b5b182c7-eab1-4988-aa99-b5c1517008d9,1,25392,-79,1596531263720 b5b182c7-eab1-4988-aa99-b5c1517008d9,1,44824,-80,1596531259070
1596531263946 b5b182c7-eab1-4988-aa99-b5c1517008d9,1,27772,-84,1596531263946 0102200b-778f-0000-00f8-58a18add2b0a,18463,3203,-99,1596531249517 b5b182c7-eab1-4988-aa99-b5c1517008d9,1,25392,-79,1596531263720 b5b182c7-eab1-4988-aa99-b5c1517008d9,1,44824,-80,1596531259070
1596531264262 b5b182c7-eab1-4988-aa99-b5c1517008d9,1,27772,-84,1596531263946 0102200b-778f-0000-00f8-58a18add2b0a,18463,3203,-99,1596531249517 b5b182c7-eab1-4988-aa99-b5c1517008d9,1,25392,-79,1596531263720 b5b182c7-eab1-4988-aa99-b5c1517008d9,1,44824,-80,1596531259070 b5b182c7-eab1-4988-aa99-b5c1517008d9,1,50110,-96,1596531264262
1596531268616 b5b182c7-eab1-4988-aa99-b5c1517008d9,1,27772,-84,1596531263946 0102200b-778f-0000-00f8-58a18add2b0a,18463,3203,-99,1596531249517 b5b182c7-eab1-4988-aa99-b5c1517008d9,1,25392,-79,1596531263719 b5b182c7-eab1-4988-aa99-b5c1517008d9,1,44824,-80,1596531259070 b5b182c7-eab1-4988-aa99-b5c1517008d9,1,50110,-96,1596531264262 b5b182c7-eab1-4988-aa99-b5c1517008d9,1,27937,-81,1596531268616
1596531268798 b5b182c7-eab1-4988-aa99-b5c1517008d9,1,27772,-84,1596531263946 0102200b-778f-0000-00f8-58a18add2b0a,18463,3203,-99,1596531249517 b5b182c7-eab1-4988-aa99-b5c1517008d9,1,39699,-88,1596531268798 b5b182c7-eab1-4988-aa99-b5c1517008d9,1,25392,-79,1596531263720 b5b182c7-eab1-4988-aa99-b5c1517008d9,1,44824,-80,1596531259070 b5b182c7-eab1-4988-aa99-b5c1517008d9,1,50110,-96,1596531264262 b5b182c7-eab1-4988-aa99-b5c1517008d9,1,27937,-81,1596531268616
1596531269072 b5b182c7-eab1-4988-aa99-b5c1517008d9,1,27772,-84,1596531263946 0102200b-778f-0000-00f8-58a18add2b0a,18463,3203,-99,1596531249517 b5b182c7-eab1-4988-aa99-b5c1517008d9,1,39699,-88,1596531268798 b5b182c7-eab1-4988-aa99-b5c1517008d9,1,25392,-79,1596531263720 b5b182c7-eab1-4988-aa99-b5c1517008d9,1,44824,-80,1596531259070 b5b182c7-eab1-4988-aa99-b5c1517008d9,1,50110,-96,1596531264261 b5b182c7-eab1-4988-aa99-b5c1517008d9,1,38761,-94,1596531269073 b5b182c7-eab1-4988-aa99-b5c1517008d9,1,27937,-81,1596531268616
1596531274318 b5b182c7-eab1-4988-aa99-b5c1517008d9,1,27772,-84,1596531263946 0102200b-778f-0000-00f8-58a18add2b0a,18463,3203,-99,1596531249517 b5b182c7-eab1-4988-aa99-b5c1517008d9,1,39699,-88,1596531268798 b5b182c7-eab1-4988-aa99-b5c1517008d9,1,25392,-79,1596531263720 00480719-97c6-b2be-fea7-596481781005,4888,40376,-90,1596531274318 b5b182c7-eab1-4988-aa99-b5c1517008d9,1,44824,-80,1596531259070 b5b182c7-eab1-4988-aa99-b5c1517008d9,1,50110,-96,1596531264262 b5b182c7-eab1-4988-aa99-b5c1517008d9,1,38761,-94,1596531269073 b5b182c7-eab1-4988-aa99-b5c1517008d9,1,27937,-81,1596531268616
1596531277539 b5b182c7-eab1-4988-aa99-b5c1517008d9,1,59352,-94,1596531277540 b5b182c7-eab1-4988-aa99-b5c1517008d9,1,27772,-84,1596531263946 0102200b-778f-0000-00f8-58a18add2b0a,18463,3203,-99,1596531249517 b5b182c7-eab1-4988-aa99-b5c1517008d9,1,39699,-88,1596531268798 b5b182c7-eab1-4988-aa99-b5c1517008d9,1,25392,-79,1596531263720 00480719-97c6-b2be-fea7-596481781005,4888,40376,-90,1596531274318 b5b182c7-eab1-4988-aa99-b5c1517008d9,1,44824,-80,1596531259070 b5b182c7-eab1-4988-aa99-b5c1517008d9,1,50110,-96,1596531264262 b5b182c7-eab1-4988-aa99-b5c1517008d9,1,38761,-94,1596531269073 b5b182c7-eab1-4988-aa99-b5c1517008d9,1,27937,-81,1596531268615
1596531279244 b5b182c7-eab1-4988-aa99-b5c1517008d9,1,59352,-94,1596531277540 b5b182c7-eab1-4988-aa99-b5c1517008d9,1,27772,-84,1596531263946 0102200b-778f-0000-00f8-58a18add2b0a,18463,3203,-99,1596531249517 b5b182c7-eab1-4988-aa99-b5c1517008d9,1,39699,-88,1596531268798 b5b182c7-eab1-4988-aa99-b5c1517008d9,1,25392,-79,1596531263719 00480719-97c6-b2be-fea7-596481781005,4888,40376,-90,1596531274318 b5b182c7-eab1-4988-aa99-b5c1517008d9,1,44824,-80,1596531259070 b5b182c7-eab1-4988-aa99-b5c1517008d9,1,50110,-96,1596531264262 b5b182c7-eab1-4988-aa99-b5c1517008d9,1,38761,-94,1596531279244 b5b182c7-eab1-4988-aa99-b5c1517008d9,1,27937,-81,1596531268616
1596531279489 b5b182c7-eab1-4988-aa99-b5c1517008d9,1,59352,-94,1596531277540 b5b182c7-eab1-4988-aa99-b5c1517008d9,1,27772,-84,1596531263945 0102200b-778f-0000-00f8-58a18add2b0a,18463,3203,-99,1596531249517 b5b182c7-eab1-4988-aa99-b5c1517008d9,1,39699,-88,1596531268798 b5b182c7-eab1-4988-aa99-b5c1517008d9,1,25392,-79,1596531263720 00480719-97c6-b2be-fea7-596481781005,4888,40376,-90,1596531274318 b5b182c7-eab1-4988-aa99-b5c1517008d9,1,44824,-80,1596531259070 b5b182c7-eab1-4988-aa99-b5c1517008d9,1,50110,-96,1596531264262 b5b182c7-eab1-4988-aa99-b5c1517008d9,1,38761,-94,1596531279243 b5b182c7-eab1-4988-aa99-b5c1517008d9,1,27937,-81,1596531268616 00ff0122-043e-a4c8-d90f-b6bbb9111005,19228,26076,-85,1596531279489
1596531279510 b5b182c7-eab1-4988-aa99-b5c1517008d9,1,59352,-94,1596531277540 b5b182c7-eab1-4988-aa99-b5c1517008d9,1,27772,-84,1596531263946 0102200b-778f-0000-00f8-58a18add2b0a,18463,3203,-99,1596531249517 b5b182c7-eab1-4988-aa99-b5c1517008d9,1,39699,-88,1596531268798 b5b182c7-eab1-4988-aa99-b5c1517008d9,1,6116,-90,1596531279510 b5b182c7-eab1-4988-aa99-b5c1517008d9,1,25392,-79,1596531263720 00480719-97c6-b2be-fea7-596481781005,4888,40376,-90,1596531274318 b5b182c7-eab1-4988-aa99-b5c1517008d9,1,44824,-80,1596531259070 b5b182c7-eab1-4988-aa99-b5c1517008d9,1,50110,-96,1596531264262 b5b182c7-eab1-4988-aa99-b5c1517008d9,1,38761,-94,1596531279244 b5b182c7-eab1-4988-aa99-b5c1517008d9,1,27937,-81,1596531268616 00ff0122-043e-a4c8-d90f-b6bbb9111005,19228,26076,-85,1596531279489
1596531283992 00b43294-0a1d-cc94-1afd-2c045de41006,23326,44739,-74,1596531283992 b5b182c7-eab1-4988-aa99-b5c1517008d9,1,27772,-84,1596531263946 b5b182c7-eab1-4988-aa99-b5c1517008d9,1,38761,-94,1596531279244 b5b182c7-eab1-4988-aa99-b5c1517008d9,1,27937,-81,1596531268616 00ff0122-043e-a4c8-d90f-b6bbb9111005,19228,26076,-85,1596531279489 b5b182c7-eab1-4988-aa99-b5c1517008d9,1,59352,-94,1596531277539 0102200b-778f-0000-00f8-58a18add2b0a,18463,3203,-99,1596531249517 b5b182c7-eab1-4988-aa99-b5c1517008d9,1,39699,-88,1596531268798 b5b182c7-eab1-4988-aa99-b5c1517008d9,1,6116,-90,1596531279510 b5b182c7-eab1-4988-aa99-b5c1517008d9,1,25392,-79,1596531263719 00480719-97c6-b2be-fea7-596481781005,4888,40376,-90,1596531274318 b5b182c7-eab1-4988-aa99-b5c1517008d9,1,44824,-80,1596531259070 b5b182c7-eab1-4988-aa99-b5c1517008d9,1,50110,-96,1596531264262
1596531284257 00b43294-0a1d-cc94-1afd-2c045de41006,23326,44739,-74,1596531283992 b5b182c7-eab1-4988-aa99-b5c1517008d9,1,27772,-84,1596531263946 b5b182c7-eab1-4988-aa99-b5c1517008d9,1,62767,-85,1596531284257 b5b182c7-eab1-4988-aa99-b5c1517008d9,1,38761,-94,1596531279244 b5b182c7-eab1-4988-aa99-b5c1517008d9,1,27937,-81,1596531268616 00ff0122-043e-a4c8-d90f-b6bbb9111005,19228,26076,-85,1596531279488 b5b182c7-eab1-4988-aa99-b5c1517008d9,1,59352,-94,1596531277540 0102200b-778f-0000-00f8-58a18add2b0a,18463,3203,-99,1596531249517 b5b182c7-eab1-4988-aa99-b5c1517008d9,1,39699,-88,1596531268798 b5b182c7-eab1-4988-aa99-b5c1517008d9,1,6116,-90,1596531279510 b5b182c7-eab1-4988-aa99-b5c1517008d9,1,25392,-79,1596531263720 00480719-97c6-b2be-fea7-596481781005,4888,40376,-90,1596531274318 b5b182c7-eab1-4988-aa99-b5c1517008d9,1,44824,-80,1596531259070 b5b182c7-eab1-4988-aa99-b5c1517008d9,1,50110,-96,1596531264261
1596531294489 00b43294-0a1d-cc94-1afd-2c045de41006,23326,44739,-74,1596531283992 b5b182c7-eab1-4988-aa99-b5c1517008d9,1,27772,-84,1596531263946 b5b182c7-eab1-4988-aa99-b5c1517008d9,1,62767,-85,1596531284257 b5b182c7-eab1-4988-aa99-b5c1517008d9,1,38761,-94,1596531279244 01022002-f48f-0000-00da-a0ede9eaca82,17723,43495,-80,1596531294489 b5b182c7-eab1-4988-aa99-b5c1517008d9,1,27937,-81,1596531268616 00ff0122-043e-a4c8-d90f-b6bbb9111005,19228,26076,-85,1596531279489 b5b182c7-eab1-4988-aa99-b5c1517008d9,1,59352,-94,1596531277540 0102200b-778f-0000-00f8-58a18add2b0a,18463,3203,-99,1596531249516 b5b182c7-eab1-4988-aa99-b5c1517008d9,1,39699,-88,1596531268798 b5b182c7-eab1-4988-aa99-b5c1517008d9,1,6116,-90,1596531279510 b5b182c7-eab1-4988-aa99-b5c1517008d9,1,25392,-79,1596531263720 00480719-97c6-b2be-fea7-596481781005,4888,40376,-90,1596531274318 b5b182c7-eab1-4988-aa99-b5c1517008d9,1,44824,-80,1596531259070 b5b182c7-eab1-4988-aa99-b5c1517008d9,1,50110,-96,1596531264262
